# Stress in units of bar (10^5 Pa)
# z	Sxx	Sxy	Sxz	Syx	Syy	Syz	Szx	Szy	Szz
0.0	19.279194763971354	63.71074624621974	14.67579584318692	63.71074624621913	-33.27669473641301	134.45687777107116	14.675795843186728	134.45687777107145	108.81128124502123	
0.05299098428903706	21.231196219284396	53.59234982802002	31.859404431357476	53.59234982801952	4.703304526218027	108.559170899343	31.859404431357298	108.5591708993432	122.4000011884296	
0.10598196857807413	22.545298017585004	40.21369639850426	49.962464830929996	40.213696398503835	41.05369035164241	81.9333106829105	49.96246483092983	81.93331068291059	136.17796232236645	
0.1589729528671112	21.881459618037674	23.26235322111559	68.78038921645965	23.262353221115198	72.75063440379498	57.267217488152205	68.78038921645951	57.26721748815216	150.063058071068	
0.21196393715614825	18.355749010371305	2.486740247351676	88.0165420168108	2.486740247351282	97.77635595358112	36.55203465130096	88.01654201681067	36.55203465130078	163.89680191817652	
0.2649549214451853	11.801095498908746	-22.231306652937008	107.18862862779515	-22.23130665293747	115.31127812783592	20.78520050767547	107.18862862779504	20.785200507675164	177.40808932810123	
0.3179459057342224	2.7982203471428875	-50.49257766461095	125.55875692062158	-50.49257766461152	125.59734285012053	9.91252536815609	125.55875692062146	9.912525368155688	190.20393354123127	
0.37093689002325947	-7.384609709443723	-81.30301708541003	142.12432368617945	-81.30301708541074	129.6547562052176	3.025446681599912	142.12432368617934	3.025446681599444	201.80464598370816	
0.4239278743122965	-17.057388961618457	-113.0867964082008	155.75549565437422	-113.08679640820168	128.96181500498477	-1.2706081795602628	155.75549565437407	-1.270608179560762	211.68324143162067	
0.47691885860133354	-24.389829300534643	-143.9810115366095	165.43476572474776	-143.9810115366105	125.06186638406794	-4.431741652647803	165.4347657247476	-4.431741652648287	219.34506006521144	
0.5299098428903706	-27.901161738106843	-172.27174906340784	170.53789346558398	-172.271749063409	119.15632602298055	-7.6208010108277655	170.5378934655837	-7.620801010828206	224.4116051347165	
0.5829008271794077	-26.598179788654683	-196.65448075346677	171.05771658690566	-196.65448075346802	111.98106679327194	-11.468625101253398	171.0577165869054	-11.468625101253782	226.71827303452307	
0.6358918114684448	-20.352138964679607	-216.43452869824264	167.6562954288033	-216.43452869824395	103.7571329762101	-16.0156126408508	167.656295428803	-16.01561264085111	226.4279706748012	
0.6888827957574818	-9.977177687266348	-231.37633857442125	161.50093226602456	-231.37633857442256	94.2204900509639	-20.83139220032405	161.50093226602434	-20.831392200324284	224.11564434545687	
0.7418737800465189	3.057721355865226	-241.3391867052122	153.9263436536236	-241.33918670521342	83.04276474406002	-25.24903696040531	153.9263436536234	-25.249036960405483	220.78830589320438	
0.794864764335556	16.693351991054513	-245.98759142827794	146.04267026356055	-245.98759142827905	70.06849778882065	-28.644567011795065	146.04267026356047	-28.64456701179517	217.82035816758807	
0.847855748624593	28.998759103286034	-244.61250934397762	138.4506306124668	-244.61250934397864	55.79344399034007	-30.673505048102523	138.45063061246685	-30.673505048102573	216.79450181797083	
0.90084673291363	38.25174336173353	-236.23589519206786	131.16081112623084	-236.23589519206865	41.51407725243258	-31.434140768944523	131.1608111262311	-31.434140768944538	219.22587532286644	
0.9538377172026671	43.32325591385994	-220.06333834360265	123.76983731584419	-220.0633383436034	29.105683192028437	-31.470807902524243	123.76983731584461	-31.470807902524214	226.21471298201706	
1.0068287014917041	43.508365960405534	-195.93403277057573	115.79299336859714	-195.93403277057638	20.71942873554586	-31.592546166356627	115.79299336859773	-31.59254616635657	238.14538861080152	
1.0598196857807411	38.39805511061524	-164.6454814442854	107.06197876834267	-164.64548144428585	18.080006613863844	-32.6268008389021	107.06197876834341	-32.62680083890203	254.48497029262393	
1.1128106700697784	27.95961778120347	-128.01433568366716	97.97526566749792	-128.01433568366753	21.872273321708214	-35.133461755978416	97.97526566749877	-35.13346175597832	273.768225090947	
1.1658016543588154	12.561140116979345	-88.70691708708435	89.53430564741967	-88.70691708708468	31.436551053875696	-39.14569416810769	89.53430564742058	-39.1456941681076	293.79427933749355	
1.2187926386478525	-6.535248370930013	-49.73122549739456	83.13443001865352	-49.73122549739483	44.727311907505204	-44.062722433190494	83.13443001865441	-44.06272243319042	312.003678226488	
1.2717836229368895	-27.166846333339834	-13.925413980096017	80.20857789249098	-13.925413980096252	58.71208790631603	-48.66650027659645	80.20857789249189	-48.66650027659641	326.03006592516306	
1.3247746072259265	-46.0628497353259	16.3910309238589	81.82540850972633	16.39103092385866	70.47084541252055	-51.296579309948214	81.82540850972717	-51.29657930994819	334.27619206448094	
1.3777655915149636	-59.33857014965949	39.62570355086378	88.36563474091432	39.62570355086354	77.70289252819475	-50.14136423941523	88.36563474091513	-50.14136423941526	336.3981184143421	
1.4307565758040006	-63.00541098241678	54.8371142943453	99.37857556890407	54.837114294345085	80.00557537836627	-43.59193646039054	99.37857556890481	-43.59193646039061	333.4982415637762	
1.4837475600930379	-53.89274524203806	61.907180482266796	113.5797568547846	61.90718048226658	78.78744104279423	-30.624295278554193	113.5797568547853	-30.624295278554264	328.02177394830153	
1.536738544382075	-30.412775113322354	61.51263437974309	128.98405971150135	61.512634379742906	76.64672573632026	-11.129782601953085	128.98405971150197	-11.129782601953185	323.2133884163625	
1.589729528671112	7.141904133228792	54.87882846708307	143.1538138115658	54.87882846708294	79.02581590313018	13.925748642131303	143.15381381156638	13.925748642131222	322.21107764791196	
1.642720512960149	56.3843683598876	44.682381113054156	153.58111609019903	44.682381113054106	87.55651948151429	42.559225896358996	153.58111609019954	42.559225896358946	327.02906327641335	
1.695711497249186	113.69958309497397	33.688084419386655	158.12693462940598	33.68808441938675	105.39524618330599	72.08432656926685	158.12693462940646	72.08432656926684	337.7253740690765	
1.748702481538223	174.7113884499847	25.02480952105819	155.52424240970623	25.02480952105837	132.58646588593894	99.6766876800957	155.5242424097067	99.67668768009571	352.10149795499814	
1.80169346582726	235.78563588932437	21.059275468510904	145.7166399730358	21.059275468511196	167.82602121416596	122.9441540713254	145.71663997303614	122.9441540713255	366.13125954571717	
1.8546844501162971	294.61828027489906	22.96390631891873	129.94451014194726	22.9639063189191	208.8914100987048	140.47239712148547	129.94451014194757	140.4723971214856	375.036227861156	
1.9076754344053342	350.49084378907025	30.202449972646043	110.44590889239709	30.20244997264646	253.95271510507314	152.0766236952379	110.44590889239733	152.07662369523814	374.7505801745723	
1.9606664186943714	403.97120659951173	40.73168740276432	89.8285355903754	40.73168740276477	302.3904827473031	158.74451661251715	89.8285355903756	158.7445166125175	363.2701972038126	
2.0136574029834082	456.19700268779656	51.554673851303534	70.32746742874959	51.55467385130396	355.3658672866235	162.243291741511	70.32746742874973	162.24329174151137	341.4461144979087	
2.0666483872724455	507.5766649692505	59.380442391111174	53.207459010723305	59.38044239111158	415.37235442792735	164.57104689861123	53.207459010723426	164.57104689861163	312.9826938635553	
2.1196393715614823	557.4112587239534	61.60715459819264	38.531311823204845	61.60715459819293	485.1995097266052	167.379951724113	38.53131182320496	167.37995172411343	283.62375010916514	
2.1726303558505196	603.7717553451039	56.85541168171945	25.33801108443862	56.855411681719744	565.721443967288	171.52663448155025	25.338011084438726	171.52663448155064	259.8260388920014	
2.225621340139557	643.5739337354165	45.57854252213285	12.132528817346657	45.578542522132985	653.9522397369466	176.9290314261803	12.132528817346792	176.92903142618067	247.26981565644752	
2.2786123244285936	673.3955702694227	29.965157172183808	-2.5455527176522255	29.965157172183922	742.0286603852339	182.68911242939265	-2.545552717652053	182.689112429393	249.61105146146645	
2.331603308717631	689.7972980018402	13.560104650702755	-19.678661056647968	13.56010465070284	817.8984776507923	187.46168984042623	-19.678661056647773	187.46168984042646	267.71292660406596	
2.3845942930066677	690.0044586501074	0.4495576093929685	-39.55214747397219	0.44955760939285483	868.1764648313842	189.93565005871653	-39.55214747397195	189.93565005871673	299.4670347565231	
2.437585277295705	672.262326845279	-5.968140244551137	-61.75376054473881	-5.968140244551023	882.1226972211557	189.26375737245164	-61.75376054473854	189.26375737245178	340.23777604312045	
2.4905762615847418	636.2915185317619	-4.0531872297133305	-85.32370025594673	-4.053187229713444	855.2260165937791	185.30329948864784	-85.32370025594646	185.30329948864795	383.7954341243252	
2.543567245873779	583.5914451670873	5.5972954095639125	-108.92128408660824	5.5972954095639125	790.6915504458841	178.5687736203164	-108.92128408660795	178.5687736203165	423.6096172913965	
2.5965582301628163	517.3505023438034	20.335736907769252	-131.0378244280816	20.33573690776946	698.1252005648055	169.94143110940482	-131.0378244280813	169.9414311094049	454.1771747610836	
2.649549214451853	442.14206816997597	36.339427341438295	-150.17995888059517	36.339427341438444	590.1343711066418	160.26027575315507	-150.1799588805949	160.26027575315516	472.11366979774675	
2.7025401987408904	362.96920214900763	49.864745928358204	-165.06983761107222	49.864745928358396	478.53170478596417	149.99541407719582	-165.06983761107202	149.99541407719593	476.7865038394974	
2.755531183029927	284.60468963493736	58.360075940575406	-174.8205502138109	58.36007594057553	371.79105037449904	139.11489215815993	-174.82055021381072	139.11489215816007	470.2639207140279	
2.8085221673189644	210.70833022053557	60.89106262855594	-179.0869146338689	60.891062628556014	274.3681550673057	127.27832840114345	-179.08691463386873	127.2783284011436	456.73457865982755	
2.8615131516080012	143.53656056842107	58.09780674103553	-178.09732426779976	58.09780674103559	187.99042433500426	114.2043173113224	-178.09732426779962	114.20431731132251	441.4674948047797	
2.9145041358970385	84.29066966762458	51.70825607242533	-172.56397788331222	51.70825607242532	113.17419493083779	99.99185542237738	-172.56397788331208	99.99185542237747	429.5666201328103	
2.9674951201860758	33.40277870434669	43.75209172759918	-163.4723519562765	43.75209172759914	50.6389743132452	85.29214550831202	-163.47235195627636	85.29214550831207	424.8090055420091	
3.0204861044751126	-9.019779074619791	36.12449363079034	-151.8300263782351	36.12449363079024	1.490854988313302	71.1829781307592	-151.83002637823498	71.18297813075922	428.6881505190135	
3.07347708876415	-43.096262508901034	30.389365906921697	-138.40359947623153	30.389365906921604	-33.68533099232812	58.83599920800039	-138.40359947623142	58.83599920800037	439.9166600961588	
3.1264680730531866	-69.45543661066259	27.825202745519377	-123.56980213979881	27.82520274551925	-55.29852225886041	49.15350195168787	-123.56980213979875	49.153501951687836	454.52806242958786	
3.179459057342224	-89.66904615897585	29.58612591130678	-107.31728186625107	29.586125911306638	-65.71910448406601	42.5369449033209	-107.317281866251	42.53694490332085	466.64568406764386	
3.2324500416312607	-106.27903148395066	36.56806316799367	-89.31011815488819	36.568063167993536	-68.56931249485373	38.91878577642244	-89.31011815488813	38.91878577642238	469.746297935577	
3.285441025920298	-122.59417755466504	49.27156199266265	-69.0428523625181	49.2715619926625	-67.87203059590983	37.976084823617256	-69.04285236251809	37.97608482361721	458.25524207125125	
3.3384320102093348	-141.85032441512982	67.4261428903447	-46.06841965051691	67.42614289034455	-68.23007802569224	39.36784340916134	-46.06841965051691	39.36784340916131	428.96274995178345	
3.391422994498372	-165.99713613628643	89.21903507696626	-20.247547833208927	89.21903507696611	-70.17696284911426	42.87260212330979	-20.247547833208973	42.87260212330978	381.85783457614684	
3.4444139787874093	-195.07732959471392	112.27570089254894	8.016453896023789	112.2757008925488	-76.11001486367543	48.33088939892744	8.016453896023732	48.33088939892744	320.1740323372521	
3.497404963076446	-226.4535918247445	133.2089968223942	37.57172448132734	133.20899682239408	-85.20914020889225	55.42747218528806	37.57172448132728	55.42747218528809	249.67836249929348	
3.5503959473654834	-255.70520191873058	148.94432671967587	66.48910330196726	148.94432671967576	-96.4768212649019	63.50493084564034	66.4891033019672	63.50493084564038	177.4853614817181	
3.60338693165452	-277.3052734948978	157.22134069503127	92.23499674586733	157.22134069503122	-108.61111777117436	71.42241955777008	92.23499674586728	71.42241955777013	110.78664761721583	
3.6563779159435574	-286.24630709113836	157.40863793791178	112.11151596375765	157.40863793791175	-120.08120889188473	77.65102347470238	112.11151596375758	77.65102347470243	55.752872944906606	
3.7093689002325942	-279.5375132531066	150.32871663484562	123.88426257128393	150.32871663484565	-129.09215306096658	80.51189355204303	123.88426257128387	80.51189355204306	16.78838738243481	
3.7623598845216315	-257.0673798319641	138.09820903097258	126.41530884524244	138.09820903097267	-133.77244123694035	78.50874571994447	126.41530884524238	78.5087457199445	-3.9161302168172725	
3.8153508688106683	-221.66142063525663	123.45396598621684	120.0877793861855	123.45396598621696	-132.31979849695796	70.63432930559084	120.08777938618543	70.63432930559085	-6.554294498496404	
3.8683418530997056	-178.6944341004439	109.08237076393853	106.7996839284545	109.08237076393871	-123.75528665002633	56.645868927261816	106.79968392845444	56.64586892726182	6.464121768245981	
3.921332837388743	-134.84043020505015	97.19231815546051	89.49551572527967	97.19231815546075	-108.09989521956987	37.20772309744933	89.49551572527957	37.20772309744932	30.97992418721374	
3.9743238216777796	-96.2041286757978	89.03687886782785	71.38220902816079	89.03687886782812	-86.57544523639037	13.843949295850875	71.38220902816067	13.84394929585084	61.9252065337615	
4.0273148059668165	-67.31864130082586	84.96474826527366	55.01427873871144	84.96474826527388	-61.331864186798654	-11.235643455330212	55.01427873871132	-11.235643455330255	94.39831430409953	
4.080305790255854	-49.97617056269625	84.33479688621432	41.6430157394706	84.33479688621456	-34.84775678997881	-35.48788132621113	41.64301573947046	-35.487881326211195	124.76536289499506	
4.133296774544891	-43.12243925340737	85.84781686673993	30.998405418907687	85.84781686674015	-9.021402329462234	-56.51635807077848	30.998405418907538	-56.516358070778544	151.38284693211983	
4.186287758833928	-43.40390388477664	87.92946821871325	21.62333529338902	87.92946821871347	14.982400356830993	-72.52651021099003	21.623335293388877	-72.5265102109901	174.65776607815965	
4.239278743122965	-46.333048704379216	89.13127177768406	11.620862134530874	89.13127177768426	36.89689197831933	-82.69174515962791	11.62086213453076	-82.69174515962794	196.5011187369059	
4.292269727412002	-47.19058315296061	88.56693911935305	-0.5213232427624206	88.56693911935321	56.99654676830971	-87.23195950634162	-0.5213232427624988	-87.23195950634167	219.27847858150443	
4.345260711701039	-41.974862093970174	86.02306105118973	-15.273362251660734	86.02306105118987	75.40027617420282	-87.21193682743211	-15.273362251660782	-87.21193682743211	244.7631191186735	
4.398251695990076	-27.71926740201134	81.93716198653979	-31.893649937983582	81.9371619865399	91.83972499384724	-84.09588529880507	-31.893649937983565	-84.09588529880509	273.4785115885077	
4.451242680279114	-2.306275844706903	76.87722352022197	-48.742151298046494	76.87722352022217	105.5886944696904	-79.24056379371845	-48.74215129804644	-79.24056379371845	304.58534448325986	
4.50423366456815	35.393648910509214	71.14616751735187	-63.85202170793757	71.14616751735201	116.0422532844374	-73.43789208831454	-63.85202170793745	-73.43789208831453	336.36136771271117	
4.557224648857187	85.79146679720641	64.59782311277777	-75.54106883715646	64.5978231127779	123.78653442611946	-66.71456034677917	-75.54106883715629	-66.71456034677918	366.95732243159716	
4.6102156331462245	148.44251780524593	56.597218464030966	-82.81138254294795	56.59721846403112	130.87628184378582	-58.46066682532476	-82.81138254294775	-58.46066682532477	395.1103018991628	
4.663206617435262	221.75141664618008	46.367861160210055	-85.4409730446366	46.36786116021025	141.2081956840366	-47.85989655888747	-85.44097304463638	-47.85989655888753	420.53290637810716	
4.716197601724299	302.9048127860177	33.45097257267297	-83.85139906868234	33.45097257267317	159.60960546426892	-34.44347953096008	-83.85139906868207	-34.44347953096019	443.8181941192478	
4.769188586013335	388.03225518442605	18.043442393914056	-78.86768270394471	18.043442393914308	190.47908275450314	-18.519033904027772	-78.86768270394441	-18.51903390402792	465.9990449395019	
4.822179570302373	472.0828648623844	0.9989205051936345	-71.50910840931161	0.9989205051939152	236.17387366375402	-1.2804666010858656	-71.50910840931131	-1.2804666010860712	487.93989771562605	
4.87517055459141	549.6285355815119	-16.26910156787713	-62.8202849934888	-16.269101567876838	295.7686436371707	15.502512287738565	-62.8202849934885	15.502512287738302	509.73555949100677	
4.928161538880447	615.0539519523091	-32.24299107587025	-53.7246848548658	-32.24299107586994	364.7674939830372	30.084441212376355	-53.72468485486557	30.084441212376056	530.3448796870617	
4.9811525231694835	663.2542611637828	-45.549803844964714	-44.88491959566896	-45.5498038449644	436.0000205290176	41.36975932474303	-44.88491959566877	41.3697593247427	547.5903106240041	
5.034143507458521	690.1918155429687	-55.21052373416649	-36.55884944273048	-55.21052373416618	501.35613040340075	49.283733729785	-36.558849442730335	49.28373372978468	558.5002609751145	
5.087134491747558	693.3779660384471	-60.47279876123451	-28.549039996504963	-60.47279876123418	553.8576844196381	54.708948306897774	-28.54903999650488	54.70894830689745	559.9910129079642	
5.140125476036595	672.2775737868611	-61.004841054710894	-20.353342321821884	-61.004841054710624	589.4653586773061	59.01856735184606	-20.353342321821852	59.01856735184577	549.6815201651403	
5.193116460325633	628.4430274084216	-56.80461404040986	-11.469725601942836	-56.804614040409604	607.6344604766689	63.4077168998815	-11.469725601942814	63.40771689988127	526.6139233712461	
5.246107444614669	565.2758567920828	-48.42500928396682	-1.7640811911180023	-48.42500928396661	611.1259009007271	68.32093158097452	-1.7640811911180094	68.32093158097436	491.68506431615697	
5.299098428903706	487.4956026262798	-37.13192882047672	8.292524001527285	-37.131928820476574	604.4632499340372	73.20130555179314	8.292524001527294	73.20130555179304	447.65700233209924	
5.3520894131927435	400.44651528727604	-24.797415153076617	17.642185242652822	-24.797415153076557	592.3125427008865	76.67052033562604	17.64218524265285	76.67052033562604	398.69389874737107	
5.405080397481781	309.39804933930077	-13.799772190980406	24.9670828850413	-13.799772190980457	577.9513679601424	77.05326747291035	24.96708288504135	77.05326747291039	349.6348495529506	
5.458071381770817	219.08419004154644	-6.281320566216564	29.124754575068366	-6.281320566216749	562.7952461842747	72.98718658536129	29.124754575068437	72.98718658536137	305.1368100812131	
5.511062366059854	133.2919747409828	-3.8757054107111983	29.54178261304294	-3.875705410711472	546.7768358497867	63.940941300465084	29.541782613043004	63.940941300465184	268.92018229019027	
5.564053350348892	54.864777130303246	-7.102429507522039	26.382043078027408	-7.10242950752243	529.1093881028013	50.416437304082336	26.38204307802746	50.41643730408242	243.2236742443276	
5.617044334637929	-14.274886394311807	-15.439376887883945	20.45858804179745	-15.439376887884407	509.4607643229574	33.79375299975028	20.458588041797466	33.793752999750325	228.5298147948298	
5.670035318926966	-72.86909050274556	-27.355496357058623	12.913078841857143	-27.35549635705916	488.37030643792497	15.95217402738455	12.913078841857107	15.952174027384533	223.66371955249372	
5.7230263032160025	-120.16016654989235	-40.684983916805706	4.832026418511178	-40.68498391680633	467.2771581610719	-1.2125074336812318	4.832026418511088	-1.2125074336813135	226.17677595502096	
5.77601728750504	-155.40665405588456	-53.10490648513477	-3.034717094900161	-53.104906485135494	447.8996064666948	-16.221547191302072	-3.034717094900304	-16.22154719130221	232.99039364680434	
5.829008271794077	-177.8559622511304	-62.54621854050092	-10.441859270517483	-62.54621854050175	431.4374289810978	-28.245644751474757	-10.441859270517662	-28.24564475147495	241.15149614800612	
5.881999256083114	-186.6232346094118	-67.62213813301787	-17.613473945375777	-67.6221381330188	417.8633191254054	-37.104805456620966	-17.613473945375972	-37.10480545662118	248.5864083428778	
5.9349902403721515	-180.94002134322392	-67.79879762475846	-25.12907633902465	-67.79879762475954	406.04405450562524	-43.144582819311765	-25.12907633902484	-43.144582819311985	254.57390109819113	
5.987981224661188	-160.42178734365467	-63.56211169758558	-33.74917046228789	-63.562111697586786	393.8103162774189	-47.016945301865476	-33.74917046228806	-47.01694530186568	259.76248086215213	
6.040972208950225	-125.54772839295755	-56.28092276892307	-44.19927847758552	-56.28092276892441	378.9376894278563	-49.51105908155904	-44.199278477585636	-49.51105908155922	265.7741117833886	
6.093963193239262	-77.91343903333095	-47.836844840288386	-56.97680935727814	-47.836844840289835	360.08651117761616	-51.38163503037238	-56.97680935727823	-51.38163503037251	274.46109186787794	
6.1469541775283	-20.11527259278658	-40.261542389265294	-72.15924136098155	-40.2615423892668	337.380080211455	-53.21857138741025	-72.15924136098162	-53.21857138741036	287.06743903321035	
6.199945161817336	44.310534631945615	-35.03086058366398	-89.26239332628764	-35.0308605836655	312.75338158080046	-55.32103950030887	-89.26239332628771	-55.321039500308956	303.6382274216775	
6.252936146106373	111.61054481895616	-32.84877132551888	-107.2463125216208	-32.84877132552042	289.50319434120513	-57.61467055272071	-107.2463125216209	-57.61467055272078	322.8093769662914	
6.3059271303954105	178.03529018539717	-33.47521912132944	-124.626288408857	-33.47521912133099	271.53037030678314	-59.65716318894086	-124.62628840885716	-59.65716318894089	342.0812053446922	
6.358918114684448	240.19794577174443	-35.68357877351944	-139.7414351223581	-35.68357877352099	262.50915843717553	-60.75212577979087	-139.74143512235838	-60.7521257797909	358.46765161097636	
6.411909098973485	295.3320173186803	-37.84986136141032	-151.12322259830543	-37.84986136141181	264.93880189995264	-60.143249358999896	-151.1232225983058	-60.14324935899991	369.2573698554253	
6.464900083262521	341.24044868325166	-38.2224562894299	-157.84346588673736	-38.222456289431435	279.6238936032478	-57.28439590690799	-157.84346588673787	-57.284395906907974	372.7065677541907	
6.517891067551559	376.4307758481006	-35.595749659089556	-159.75324961253997	-35.59574965909106	305.54292428082755	-52.03616973062059	-159.7532496125405	-52.03616973062057	368.44042912772886	
6.570882051840596	400.3438446198711	-29.56486546064619	-157.5289253941461	-29.564865460647628	340.2693485048064	-44.693780137523696	-157.52892539414665	-44.693780137523646	357.47484092911304	
6.623873036129633	413.37532622507854	-20.705252069635133	-152.48075510525044	-20.7052520696365	380.4890844262066	-35.874946019937404	-152.48075510525092	-35.87494601993733	341.90386858890076	
6.6768640204186696	417.16832739973836	-10.308564517237958	-146.20032812398148	-10.30856451723921	422.82536124877373	-26.292330253307515	-146.20032812398185	-26.29233025330742	324.3560828389576	
6.729855004707707	414.17023003310356	0.039984323392083354	-140.1493890912004	0.0399843233909607	464.36885622617126	-16.537004985992215	-140.14938909120065	-16.53700498599209	307.3423928343629	
6.782845988996744	407.289539101953	8.952023917526493	-135.32904559853264	8.952023917525528	503.23264941686836	-6.966869394283839	-135.32904559853273	-6.966869394283693	292.68907758319347	
6.835836973285781	399.18023362749875	15.676805468106222	-132.12805820408875	15.676805468105423	538.4946558324418	2.256571068547987	-132.12805820408875	2.256571068548169	281.1497310621155	
6.888827957574819	391.61643212662	20.351259449391087	-130.38913417913702	20.35125944939044	569.9413128519625	11.012554207755112	-130.38913417913687	11.012554207755331	272.29686213022785	
6.941818941863855	385.03861462455586	24.006980096464055	-129.65330310509594	24.006980096463543	597.4373834597385	19.0552106007602	-129.6533031050958	19.055210600760446	264.6934116652236	
6.994809926152892	378.81884125032417	28.327854318648903	-129.4517341533526	28.327854318648455	620.2973076617046	25.903525123187496	-129.45173415335248	25.903525123187762	256.3160746619886	
7.0478009104419295	371.5868627027879	35.29463871743863	-129.5274430871916	35.29463871743826	637.034309175114	30.893498520673	-129.52744308719156	30.89349852067326	245.09700504117546	
7.100791894730967	361.92127359994475	46.74048258264493	-129.92835106142465	46.74048258264463	645.3416613335186	33.346244568062524	-129.9283510614247	33.34624456806277	229.47297492995747	
7.153782879020003	348.98430100733475	63.747419249733355	-130.9286461412858	63.74741924973307	642.7045369445091	32.779856330153486	-130.92864614128598	32.77985633015372	208.74832417312555	
7.20677386330904	332.70418425200523	86.26561223936196	-132.8189404227165	86.26561223936164	626.9845090835252	29.116120444386468	-132.81894042271676	29.11612044438669	183.20967305635872	
7.259764847598078	313.8288532920241	112.79068410610867	-135.6743242459928	112.7906841061084	597.1982821448764	22.74806280509483	-135.67432424599315	22.748062805095053	153.95114325324096	
7.312755831887115	293.4679238637681	140.34909253209952	-139.19966640182926	140.34909253209926	554.0824140643088	14.507719219931252	-139.19966640182963	14.507719219931513	122.50044431719263	
7.365746816176152	272.78910455440456	165.06137500835524	-142.73914887442413	165.061375008355	500.0478246880121	5.543902094971923	-142.73914887442447	5.543902094972234	90.40024355667985	
7.4187378004651885	252.75574209696458	182.7585584424445	-145.46441435446891	182.75855844244424	438.9863525222423	-2.836176384068798	-145.46441435446923	-2.8361763840684318	58.88080041550748	
7.471728784754226	233.9950959194931	190.00082037608337	-146.69489363912524	190.00082037608308	375.63580967030634	-9.327695386637497	-146.69489363912552	-9.327695386637089	28.766384516401114	
7.524719769043263	216.9221881629768	184.97480641559093	-146.21222421122764	184.97480641559065	314.8307057849013	-12.774181107281262	-146.21222421122783	-12.774181107280848	0.5731015235520598	
7.5777107533323	201.77975007626284	167.86026498804142	-144.44519568061187	167.86026498804117	260.7517071830506	-12.32637723178967	-144.44519568061204	-12.326377231789293	-25.234109905668426	
7.630701737621337	188.71935051661606	140.92147037667598	-142.4240061618498	140.9214703766759	216.27245130251936	-7.598342427079041	-142.42400616184992	-7.598342427078771	-48.01473232923658	
7.683692721910374	177.68096878458505	107.77528813976969	-141.50368687078847	107.77528813976969	182.49946673820466	1.2057539120932077	-141.5036868707886	1.2057539120933285	-66.84894273213342	
7.736683706199411	168.3018499577555	72.57947416823279	-142.94401611723384	72.57947416823295	158.729023096913	13.260352998415192	-142.94401611723396	13.26035299841513	-80.61769163051589	
7.789674690488448	159.9130704186045	39.003202724636765	-147.51475392591274	39.00320272463707	142.65931704529655	27.24472690443779	-147.51475392591286	27.244726904437513	-88.23729492290875	
7.842665674777486	151.80279581812496	9.55438781464603	-155.22117643650373	9.554387814646514	130.97536925690275	41.60817690136611	-155.22117643650384	41.60817690136562	-88.96826011817886	
7.895656659066522	143.35694440758346	-14.62294851267707	-165.25923839600802	-14.622948512676444	120.16463622880951	54.93656627343455	-165.2592383960082	54.93656627343387	-82.66358475724073	
7.948647643355559	134.48348818680086	-33.63388782973235	-176.19005351581202	-33.633887829731634	107.3372993616706	66.27424891345194	-176.1900535158122	66.2742489134511	-69.91623601485936	
8.001638627644596	125.54279050304204	-48.267537258526346	-186.2420327940448	-48.26753725852561	90.90185156829094	75.30749823981438	-186.2420327940451	75.30749823981346	-52.044896331953225	
8.054629611933633	117.29649329068347	-59.50955666647125	-193.6748881727829	-59.50955666647051	70.7790178778651	82.31754361722194	-193.67488817278317	82.31754361722095	-30.929572749801046	
8.10762059622267	110.43185201154249	-68.25122333345456	-197.10919199625036	-68.25122333345388	48.17743909291489	87.92351246058166	-197.10919199625067	87.92351246058067	-8.748637647866884	
8.160611580511707	105.33114601176243	-74.9970316386944	-195.767997384513	-74.9970316386938	25.002427875952364	92.74154935635629	-195.76799738451334	92.74154935635539	12.338293426499739	
8.213602564800745	101.8366350888754	-80.08371483927932	-189.5903734153785	-80.08371483927883	3.2391134039354625	97.07848347625752	-189.59037341537893	97.07848347625675	30.483932599156926	
8.266593549089782	99.44741017745892	-83.57349111931987	-179.20242170549236	-83.57349111931947	-15.532916326687761	100.80173441515618	-179.2024217054928	100.80173441515558	44.38362616077646	
8.31958453337882	97.56378279246847	-85.41120045635937	-165.75208952777626	-85.41120045635901	-30.39749538894253	103.42782250611982	-165.75208952777675	103.42782250611938	53.391082667478564	
8.372575517667856	95.78464377301671	-85.4010839436189	-150.674223378989	-85.40108394361857	-41.047442443759216	104.41457125635065	-150.67422337898952	104.41457125635037	57.53670924079417	
8.425566501956894	94.04360616725288	-83.15979001890756	-135.41299972818365	-83.15979001890724	-47.68571658178413	103.52894862368993	-135.41299972818416	103.5289486236898	57.415658495500224	
8.47855748624593	92.48294126622105	-78.18858203654872	-121.1778029774376	-78.18858203654837	-50.99014627309133	101.1422303998742	-121.17780297743809	101.14223039987418	54.03435909136849	
8.531548470534966	91.1145650723819	-69.94773274556827	-108.79108983752414	-69.94773274556792	-52.28608379659659	98.32061353273274	-108.79108983752457	98.32061353273278	48.63115778859115	
8.584539454824004	89.6850386548022	-58.15404230821467	-98.60698133248697	-58.15404230821436	-53.43975175141615	96.65082942225033	-98.60698133248732	96.65082942225041	42.49029662250755	
8.637530439113041	87.57274635996274	-42.889011584414156	-90.52563064372578	-42.88901158441393	-56.670016573303315	97.83781162570747	-90.52563064372607	97.83781162570756	36.79906846684297	
8.690521423402078	83.99241710171825	-24.778372866839756	-84.07872399481175	-24.778372866839653	-63.81114436243345	103.20505390578967	-84.078723994812	103.20505390578974	32.55044722881283	
8.743512407691115	78.27940307037031	-4.9570992748919	-78.56430332209828	-4.957099274891948	-75.68095148150849	113.2426511319095	-78.56430332209851	113.24265113190953	30.47469131009875	
8.796503391980153	70.23151382399892	15.098150177399438	-73.19853870675485	15.098150177399205	-91.4984324056118	127.34339372180888	-73.19853870675507	127.3433937218089	31.012747450419052	
8.84949437626919	60.26104109480755	33.79466154552148	-67.26269234936566	33.794661545521066	-108.73354702971628	143.80333518849417	-67.26269234936586	143.8033351884942	34.309456136386565	
8.902485360558227	49.32130858386846	49.80263451244958	-60.20248460530412	49.80263451244901	-123.79198229156343	160.10873698536818	-60.20248460530432	160.10873698536824	40.24879508176831	
8.955476344847265	38.63300771632675	62.12336566549906	-51.66266655977091	62.12336566549837	-132.7419368381689	173.3995032947159	-51.66266655977114	173.39950329471606	48.50474697886101	
9.0084673291363	29.450386123502774	70.2931817051086	-41.482807069585846	70.29318170510784	-132.4654360549375	181.0358611251075	-41.48280706958608	181.03586112510763	58.61975855199322	
9.061458313425337	22.78904072980629	74.27030366161479	-29.650268434244175	74.27030366161401	-121.37905431336563	181.1131472393526	-29.65026843424441	181.11314723935286	70.10210165835129	
9.114449297714375	19.066193863613677	74.26035634386177	-16.24835215800246	74.26035634386102	-99.6955009424299	172.84657662820285	-16.248352158002685	172.84657662820314	82.50160529490677	
9.167440282003412	18.14817808949197	70.6489305943484	-1.4175142788500432	70.64893059434773	-69.29908519163132	156.7327845976333	-1.4175142788502555	156.7327845976336	95.47510783401513	
