# z	Sxx	Sxy	Sxz	Syx	Syy	Syz	Szx	Szy	Szz
-3.876276690312814743e+00 -2.303425098306136078e+02 6.613946089392155159e+01 -1.634069831167551570e+02 6.613946089392277372e+01 -2.773124547470205812e+02 6.723221948288836813e+01 -1.634069831167560096e+02 6.723221948288774286e+01 1.226002213969948862e+01
-3.826102672496173973e+00 -2.262868912050754204e+02 6.381635778782979429e+01 -1.622938905974599493e+02 6.381635778783098800e+01 -2.769577676066671188e+02 7.035652520693226109e+01 -1.622938905974607735e+02 7.035652520693159317e+01 1.431770399293222340e+01
-3.775928654679532315e+00 -2.179362466676984127e+02 6.165556029485993150e+01 -1.603297281767519848e+02 6.165556029486102574e+01 -2.739919346465436547e+02 7.660270950870427953e+01 -1.603297281767527807e+02 7.660270950870359741e+01 1.881804369210402683e+01
-3.725754636862891545e+00 -2.047661156959035793e+02 6.363604019314279725e+01 -1.579744242591769705e+02 6.363604019314375648e+01 -2.645878516969851262e+02 8.588150565920683732e+01 -1.579744242591777379e+02 8.588150565920611257e+01 2.638286114198762178e+01
-3.687790309523125032e+00 -1.863428801317860177e+02 7.365730791020692436e+01 -1.557489259587276536e+02 7.365730791020773438e+01 -2.443754950931061103e+02 9.786059945770821855e+01 -1.557489259587283073e+02 9.786059945770745117e+01 3.755290634079981515e+01
-3.637616291706484262e+00 -1.623242456916031529e+02 9.391475663669186247e+01 -1.540566392954388277e+02 9.391475663669247353e+01 -2.095877210677926996e+02 1.118398408241467621e+02 -1.540566392954393962e+02 1.118398408241459663e+02 5.248248980205335101e+01
-3.587442273889842603e+00 -1.328673231322239587e+02 1.239669383367177318e+02 -1.530128849591930020e+02 1.239669383367182007e+02 -1.583962476023527870e+02 1.267315260652803204e+02 -1.530128849591934284e+02 1.267315260652795246e+02 7.069177379008760909e+01
-3.537268256073201833e+00 -9.878274108531911679e+01 1.604626684264820256e+02 -1.523218918589910231e+02 1.604626684264823666e+02 -9.145972699174188847e+01 1.411162412999989897e+02 -1.523218918589913642e+02 1.411162412999981939e+02 9.100270468497619447e+01
-3.487094238256560619e+00 -6.162048706046856239e+01 1.980867516258924184e+02 -1.512824824773621515e+02 1.980867516258925889e+02 -1.227320710661006586e+01 1.534258854350070465e+02 -1.512824824773623504e+02 1.534258854350063075e+02 1.116992282715301172e+02
-3.436920220439919404e+00 -2.363402852049871683e+01 2.307878791992796437e+02 -1.489208828496165040e+02 2.307878791992796721e+02 7.338810109422041705e+01 1.621750407742527500e+02 -1.489208828496166177e+02 1.621750407742520395e+02 1.308740494093349298e+02
-3.386746202623278634e+00 1.226115996400491781e+01 2.533985843687779038e+02 -1.442180087663344068e+02 2.533985843687778470e+02 1.580577917201484865e+02 1.661984257382836745e+02 -1.442180087663344068e+02 1.661984257382830492e+02 1.468430171526279082e+02
-3.336572184806636976e+00 4.293863821879001819e+01 2.627805445643116400e+02 -1.363414310014685782e+02 2.627805445643115831e+02 2.340283771366987935e+02 1.648821331462736737e+02 -1.363414310014685213e+02 1.648821331462731052e+02 1.584914630572281737e+02
-3.286398166989996206e+00 6.517008429289849403e+01 2.586039815318867454e+02 -1.248323330038802510e+02 2.586039815318865749e+02 2.944602878052078836e+02 1.582793711157265761e+02 -1.248323330038801089e+02 1.582793711157260645e+02 1.654511289612336782e+02
-3.236224149173354547e+00 7.613287914229715625e+01 2.429774615088639393e+02 -1.096902924836516888e+02 2.429774615088637688e+02 3.343748546935559602e+02 1.471283466308821062e+02 -1.096902924836515183e+02 1.471283466308816799e+02 1.680860028717618206e+02
-3.186050131356713777e+00 7.391890932274226600e+01 2.199203218707743588e+02 -9.133966486503722138e+01 2.199203218707742451e+02 3.514324863954315674e+02 1.327065583928287822e+02 -9.133966486503700821e+01 1.327065583928284696e+02 1.673388086371989800e+02
-3.135876113540072563e+00 5.821131693003779617e+01 1.942797000893825725e+02 -7.054836849337206672e+01 1.942797000893824872e+02 3.459458618205568996e+02 1.165475574257492042e+02 -7.054836849337179672e+01 1.165475574257490052e+02 1.644869285090307756e+02
-3.085702095723431349e+00 3.065102628930020501e+01 1.705757724843156495e+02 -4.834467104574201102e+01 1.705757724843156495e+02 3.205056259931780005e+02 1.001044316095453439e+02 -4.834467104574169127e+01 1.001044316095452729e+02 1.609182357217982258e+02
-3.035528077906790134e+00 -4.756691728594333313e+00 1.522741887658390567e+02 -2.592214452779398215e+01 1.522741887658391420e+02 2.793543710691181445e+02 8.442367625226464156e+01 -2.592214452779361267e+01 8.442367625226469841e+01 1.579164652342350337e+02
-2.985354060090148920e+00 -4.202849061124855723e+01 1.411242176076545434e+02 -4.534175654168370428e+00 1.411242176076546855e+02 2.274324986383065834e+02 6.993037215679751739e+01 -4.534175654167942326e+00 6.993037215679771634e+01 1.564845684091294800e+02
-2.935180042273508150e+00 -7.436079366143272296e+01 1.374180171394000354e+02 1.460609703624999511e+01 1.374180171394002343e+02 1.693007375744690535e+02 5.641290364073296359e+01 1.460609703625046762e+01 5.641290364073327623e+01 1.571924253553192443e+02
-2.885006024456866491e+00 -9.523818011851824394e+01 1.399829411485567334e+02 3.042729382435591390e+01 1.399829411485569892e+02 1.088653927659280782e+02 4.324867674978635534e+01 3.042729382435641483e+01 4.324867674978676035e+01 1.600653792294235984e+02
-2.834832006640225721e+00 -1.005869283224342894e+02 1.469222752465822168e+02 4.213889452158652915e+01 1.469222752465824442e+02 4.849746845366538395e+01 2.974531755807508304e+01 4.213889452158702653e+01 2.974531755807554845e+01 1.645638096438997877e+02
-2.784657988823584063e+00 -8.967962112685943055e+01 1.560372359451853583e+02 4.931351424457996302e+01 1.560372359451855573e+02 -1.057521073742451989e+01 1.551522311094369933e+01 4.931351424458043198e+01 1.551522311094419848e+01 1.696911894117133102e+02
-2.734483971006943293e+00 -6.571692714060650076e+01 1.654500868478616269e+02 5.195350441582597512e+01 1.654500868478617690e+02 -6.782079145820090105e+01 7.667613738378005195e-01 5.195350441582638723e+01 7.667613738382978994e-01 1.742441485544774196e+02
-2.684309953190302078e+00 -3.518918016986793162e+01 1.737380777734902040e+02 5.047825540771805208e+01 1.737380777734902608e+02 -1.229508205532586089e+02 -1.360466257129862910e+01 5.047825540771837183e+01 -1.360466257129814949e+01 1.771207076330925076e+02
-2.634135935373660864e+00 -6.932754060842498234e+00 1.802023627831661656e+02 4.565766862556871786e+01 1.802023627831661088e+02 -1.750562643642943783e+02 -2.615599607823828165e+01 4.565766862556890970e+01 -2.615599607823784112e+01 1.776248642135652744e+02
-2.583961917557020094e+00 1.008218708349881609e+01 1.847557736641256554e+02 3.855265970286576049e+01 1.847557736641253996e+02 -2.223784407294699577e+02 -3.519924040319029501e+01 3.855265970286579602e+01 -3.519924040318990421e+01 1.756742201459991861e+02
-2.533787899740378435e+00 7.999065956743635297e+00 1.878567955145280735e+02 3.039076463873412237e+01 1.878567955145276756e+02 -2.624892190427532910e+02 -3.924361920919929503e+01 3.039076463873399092e+01 -3.924361920919894686e+01 1.718166244675575740e+02
-2.483613881923737665e+00 -1.836840867567570257e+01 1.901745858417186241e+02 2.252614210292112418e+01 1.901745858417180841e+02 -2.927267057906299783e+02 -3.739523109766776798e+01 2.252614210292081864e+01 -3.739523109766746956e+01 1.670054247480101992e+02
-2.433439864107096007e+00 -7.053170822372931070e+01 1.924867844411677140e+02 1.632962259998135579e+01 1.924867844411671172e+02 -3.110221220995271096e+02 -2.961382827917141114e+01 1.632962259998089394e+01 -2.961382827917112692e+01 1.622313928172596604e+02
-2.383265846290455237e+00 -1.459533250825869857e+02 1.952413376079572629e+02 1.309925742871583410e+01 1.952413376079566092e+02 -3.162223738044009451e+02 -1.682149300531913028e+01 1.309925742871524790e+01 -1.682149300531887803e+01 1.580650538811907779e+02
-2.333091828473813578e+00 -2.379820620254610049e+02 1.984906139433198859e+02 1.382895566567349732e+01 1.984906139433191754e+02 -3.084479310365375113e+02 -8.364017747323719831e-01 1.382895566567280987e+01 -8.364017747321499385e-01 1.543318089650865375e+02
-2.282917810657172808e+00 -3.364230957263267783e+02 2.016133418303865028e+02 1.897410800539932652e+01 2.016133418303857638e+02 -2.885909546701091131e+02 1.586641925720988588e+01 1.897410800539856979e+01 1.586641925721006885e+01 1.501043313205833272e+02
-2.232743792840531594e+00 -4.285929095297829008e+02 2.033448961409505955e+02 2.825039779025441433e+01 2.033448961409499134e+02 -2.580195846232790586e+02 3.044229632147611397e+01 2.825039779025363629e+01 3.044229632147624187e+01 1.440018599842499896e+02
-2.182569775023890379e+00 -5.010875241860553047e+02 2.019204830184072534e+02 4.047388318463039525e+01 2.019204830184064861e+02 -2.181193815644788856e+02 4.006765609615666790e+01 4.047388318462965628e+01 4.006765609615675316e+01 1.347976450311228689e+02
-2.132395757207249609e+00 -5.416633088291832792e+02 1.954212203405951129e+02 5.374972333738153196e+01 1.954212203405943455e+02 -1.702284898047622619e+02 4.236060319877091018e+01 5.374972333738084274e+01 4.236060319877094571e+01 1.220625345234788028e+02
-2.082221739390607951e+00 -5.417782987527683645e+02 1.823036551303874262e+02 6.581919025146584090e+01 1.823036551303869146e+02 -1.154860429695562800e+02 3.577191362552255072e+01 6.581919025146522984e+01 3.577191362552255782e+01 1.066254388661810424e+02
-2.032047721573967181e+00 -4.980866869797146137e+02 1.616812144785415910e+02 7.464855621145279940e+01 1.616812144785411931e+02 -5.527640518789274182e+01 1.996384302539868827e+01 7.464855621145230202e+01 1.996384302539869182e+01 9.057933999312982110e+01
-1.981873703757325522e+00 -4.137362743565132632e+02 1.339097559424195651e+02 7.898657390179636195e+01 1.339097559424193662e+02 9.077459335076735414e+00 -3.998605107857503782e+00 7.898657390179596405e+01 -3.998605107857486018e+00 7.680994472447871146e+01
-1.931699685940684752e+00 -2.982384053726566435e+02 1.005366225277285821e+02 7.872761553400766843e+01 1.005366225277285253e+02 7.636338169191911618e+01 -3.365754765396464165e+01 7.872761553400741263e+01 -3.365754765396458481e+01 6.823427780189543057e+01
-1.881525668124043538e+00 -1.658137882119421249e+02 6.420633956699354883e+01 7.493468663015349307e+01 6.420633956699366252e+01 1.456429365345884435e+02 -6.546500767423667355e+01 7.493468663015330833e+01 -6.546500767423654565e+01 6.703148878032679647e+01
-1.831351650307402323e+00 -3.270796617599665979e+01 2.845220337315131331e+01 6.958384875261342017e+01 2.845220337315147674e+01 2.166320511688101647e+02 -9.534824460986922645e+01 6.958384875261333491e+01 -9.534824460986899908e+01 7.412071687976003886e+01
-1.781177632490761331e+00 8.618412736533159091e+01 -2.794463511712899972e+00 6.507101480408130101e+01 -2.794463511712652615e+00 2.895719981884365097e+02 -1.194300450663546940e+02 6.507101480408127259e+01 -1.194300450663544098e+02 8.910495606698225401e+01
-1.731003614674119895e+00 1.805773728350173428e+02 -2.580143482106458919e+01 6.371218207846261805e+01 -2.580143482106435471e+01 3.651052392530121438e+02 -1.347180139752405523e+02 6.371218207846261805e+01 -1.347180139752401828e+02 1.106190062603737942e+02
-1.680829596857478903e+00 2.466225735928647964e+02 -3.762519552872191042e+01 6.728538432873078534e+01 -3.762519552872173989e+01 4.437414423656514941e+02 -1.396511985290916016e+02 6.728538432873078534e+01 -1.396511985290912037e+02 1.368602338151927711e+02
-1.630655579040837466e+00 2.871050340920940016e+02 -3.684771240865716635e+01 7.674392058835658759e+01 -3.684771240865708819e+01 5.258869519857448722e+02 -1.343073309961704638e+02 7.674392058835655916e+01 -1.343073309961700375e+02 1.660516051891814300e+02
-1.580481561224196474e+00 3.095551945592254128e+02 -2.387072661978506360e+01 9.206789037913900131e+01 -2.387072661978504939e+01 6.111802138824472195e+02 -1.203210132146449496e+02 9.206789037913890184e+01 -1.203210132146445517e+02 1.966674247294186557e+02
-1.530307543407555482e+00 3.231574335865810212e+02 -1.144130381587260104e+00 1.122535886463046069e+02 -1.144130381587359579e+00 6.983021857123826521e+02 -1.004884528689842682e+02 1.122535886463044932e+02 -1.004884528689839129e+02 2.273934853782191681e+02
-1.480133525590914267e+00 3.356124467069651018e+02 2.723215458905909259e+01 1.353991105857557500e+02 2.723215458905895758e+01 7.847438651960210336e+02 -7.816336571711957504e+01 1.353991105857556079e+02 -7.816336571711931924e+01 2.569121080356969173e+02
-1.429959507774273275e+00 3.508591444747546007e+02 5.629601813305817615e+01 1.589190845661504454e+02 5.629601813305802693e+01 8.662298365069403872e+02 -5.657201445415663699e+01 1.589190845661502465e+02 -5.657201445415643803e+01 2.837952780290959254e+02
-1.379785489957631839e+00 3.687112570651911483e+02 8.137107346182953904e+01 1.799000077910816913e+02 8.137107346182939693e+01 9.371272596168756763e+02 -3.818765523489587110e+01 1.799000077910815207e+02 -3.818765523489576452e+01 3.066023190315269744e+02
-1.329611472140990847e+00 3.857725174056374158e+02 9.938176461908847159e+01 1.954860410838502958e+02 9.938176461908840054e+01 9.907400948877209430e+02 -2.428842719859902743e+01 1.954860410838500968e+02 -2.428842719859898480e+01 3.241060303115541501e+02
-1.279437454324349410e+00 3.976071933411212171e+02 1.093604360215591385e+02 2.033715896905119962e+02 1.093604360215590816e+02 1.020530979429801960e+03 -1.479401071599483686e+01 2.033715896905117688e+02 -1.479401071599484396e+01 3.356235892753197163e+02
-1.229263436507708418e+00 4.007313322312554646e+02 1.129854325079156041e+02 2.021955665382799907e+02 1.129854325079156183e+02 1.021565513172324017e+03 -8.432977331620401529e+00 2.021955665382797633e+02 -8.432977331620445938e+00 3.411567067134675426e+02
-1.179089418691066982e+00 3.939616393457722552e+02 1.136000166907336961e+02 1.917904372611102701e+02 1.136000166907337530e+02 9.919206062136852324e+02 -3.203132769494261289e+00 1.917904372611100428e+02 -3.203132769494354548e+00 3.412679641218397819e+02
-1.128915400874425989e+00 3.785333130163701867e+02 1.151637916839356990e+02 1.732864607433223796e+02 1.151637916839357700e+02 9.332349687464761701e+02 2.956207204116452658e+00 1.732864607433221522e+02 2.956207204116324760e+00 3.366596724116252517e+02
-1.078741383057784997e+00 3.576979585061749844e+02 1.206169493832164505e+02 1.489445956748177764e+02 1.206169493832165500e+02 8.507441552462109939e+02 1.153788217031797814e+01 1.489445956748176059e+02 1.153788217031781116e+01 3.276906514541751676e+02
-1.028567365241143783e+00 3.358158254458929832e+02 1.308043704190792482e+02 1.218726713985493149e+02 1.308043704190793335e+02 7.522224565873544861e+02 2.308550171338406187e+01 1.218726713985491301e+02 2.308550171338388779e+01 3.140866269212921225e+02
-9.783933474245027906e-01 3.176941337821156708e+02 1.439660772367639652e+02 9.562012265831003788e+01 1.439660772367640220e+02 6.464793747509797868e+02 3.710371146404779097e+01 9.562012265830986735e+01 3.710371146404759912e+01 2.950383508381084994e+02
-9.282193296078613542e-01 3.076276506739520187e+02 1.563547767073203545e+02 7.370315198843992732e+01 1.563547767073204398e+02 5.418196531927388833e+02 5.230688496808806320e+01 7.370315198843978521e+01 5.230688496808788557e+01 2.696561934164682270e+02
-8.780453117912203620e-01 3.091643715438910931e+02 1.634957914145861650e+02 5.915487884432121746e+01 1.634957914145862219e+02 4.448998878395958627e+02 6.706714798409468870e+01 5.915487884432109666e+01 6.706714798409450395e+01 2.376872639892631582e+02
-8.278712939745789257e-01 3.241538001271651410e+02 1.617366265458832686e+02 5.403741573963169742e+01 1.617366265458833539e+02 3.599962970085239817e+02 7.981031097759002080e+01 5.403741573963162637e+01 7.981031097758983606e+01 2.001285574994102205e+02
-7.776972761579379334e-01 3.522748850911215186e+02 1.494957685004714563e+02 5.912955748687389246e+01 1.494957685004715415e+02 2.891799950319535810e+02 8.928342033515184539e+01 5.912955748687384983e+01 8.928342033515168907e+01 1.595089245125975310e+02
-7.275232583412964971e-01 3.907000572373054865e+02 1.276684218636743253e+02 7.371474556658625943e+01 1.276684218636744106e+02 2.326289978608265301e+02 9.467438420843657809e+01 7.371474556658627364e+01 9.467438420843646441e+01 1.196879376105153767e+02
-6.773492405246557269e-01 4.343222294992012849e+02 9.903491906048687099e+01 9.566572950496664873e+01 9.903491906048698468e+01 1.893835157148165820e+02 9.562105102750874153e+01 9.566572950496666294e+01 9.562105102750864205e+01 8.510639443778430291e+01
-6.271752227080147346e-01 4.769371248069300009e+02 6.738585232521845114e+01 1.217253615075100583e+02 6.738585232521847956e+01 1.580005595590286589e+02 9.218258869465830685e+01 1.217253615075100868e+02 9.218258869465823580e+01 5.969557015092622265e+01
-5.770012048913732983e-01 5.124857092516404009e+02 3.636265112145757428e+01 1.479636283129935350e+02 3.636265112145756007e+01 1.367308848522424114e+02 8.485620250359549743e+01 1.479636283129935919e+02 8.485620250359545480e+01 4.576706740276848961e+01
-5.268271870747323060e-01 5.367306816905602318e+02 8.982711134818059051e+00 1.703496465783500184e+02 8.982711134818012866e+00 1.234347561558696498e+02 7.456482737995513332e+01 1.703496465783501321e+02 7.456482737995509069e+01 4.331639520033425583e+01
-4.766531692580908697e-01 5.480106233101728321e+02 -1.244021231656576276e+01 1.851709158213424757e+02 -1.244021231656581250e+01 1.152116002522719072e+02 6.259731364452120772e+01 1.851709158213425610e+02 6.259731364452120062e+01 4.999379964970764689e+01
-4.264791514414498774e-01 5.474071727500476072e+02 -2.592862574337298298e+01 1.894479871352608598e+02 -2.592862574337308956e+01 1.079855555548085420e+02 5.044194270996175078e+01 1.894479871352609734e+02 5.044194270996176499e+01 6.182215136901321983e+01
-3.763051336248084411e-01 5.377709697594045792e+02 -2.957068462722327951e+01 1.812281331962618651e+02 -2.957068462722337188e+01 9.694501145731005920e+01 3.953147804284461841e+01 1.812281331962619788e+02 3.953147804284462552e+01 7.445741201986376723e+01
-3.261311158081674488e-01 5.227675204513865310e+02 -2.191026164091483253e+01 1.599107592052645259e+02 -2.191026164091493911e+01 7.732271245651470792e+01 3.101416836285472201e+01 1.599107592052646396e+02 3.101416836285474332e+01 8.443838905587479360e+01
-2.759570979915262345e-01 5.058548753019470041e+02 -2.485837361271691748e+00 1.266070275848120730e+02 -2.485837361271762802e+00 4.608125452303769976e+01 2.550913753918012361e+01 1.266070275848121724e+02 2.550913753918014137e+01 8.998034436548795156e+01
-2.257830801748852423e-01 4.894648106577594717e+02 2.723651079092503124e+01 8.442399000240673956e+01 2.723651079092499572e+01 3.342570031796327612e+00 2.303254388185928292e+01 8.442399000240686746e+01 2.303254388185929713e+01 9.109901884090508872e+01
-1.756090623582440280e-01 4.751732414789416907e+02 6.332079558026752153e+01 3.840677190590856327e+01 6.332079558026750021e+01 -4.684449608203860294e+01 2.302834409432830043e+01 3.840677190590867696e+01 2.302834409432831819e+01 8.909827865585123163e+01
-1.254350445416028137e-01 4.638574241912874072e+02 9.969343948517921206e+01 -4.939850597893916451e+00 9.969343948517919785e+01 -9.692112845129358334e+01 2.452480537516823489e+01 -4.939850597893788553e+00 2.452480537516824910e+01 8.577985534579721616e+01
-7.526102672496182144e-02 4.560071767277916024e+02 1.293079709338327916e+02 -3.878528966386326005e+01 1.293079709338328200e+02 -1.375797961155338669e+02 2.638734991317116041e+01 -3.878528966386313215e+01 2.638734991317117817e+01 8.272475079391628583e+01
-2.508700890832060715e-02 4.520033577608919018e+02 1.459408068925057478e+02 -5.736516898928010733e+01 1.459408068925057762e+02 -1.603679028757203469e+02 2.761746996057677350e+01 -5.736516898927995101e+01 2.761746996057677705e+01 8.095656794644075660e+01
2.508700890832060715e-02 4.520033577608919018e+02 1.459408068925057478e+02 -5.736516898928010733e+01 1.459408068925057762e+02 -1.603679028757203469e+02 2.761746996057677350e+01 -5.736516898927995101e+01 2.761746996057677705e+01 8.095656794644075660e+01
7.526102672496182144e-02 4.560071767277916024e+02 1.293079709338327916e+02 -3.878528966386326005e+01 1.293079709338328200e+02 -1.375797961155338669e+02 2.638734991317116041e+01 -3.878528966386313215e+01 2.638734991317117817e+01 8.272475079391628583e+01
1.254350445416028137e-01 4.638574241912874072e+02 9.969343948517921206e+01 -4.939850597893916451e+00 9.969343948517919785e+01 -9.692112845129358334e+01 2.452480537516823489e+01 -4.939850597893788553e+00 2.452480537516824910e+01 8.577985534579721616e+01
1.756090623582440280e-01 4.751732414789416907e+02 6.332079558026752153e+01 3.840677190590856327e+01 6.332079558026750021e+01 -4.684449608203860294e+01 2.302834409432830043e+01 3.840677190590867696e+01 2.302834409432831819e+01 8.909827865585123163e+01
2.257830801748852423e-01 4.894648106577594717e+02 2.723651079092503124e+01 8.442399000240673956e+01 2.723651079092499572e+01 3.342570031796327612e+00 2.303254388185928292e+01 8.442399000240686746e+01 2.303254388185929713e+01 9.109901884090508872e+01
2.759570979915262345e-01 5.058548753019470041e+02 -2.485837361271691748e+00 1.266070275848120730e+02 -2.485837361271762802e+00 4.608125452303769976e+01 2.550913753918012361e+01 1.266070275848121724e+02 2.550913753918014137e+01 8.998034436548795156e+01
3.261311158081674488e-01 5.227675204513865310e+02 -2.191026164091483253e+01 1.599107592052645259e+02 -2.191026164091493911e+01 7.732271245651470792e+01 3.101416836285472201e+01 1.599107592052646396e+02 3.101416836285474332e+01 8.443838905587479360e+01
3.763051336248084411e-01 5.377709697594045792e+02 -2.957068462722327951e+01 1.812281331962618651e+02 -2.957068462722337188e+01 9.694501145731005920e+01 3.953147804284461841e+01 1.812281331962619788e+02 3.953147804284462552e+01 7.445741201986376723e+01
4.264791514414498774e-01 5.474071727500476072e+02 -2.592862574337298298e+01 1.894479871352608598e+02 -2.592862574337308956e+01 1.079855555548085420e+02 5.044194270996175078e+01 1.894479871352609734e+02 5.044194270996176499e+01 6.182215136901321983e+01
4.766531692580908697e-01 5.480106233101728321e+02 -1.244021231656576276e+01 1.851709158213424757e+02 -1.244021231656581250e+01 1.152116002522719072e+02 6.259731364452120772e+01 1.851709158213425610e+02 6.259731364452120062e+01 4.999379964970764689e+01
5.268271870747323060e-01 5.367306816905602318e+02 8.982711134818059051e+00 1.703496465783500184e+02 8.982711134818012866e+00 1.234347561558696498e+02 7.456482737995513332e+01 1.703496465783501321e+02 7.456482737995509069e+01 4.331639520033425583e+01
5.770012048913732983e-01 5.124857092516404009e+02 3.636265112145757428e+01 1.479636283129935350e+02 3.636265112145756007e+01 1.367308848522424114e+02 8.485620250359549743e+01 1.479636283129935919e+02 8.485620250359545480e+01 4.576706740276848961e+01
6.271752227080147346e-01 4.769371248069300009e+02 6.738585232521845114e+01 1.217253615075100583e+02 6.738585232521847956e+01 1.580005595590286589e+02 9.218258869465830685e+01 1.217253615075100868e+02 9.218258869465823580e+01 5.969557015092622265e+01
6.773492405246557269e-01 4.343222294992012849e+02 9.903491906048687099e+01 9.566572950496664873e+01 9.903491906048698468e+01 1.893835157148165820e+02 9.562105102750874153e+01 9.566572950496666294e+01 9.562105102750864205e+01 8.510639443778430291e+01
7.275232583412964971e-01 3.907000572373054865e+02 1.276684218636743253e+02 7.371474556658625943e+01 1.276684218636744106e+02 2.326289978608265301e+02 9.467438420843657809e+01 7.371474556658627364e+01 9.467438420843646441e+01 1.196879376105153767e+02
7.776972761579379334e-01 3.522748850911215186e+02 1.494957685004714563e+02 5.912955748687389246e+01 1.494957685004715415e+02 2.891799950319535810e+02 8.928342033515184539e+01 5.912955748687384983e+01 8.928342033515168907e+01 1.595089245125975310e+02
8.278712939745789257e-01 3.241538001271651410e+02 1.617366265458832686e+02 5.403741573963169742e+01 1.617366265458833539e+02 3.599962970085239817e+02 7.981031097759002080e+01 5.403741573963162637e+01 7.981031097758983606e+01 2.001285574994102205e+02
8.780453117912203620e-01 3.091643715438910931e+02 1.634957914145861650e+02 5.915487884432121746e+01 1.634957914145862219e+02 4.448998878395958627e+02 6.706714798409468870e+01 5.915487884432109666e+01 6.706714798409450395e+01 2.376872639892631582e+02
9.282193296078613542e-01 3.076276506739520187e+02 1.563547767073203545e+02 7.370315198843992732e+01 1.563547767073204398e+02 5.418196531927388833e+02 5.230688496808806320e+01 7.370315198843978521e+01 5.230688496808788557e+01 2.696561934164682270e+02
9.783933474245027906e-01 3.176941337821156708e+02 1.439660772367639652e+02 9.562012265831003788e+01 1.439660772367640220e+02 6.464793747509797868e+02 3.710371146404779097e+01 9.562012265830986735e+01 3.710371146404759912e+01 2.950383508381084994e+02
1.028567365241143783e+00 3.358158254458929832e+02 1.308043704190792482e+02 1.218726713985493149e+02 1.308043704190793335e+02 7.522224565873544861e+02 2.308550171338406187e+01 1.218726713985491301e+02 2.308550171338388779e+01 3.140866269212921225e+02
1.078741383057784997e+00 3.576979585061749844e+02 1.206169493832164505e+02 1.489445956748177764e+02 1.206169493832165500e+02 8.507441552462109939e+02 1.153788217031797814e+01 1.489445956748176059e+02 1.153788217031781116e+01 3.276906514541751676e+02
1.128915400874425989e+00 3.785333130163701867e+02 1.151637916839356990e+02 1.732864607433223796e+02 1.151637916839357700e+02 9.332349687464761701e+02 2.956207204116452658e+00 1.732864607433221522e+02 2.956207204116324760e+00 3.366596724116252517e+02
1.179089418691066982e+00 3.939616393457722552e+02 1.136000166907336961e+02 1.917904372611102701e+02 1.136000166907337530e+02 9.919206062136852324e+02 -3.203132769494261289e+00 1.917904372611100428e+02 -3.203132769494354548e+00 3.412679641218397819e+02
1.229263436507708418e+00 4.007313322312554646e+02 1.129854325079156041e+02 2.021955665382799907e+02 1.129854325079156183e+02 1.021565513172324017e+03 -8.432977331620401529e+00 2.021955665382797633e+02 -8.432977331620445938e+00 3.411567067134675426e+02
1.279437454324349410e+00 3.976071933411212171e+02 1.093604360215591385e+02 2.033715896905119962e+02 1.093604360215590816e+02 1.020530979429801960e+03 -1.479401071599483686e+01 2.033715896905117688e+02 -1.479401071599484396e+01 3.356235892753197163e+02
1.329611472140990847e+00 3.857725174056374158e+02 9.938176461908847159e+01 1.954860410838502958e+02 9.938176461908840054e+01 9.907400948877209430e+02 -2.428842719859902743e+01 1.954860410838500968e+02 -2.428842719859898480e+01 3.241060303115541501e+02
1.379785489957631839e+00 3.687112570651911483e+02 8.137107346182953904e+01 1.799000077910816913e+02 8.137107346182939693e+01 9.371272596168756763e+02 -3.818765523489587110e+01 1.799000077910815207e+02 -3.818765523489576452e+01 3.066023190315269744e+02
1.429959507774273275e+00 3.508591444747546007e+02 5.629601813305817615e+01 1.589190845661504454e+02 5.629601813305802693e+01 8.662298365069403872e+02 -5.657201445415663699e+01 1.589190845661502465e+02 -5.657201445415643803e+01 2.837952780290959254e+02
1.480133525590914267e+00 3.356124467069651018e+02 2.723215458905909259e+01 1.353991105857557500e+02 2.723215458905895758e+01 7.847438651960210336e+02 -7.816336571711957504e+01 1.353991105857556079e+02 -7.816336571711931924e+01 2.569121080356969173e+02
1.530307543407555482e+00 3.231574335865810212e+02 -1.144130381587260104e+00 1.122535886463046069e+02 -1.144130381587359579e+00 6.983021857123826521e+02 -1.004884528689842682e+02 1.122535886463044932e+02 -1.004884528689839129e+02 2.273934853782191681e+02
1.580481561224196474e+00 3.095551945592254128e+02 -2.387072661978506360e+01 9.206789037913900131e+01 -2.387072661978504939e+01 6.111802138824472195e+02 -1.203210132146449496e+02 9.206789037913890184e+01 -1.203210132146445517e+02 1.966674247294186557e+02
1.630655579040837466e+00 2.871050340920940016e+02 -3.684771240865716635e+01 7.674392058835658759e+01 -3.684771240865708819e+01 5.258869519857448722e+02 -1.343073309961704638e+02 7.674392058835655916e+01 -1.343073309961700375e+02 1.660516051891814300e+02
1.680829596857478903e+00 2.466225735928647964e+02 -3.762519552872191042e+01 6.728538432873078534e+01 -3.762519552872173989e+01 4.437414423656514941e+02 -1.396511985290916016e+02 6.728538432873078534e+01 -1.396511985290912037e+02 1.368602338151927711e+02
1.731003614674119895e+00 1.805773728350173428e+02 -2.580143482106458919e+01 6.371218207846261805e+01 -2.580143482106435471e+01 3.651052392530121438e+02 -1.347180139752405523e+02 6.371218207846261805e+01 -1.347180139752401828e+02 1.106190062603737942e+02
1.781177632490761331e+00 8.618412736533159091e+01 -2.794463511712899972e+00 6.507101480408130101e+01 -2.794463511712652615e+00 2.895719981884365097e+02 -1.194300450663546940e+02 6.507101480408127259e+01 -1.194300450663544098e+02 8.910495606698225401e+01
1.831351650307402323e+00 -3.270796617599665979e+01 2.845220337315131331e+01 6.958384875261342017e+01 2.845220337315147674e+01 2.166320511688101647e+02 -9.534824460986922645e+01 6.958384875261333491e+01 -9.534824460986899908e+01 7.412071687976003886e+01
1.881525668124043538e+00 -1.658137882119421249e+02 6.420633956699354883e+01 7.493468663015349307e+01 6.420633956699366252e+01 1.456429365345884435e+02 -6.546500767423667355e+01 7.493468663015330833e+01 -6.546500767423654565e+01 6.703148878032679647e+01
1.931699685940684752e+00 -2.982384053726566435e+02 1.005366225277285821e+02 7.872761553400766843e+01 1.005366225277285253e+02 7.636338169191911618e+01 -3.365754765396464165e+01 7.872761553400741263e+01 -3.365754765396458481e+01 6.823427780189543057e+01
1.981873703757325522e+00 -4.137362743565132632e+02 1.339097559424195651e+02 7.898657390179636195e+01 1.339097559424193662e+02 9.077459335076735414e+00 -3.998605107857503782e+00 7.898657390179596405e+01 -3.998605107857486018e+00 7.680994472447871146e+01
2.032047721573967181e+00 -4.980866869797146137e+02 1.616812144785415910e+02 7.464855621145279940e+01 1.616812144785411931e+02 -5.527640518789274182e+01 1.996384302539868827e+01 7.464855621145230202e+01 1.996384302539869182e+01 9.057933999312982110e+01
2.082221739390607951e+00 -5.417782987527683645e+02 1.823036551303874262e+02 6.581919025146584090e+01 1.823036551303869146e+02 -1.154860429695562800e+02 3.577191362552255072e+01 6.581919025146522984e+01 3.577191362552255782e+01 1.066254388661810424e+02
2.132395757207249609e+00 -5.416633088291832792e+02 1.954212203405951129e+02 5.374972333738153196e+01 1.954212203405943455e+02 -1.702284898047622619e+02 4.236060319877091018e+01 5.374972333738084274e+01 4.236060319877094571e+01 1.220625345234788028e+02
2.182569775023890379e+00 -5.010875241860553047e+02 2.019204830184072534e+02 4.047388318463039525e+01 2.019204830184064861e+02 -2.181193815644788856e+02 4.006765609615666790e+01 4.047388318462965628e+01 4.006765609615675316e+01 1.347976450311228689e+02
2.232743792840531594e+00 -4.285929095297829008e+02 2.033448961409505955e+02 2.825039779025441433e+01 2.033448961409499134e+02 -2.580195846232790586e+02 3.044229632147611397e+01 2.825039779025363629e+01 3.044229632147624187e+01 1.440018599842499896e+02
2.282917810657172808e+00 -3.364230957263267783e+02 2.016133418303865028e+02 1.897410800539932652e+01 2.016133418303857638e+02 -2.885909546701091131e+02 1.586641925720988588e+01 1.897410800539856979e+01 1.586641925721006885e+01 1.501043313205833272e+02
2.333091828473813578e+00 -2.379820620254610049e+02 1.984906139433198859e+02 1.382895566567349732e+01 1.984906139433191754e+02 -3.084479310365375113e+02 -8.364017747323719831e-01 1.382895566567280987e+01 -8.364017747321499385e-01 1.543318089650865375e+02
2.383265846290455237e+00 -1.459533250825869857e+02 1.952413376079572629e+02 1.309925742871583410e+01 1.952413376079566092e+02 -3.162223738044009451e+02 -1.682149300531913028e+01 1.309925742871524790e+01 -1.682149300531887803e+01 1.580650538811907779e+02
2.433439864107096007e+00 -7.053170822372931070e+01 1.924867844411677140e+02 1.632962259998135579e+01 1.924867844411671172e+02 -3.110221220995271096e+02 -2.961382827917141114e+01 1.632962259998089394e+01 -2.961382827917112692e+01 1.622313928172596604e+02
2.483613881923737665e+00 -1.836840867567570257e+01 1.901745858417186241e+02 2.252614210292112418e+01 1.901745858417180841e+02 -2.927267057906299783e+02 -3.739523109766776798e+01 2.252614210292081864e+01 -3.739523109766746956e+01 1.670054247480101992e+02
2.533787899740378435e+00 7.999065956743635297e+00 1.878567955145280735e+02 3.039076463873412237e+01 1.878567955145276756e+02 -2.624892190427532910e+02 -3.924361920919929503e+01 3.039076463873399092e+01 -3.924361920919894686e+01 1.718166244675575740e+02
2.583961917557020094e+00 1.008218708349881609e+01 1.847557736641256554e+02 3.855265970286576049e+01 1.847557736641253996e+02 -2.223784407294699577e+02 -3.519924040319029501e+01 3.855265970286579602e+01 -3.519924040318990421e+01 1.756742201459991861e+02
2.634135935373660864e+00 -6.932754060842498234e+00 1.802023627831661656e+02 4.565766862556871786e+01 1.802023627831661088e+02 -1.750562643642943783e+02 -2.615599607823828165e+01 4.565766862556890970e+01 -2.615599607823784112e+01 1.776248642135652744e+02
2.684309953190302078e+00 -3.518918016986793162e+01 1.737380777734902040e+02 5.047825540771805208e+01 1.737380777734902608e+02 -1.229508205532586089e+02 -1.360466257129862910e+01 5.047825540771837183e+01 -1.360466257129814949e+01 1.771207076330925076e+02
2.734483971006943293e+00 -6.571692714060650076e+01 1.654500868478616269e+02 5.195350441582597512e+01 1.654500868478617690e+02 -6.782079145820090105e+01 7.667613738378005195e-01 5.195350441582638723e+01 7.667613738382978994e-01 1.742441485544774196e+02
2.784657988823584063e+00 -8.967962112685943055e+01 1.560372359451853583e+02 4.931351424457996302e+01 1.560372359451855573e+02 -1.057521073742451989e+01 1.551522311094369933e+01 4.931351424458043198e+01 1.551522311094419848e+01 1.696911894117133102e+02
2.834832006640225721e+00 -1.005869283224342894e+02 1.469222752465822168e+02 4.213889452158652915e+01 1.469222752465824442e+02 4.849746845366538395e+01 2.974531755807508304e+01 4.213889452158702653e+01 2.974531755807554845e+01 1.645638096438997877e+02
2.885006024456866491e+00 -9.523818011851824394e+01 1.399829411485567334e+02 3.042729382435591390e+01 1.399829411485569892e+02 1.088653927659280782e+02 4.324867674978635534e+01 3.042729382435641483e+01 4.324867674978676035e+01 1.600653792294235984e+02
2.935180042273508150e+00 -7.436079366143272296e+01 1.374180171394000354e+02 1.460609703624999511e+01 1.374180171394002343e+02 1.693007375744690535e+02 5.641290364073296359e+01 1.460609703625046762e+01 5.641290364073327623e+01 1.571924253553192443e+02
2.985354060090148920e+00 -4.202849061124855723e+01 1.411242176076545434e+02 -4.534175654168370428e+00 1.411242176076546855e+02 2.274324986383065834e+02 6.993037215679751739e+01 -4.534175654167942326e+00 6.993037215679771634e+01 1.564845684091294800e+02
3.035528077906790134e+00 -4.756691728594333313e+00 1.522741887658390567e+02 -2.592214452779398215e+01 1.522741887658391420e+02 2.793543710691181445e+02 8.442367625226464156e+01 -2.592214452779361267e+01 8.442367625226469841e+01 1.579164652342350337e+02
3.085702095723431349e+00 3.065102628930020501e+01 1.705757724843156495e+02 -4.834467104574201102e+01 1.705757724843156495e+02 3.205056259931780005e+02 1.001044316095453439e+02 -4.834467104574169127e+01 1.001044316095452729e+02 1.609182357217982258e+02
3.135876113540072563e+00 5.821131693003779617e+01 1.942797000893825725e+02 -7.054836849337206672e+01 1.942797000893824872e+02 3.459458618205568996e+02 1.165475574257492042e+02 -7.054836849337179672e+01 1.165475574257490052e+02 1.644869285090307756e+02
3.186050131356713777e+00 7.391890932274226600e+01 2.199203218707743588e+02 -9.133966486503722138e+01 2.199203218707742451e+02 3.514324863954315674e+02 1.327065583928287822e+02 -9.133966486503700821e+01 1.327065583928284696e+02 1.673388086371989800e+02
3.236224149173354547e+00 7.613287914229715625e+01 2.429774615088639393e+02 -1.096902924836516888e+02 2.429774615088637688e+02 3.343748546935559602e+02 1.471283466308821062e+02 -1.096902924836515183e+02 1.471283466308816799e+02 1.680860028717618206e+02
3.286398166989996206e+00 6.517008429289849403e+01 2.586039815318867454e+02 -1.248323330038802510e+02 2.586039815318865749e+02 2.944602878052078836e+02 1.582793711157265761e+02 -1.248323330038801089e+02 1.582793711157260645e+02 1.654511289612336782e+02
3.336572184806636976e+00 4.293863821879001819e+01 2.627805445643116400e+02 -1.363414310014685782e+02 2.627805445643115831e+02 2.340283771366987935e+02 1.648821331462736737e+02 -1.363414310014685213e+02 1.648821331462731052e+02 1.584914630572281737e+02
3.386746202623278634e+00 1.226115996400491781e+01 2.533985843687779038e+02 -1.442180087663344068e+02 2.533985843687778470e+02 1.580577917201484865e+02 1.661984257382836745e+02 -1.442180087663344068e+02 1.661984257382830492e+02 1.468430171526279082e+02
3.436920220439919404e+00 -2.363402852049871683e+01 2.307878791992796437e+02 -1.489208828496165040e+02 2.307878791992796721e+02 7.338810109422041705e+01 1.621750407742527500e+02 -1.489208828496166177e+02 1.621750407742520395e+02 1.308740494093349298e+02
3.487094238256560619e+00 -6.162048706046856239e+01 1.980867516258924184e+02 -1.512824824773621515e+02 1.980867516258925889e+02 -1.227320710661006586e+01 1.534258854350070465e+02 -1.512824824773623504e+02 1.534258854350063075e+02 1.116992282715301172e+02
3.537268256073201833e+00 -9.878274108531911679e+01 1.604626684264820256e+02 -1.523218918589910231e+02 1.604626684264823666e+02 -9.145972699174188847e+01 1.411162412999989897e+02 -1.523218918589913642e+02 1.411162412999981939e+02 9.100270468497619447e+01
3.587442273889842603e+00 -1.328673231322239587e+02 1.239669383367177318e+02 -1.530128849591930020e+02 1.239669383367182007e+02 -1.583962476023527870e+02 1.267315260652803204e+02 -1.530128849591934284e+02 1.267315260652795246e+02 7.069177379008760909e+01
3.637616291706484262e+00 -1.623242456916031529e+02 9.391475663669186247e+01 -1.540566392954388277e+02 9.391475663669247353e+01 -2.095877210677926996e+02 1.118398408241467621e+02 -1.540566392954393962e+02 1.118398408241459663e+02 5.248248980205335101e+01
3.687790309523125032e+00 -1.863428801317860177e+02 7.365730791020692436e+01 -1.557489259587276536e+02 7.365730791020773438e+01 -2.443754950931061103e+02 9.786059945770821855e+01 -1.557489259587283073e+02 9.786059945770745117e+01 3.755290634079981515e+01
3.725754636862891545e+00 -2.047661156959035793e+02 6.363604019314279725e+01 -1.579744242591769705e+02 6.363604019314375648e+01 -2.645878516969851262e+02 8.588150565920683732e+01 -1.579744242591777379e+02 8.588150565920611257e+01 2.638286114198762178e+01
3.775928654679532315e+00 -2.179362466676984127e+02 6.165556029485993150e+01 -1.603297281767519848e+02 6.165556029486102574e+01 -2.739919346465436547e+02 7.660270950870427953e+01 -1.603297281767527807e+02 7.660270950870359741e+01 1.881804369210402683e+01
3.826102672496173973e+00 -2.262868912050754204e+02 6.381635778782979429e+01 -1.622938905974599493e+02 6.381635778783098800e+01 -2.769577676066671188e+02 7.035652520693226109e+01 -1.622938905974607735e+02 7.035652520693159317e+01 1.431770399293222340e+01
3.876276690312814743e+00 -2.303425098306136078e+02 6.613946089392155159e+01 -1.634069831167551570e+02 6.613946089392277372e+01 -2.773124547470205812e+02 6.723221948288836813e+01 -1.634069831167560096e+02 6.723221948288774286e+01 1.226002213969948862e+01
