# Stress in units of bar (10^5 Pa)
# z	Sxx	Sxy	Sxz	Syx	Syy	Syz	Szx	Szy	Szz
0.0	293.50865680556365	-17.14023770633387	33.14779973134898	-17.14023770633494	432.9429716985597	92.22048526355903	33.147799731349174	92.2204852635589	330.42958292127355	
0.05520650884574483	272.48804811163603	12.095086177815382	30.01627267521183	12.095086177814448	458.9696703232608	90.05672099384864	30.01627267521212	90.05672099384859	331.5671184605489	
0.11041301769148966	249.08069869312487	45.986685400676436	26.153428338718243	45.98668540067563	468.210422630342	84.00418424156996	26.153428338718594	84.00418424156993	331.9613179168903	
0.1656195265372345	222.67479305411064	82.23390289654301	21.519406739826543	82.23390289654233	459.50896909886933	75.48226125339208	21.519406739826913	75.48226125339207	331.84100576571007	
0.22082603538297932	193.1861291266088	117.35322219880396	15.906223775480301	117.3532221988034	433.7162154172436	66.0704644860378	15.906223775480662	66.07046448603776	331.1967403773937	
0.27603254422872414	161.29286554305025	147.39548069106573	9.090449937723092	147.39548069106525	393.28421415612115	57.32307618447481	9.090449937723413	57.32307618447471	329.8226417262764	
0.331239053074469	128.4964461848415	168.8010223402455	1.0249719271990845	168.80102234024514	342.0503874053189	50.583162865378405	1.024971927199358	50.5831628653782	327.3644127585239	
0.3864455619202138	96.64917273501842	179.1157754898751	-7.993871086401617	179.11577548987484	284.1395075906086	46.83116708489353	-7.993871086401393	46.83116708489322	323.36122102689154	
0.44165207076595864	67.56966155839423	177.50634283596767	-17.271920268245456	177.5063428359676	223.57916517705561	46.61582745158165	-17.271920268245267	46.61582745158119	317.3092476727407	
0.4968585796117035	42.3443318792758	164.80586284425254	-25.809567269721867	164.80586284425254	163.61609694551032	50.055088363267444	-25.809567269721704	50.05508836326683	308.77157861560397	
0.5520650884574483	21.35047319470712	143.10669641971253	-32.53386946984216	143.10669641971256	106.51952356710811	56.87140284799274	-32.533869469842	56.87140284799198	297.5417567925896	
0.6072715973031931	4.072888601276773	115.17288618289483	-36.61104304349583	115.17288618289489	53.62987086900938	66.43889626267524	-36.61104304349567	66.43889626267433	283.80997388223386	
0.662478106148938	-10.616564694812027	83.74842355110991	-37.666330142632745	83.74842355110994	5.115651831932624	77.80111639642098	-37.66633014263256	77.80111639641993	268.2328821020221	
0.7176846149946828	-24.20796094906082	51.16514035590243	-35.88904321300951	51.16514035590238	-39.748280764739405	89.71138873520908	-35.88904321300932	89.71138873520795	251.87832256370586	
0.7728911238404276	-38.14765671461346	19.046758981895938	-31.929762063078297	19.046758981895785	-82.21019006636512	100.70401558757108	-31.929762063078115	100.7040155875699	235.99662042449293	
0.8280976326861724	-53.87066081108761	-11.36683436642814	-26.681833902016947	-11.3668343664284	-123.72390476259935	109.2424556707993	-26.681833902016777	109.24245567079814	221.70939310880027	
0.8833041415319173	-72.32215972529015	-39.17501675801274	-21.034349952255592	-39.17501675801306	-164.927202355125	113.9318167134546	-21.034349952255447	113.93181671345349	209.6762892925295	
0.9385106503776621	-94.09967691295334	-63.43523278945243	-15.687728000053527	-63.435232789452776	-204.97088965221405	113.80372357656374	-15.687728000053431	113.80372357656269	199.9214906119478	
0.993717159223407	-119.17552869160934	-83.10840379219297	-11.103580441410287	-83.10840379219327	-241.36165554409754	108.6037531021849	-11.103580441410262	108.60375310218399	191.8843940870845	
1.0489236680691518	-146.85597130494313	-97.1755534123792	-7.574501343794874	-97.17555341237936	-269.9959927053123	98.95571318622119	-7.574501343794932	98.95571318622044	184.65486207745982	
1.1041301769148966	-175.59836237231437	-104.94937098847588	-5.3667551723118585	-104.94937098847588	-286.2865393419805	86.38951798858834	-5.3667551723120095	86.38951798858778	177.34750244900428	
1.1593366857606415	-203.13751921384716	-106.40395318853227	-4.812549039167514	-106.4039531885321	-286.7057399120992	73.1753543143371	-4.812549039167763	73.17535431433677	169.39822030362367	
1.2145431946063863	-226.5240400416845	-102.3653234900076	-6.311771587524043	-102.3653234900072	-269.81432103305616	61.87912578917479	-6.311771587524375	61.87912578917472	160.68513783278158	
1.269749703452131	-242.71843682452374	-94.29104215424604	-10.261374200918366	-94.2910421542455	-237.4092405885	54.818074409839134	-10.261374200918757	54.81807440983933	151.53537914585462	
1.324956212297876	-249.0287810624348	-84.31776578666714	-16.958117356815535	-84.3177657866665	-194.15712662823168	53.47212344016581	-16.958117356815965	53.47212344016627	142.63744245391797	
1.3801627211436207	-243.8885924728442	-74.60797752248762	-26.540284065602787	-74.60797752248698	-146.73177375386229	58.00499942589375	-26.540284065603252	58.00499942589446	134.86744427998548	
1.4353692299893657	-226.88541230034912	-67.18294721992241	-39.03160458717666	-67.18294721992183	-101.8559398358346	67.13829712295502	-39.03160458717712	67.13829712295595	129.19924956076468	
1.4905757388351104	-198.99539933753243	-63.70367887657952	-54.43433014940321	-63.70367887657898	-64.71006004052141	78.43664281941898	-54.434330149403664	78.43664281942006	126.60789535396987	
1.5457822476808551	-161.79697254422774	-65.37052469608267	-72.76949607398696	-65.37052469608227	-37.43642016590229	88.92779469744761	-72.76949607398738	88.9277946974488	127.92694827709833	
1.6009887565266	-117.01200992366739	-72.80358320297451	-93.97075762086804	-72.80358320297417	-18.547744765472828	95.95185725605214	-93.97075762086844	95.95185725605336	133.57993686400835	
1.6561952653723448	-65.72648369457572	-86.01356352342675	-117.60842633167847	-86.01356352342651	-3.736905961264398	97.90526588121992	-117.60842633167879	97.90526588122108	143.32048862739904	
1.7114017742180898	-7.988416836055052	-104.31128093074354	-142.5607672301593	-104.31128093074334	13.086624681302823	94.62177662566314	-142.56076723015957	94.62177662566425	156.08787767313132	
1.7666082830638346	56.62278757464199	-126.21253866943123	-166.80875349771475	-126.21253866943104	38.01664777139709	87.25956361185804	-166.80875349771492	87.25956361185901	170.10750071647533	
1.8218147919095793	128.68958117673293	-149.73818911091817	-187.5580064416004	-149.73818911091803	75.39838058984424	77.77505423700062	-187.55800644160055	77.77505423700148	183.36276116784444	
1.8770213007553243	208.0055901279482	-172.74640613189217	-201.73989893287893	-172.746406131892	127.0156961658968	68.16480414389395	-201.73989893287904	68.16480414389466	194.24780172032968	
1.932227809601069	292.9246184746819	-193.43897108941104	-206.77297330121766	-193.43897108941087	191.4634156641772	59.80791339719602	-206.77297330121775	59.8079133971966	202.16038858843797	
1.987434318446814	380.28798579712935	-210.72841650509935	-201.31554756910094	-210.7284165050991	264.54203036312526	53.168801246049355	-201.31554756910094	53.168801246049796	207.79377740431585	
2.042640827292559	465.68631718464667	-224.29154977391912	-185.73810317459498	-224.2915497739188	339.74933965988004	47.89266114106377	-185.73810317459504	47.89266114106413	212.9168926760087	
2.0978473361383037	543.8372612233934	-234.14697639118106	-162.10168353925823	-234.14697639118066	409.3293567744152	43.19770614530382	-162.10168353925832	43.197706145304075	219.65537610679615	
2.1530538449840484	609.2255407988205	-240.30476983566285	-133.66615100093188	-240.30476983566257	465.2587427757079	38.33541972913748	-133.66615100093196	38.33541972913767	229.51871811634513	
2.208260353829793	656.7884727650036	-242.2005904730014	-104.13456144597565	-242.2005904730011	500.62037615459593	32.91882273768651	-104.13456144597575	32.91882273768664	242.53225963045105	
2.263466862675538	682.3703750689201	-238.80659812228953	-76.91873600980834	-238.80659812228922	510.5865479329823	26.994257285759442	-76.91873600980843	26.994257285759517	256.8057285331713	
2.318673371521283	683.4661280930648	-228.8855324123264	-54.63453830936219	-228.88553241232614	493.50603950383254	20.83452849672134	-54.6345383093623	20.834528496721376	268.7433844339638	
2.373879880367028	659.7319511886208	-211.62684782958013	-38.90114051127222	-211.62684782957984	451.4922258766022	14.677896582738	-38.9011405112723	14.67789658273799	273.859616301934	
2.4290863892127725	613.5684849348195	-187.20302817385829	-30.40924182869209	-187.2030281738581	390.23909124604853	8.473806061054894	-30.409241828692167	8.473806061054868	267.98919757668165	
2.4842928980585173	550.1862966001693	-156.96872420993634	-29.09402078257082	-156.9687242099361	318.2550096488172	1.809413038164557	-29.094020782570865	1.8094130381645108	248.5418858756834	
2.539499406904262	477.224274654561	-123.29298055414964	-34.26621348861694	-123.29298055414938	245.15856946185326	-6.035859357324458	-34.26621348861694	-6.035859357324528	215.35151867480886	
2.594705915750007	403.5759060106964	-89.01972367355867	-44.638913701336755	-89.01972367355846	179.81672507282235	-15.928534237599393	-44.63891370133674	-15.928534237599479	170.95305234173054	
2.649912424595752	338.0520163454122	-56.88767841200185	-58.310575372491215	-56.88767841200163	128.79980583693578	-28.629656964459194	-58.31057537249117	-28.62965696445929	120.25123925535935	
2.7051189334414967	287.43101948450646	-28.88999388424136	-72.8242499019916	-28.889993884241168	95.18098613490301	-44.61610567227561	-72.82424990199156	-44.61610567227573	69.72925402190376	
2.7603254422872414	255.5886371601204	-6.31125704661674	-85.44919878661753	-6.311257046616543	78.57534899456842	-63.94218380168522	-85.44919878661747	-63.94218380168534	26.333556502811426	
2.815531951132986	242.74136033642105	10.262557233830268	-93.61203089909426	10.262557233830423	76.22396993422745	-86.19466610317197	-93.61203089909421	-86.1946661031721	-3.675875251780191	
2.8707384599787313	245.7903591798721	20.723785270895643	-95.42825549975515	20.723785270895778	83.73280126054402	-110.44130317646491	-95.4282554997551	-110.44130317646506	-15.795774009637562	
2.925944968824476	259.1144655975903	25.27602184383465	-90.12012203958187	25.276021843834762	96.62661078427368	-135.30769084475125	-90.12012203958182	-135.3076908447514	-8.165980293489739	
2.981151477670221	275.8535205020851	24.3347069546844	-78.26314951719968	24.334706954684464	110.77832691326887	-159.05204648770368	-78.26314951719961	-159.05204648770382	17.979687322848577	
3.0363579865159656	288.9555542245014	18.680016789685794	-61.650765809881705	18.680016789685837	122.40428092305321	-179.67506145762837	-61.650765809881655	-179.67506145762854	58.41563010381043	
3.0915644953617103	292.30793468301437	9.426869877169686	-42.87908717538118	9.426869877169743	128.32633239767688	-195.18891522653334	-42.879087175381144	-195.18891522653348	106.60411403746089	
3.1467710042074555	281.33687221410173	-1.6321097065465118	-24.768012440632077	-1.6321097065464834	125.61014020819485	-203.898442920114	-24.768012440632052	-203.89844292011412	154.93831365194686	
3.2019775130532	253.5125512138785	-12.522832535064532	-9.745534551253323	-12.522832535064499	112.27255829060289	-204.71547942457585	-9.74553455125331	-204.71547942457593	196.3320989209208	
3.257184021898945	208.51082263036704	-21.117360224188815	0.6951475524228705	-21.117360224188793	87.65769483755065	-197.45423596428105	0.6951475524228687	-197.4542359642811	225.57430585713544	
3.3123905307446897	148.49590867922535	-25.677128641144037	6.29937509170621	-25.677128641144044	53.194929334006034	-182.95369145596558	6.29937509170621	-182.95369145596558	240.16973037124035	
3.3675970395904344	77.87558314063065	-25.274457116372783	8.070084733637525	-25.274457116372776	12.331318555181394	-162.98708562546574	8.070084733637508	-162.98708562546574	240.50951027729656	
3.4228035484361796	2.937205350194237	-20.042471349585	7.905954027131239	-20.042471349585	-29.967467908112525	-139.93050631124373	7.905954027131226	-139.93050631124368	229.3299409555272	
3.4780100572819244	-69.02069424316534	-11.269855719085792	7.995857986428938	-11.269855719085786	-67.96197986859235	-116.18771905790841	7.995857986428938	-116.18771905790834	210.71959423374545	
3.533216566127669	-130.93342303933522	-1.113008004498294	10.098557970102526	-1.113008004498294	-96.54146153423822	-93.57980727138988	10.098557970102533	-93.57980727138983	188.99824199287468	
3.588423074973414	-176.98494239804938	7.808992997013416	14.997587547851847	7.808992997013423	-111.7704693738459	-72.88118667198177	14.997587547851879	-72.88118667198175	167.76923224379152	
3.6436295838191586	-203.825254664057	13.182811100218494	22.303877864196505	13.182811100218508	-111.37518260445486	-53.65947989260984	22.303877864196544	-53.65947989260981	149.293056972219	
3.6988360926649038	-210.51979644215913	13.456197488659821	30.67910109595	13.456197488659862	-94.84797221831604	-34.49520955610813	30.679101095950053	-34.495209556108115	134.35224933253417	
3.7540426015106485	-198.48378403738576	8.12542130267349	38.37539306739493	8.125421302673523	-63.17371643335569	-13.605366502215755	38.37539306739499	-13.605366502215745	122.52663924754088	
3.8092491103563932	-170.58552388394668	-2.1734912514874125	43.81531214315608	-2.1734912514873663	-18.633906622702952	10.37765405420501	43.81531214315613	10.377654054205014	112.77266661263067	
3.864455619202138	-130.48996569885765	-15.879484381500358	46.051858429989096	-15.879484381500323	35.299173921622966	37.68573966453526	46.051858429989124	37.68573966453528	104.13227476551019	
3.9196621280478827	-82.10420852024382	-30.89950093432664	44.92263318506591	-30.899500934326603	93.99644549301188	67.11241476794906	44.92263318506592	67.11241476794906	96.26704694663763	
3.974868636893628	-29.50513619714056	-44.85090698697653	40.9135400817491	-44.8509069869765	151.74649557746315	96.20326718411613	40.91354008174905	96.20326718411613	89.6208712650466	
4.030075145739373	22.9962320844634	-55.58528286326472	34.87210015167863	-55.58528286326468	202.29561617882302	121.87430340928418	34.87210015167855	121.87430340928421	85.13196842012673	
4.085281654585118	70.98867120206518	-61.43975798384196	27.730460211366786	-61.439757983841915	239.5058048578427	141.3055821470024	27.730460211366662	141.30558214700244	83.71043646568452	
4.140488163430862	110.28813663763097	-61.68570062325145	20.318431788640414	-61.685700623251385	258.2930304723727	152.7584654072554	20.318431788640247	152.75846540725544	85.8085456868022	
4.195694672276607	137.71387783775083	-56.62782349247845	13.310193960374288	-56.627823492478385	255.456273729656	156.0135123558993	13.310193960374072	156.01351235589937	91.20707010923613	
4.250901181122352	151.69602229547513	-47.49011445109028	7.271648745304908	-47.49011445109018	230.3982708326385	152.34278977958638	7.2716487453046526	152.3427897795865	99.18124053180851	
4.306107689968097	152.85726733128084	-36.14861086512141	2.755452397349825	-36.14861086512132	185.46804349860992	144.08357136694738	2.7554523973495693	144.08357136694747	108.80296162847054	
4.361314198813842	143.77132227772572	-24.350333636993156	0.3368361912739193	-24.350333636993014	125.55283341362707	134.00663476191835	0.3368361912736626	134.00663476191846	119.23496330727738	
4.416520707659586	128.46397068772598	-13.174917624781383	0.5264567486300589	-13.17491762478128	57.49182402673485	124.72589042443121	0.5264567486298137	124.72589042443136	129.7780813856688	
4.4717272165053314	111.49728185725242	-2.6978195145834576	3.6531781320180325	-2.697819514583326	-10.97844265864471	118.17749991944356	3.6531781320178096	118.17749991944369	139.65248512011456	
4.526933725351076	97.13338678379336	7.856060663165927	9.683143226744434	7.856060663166048	-72.08579602066355	115.3778669099081	9.683143226744214	115.3778669099082	147.76290334885056	
4.582140234196821	88.54559631186446	19.54384854956016	18.123661871563996	19.543848549560295	-118.88992086985111	116.33466927621716	18.123661871563826	116.33466927621726	152.67748589094356	
4.637346743042566	87.82856769331038	33.02182333375132	28.049750384245385	33.02182333375144	-146.09307329413124	120.10531688465085	28.04975038424521	120.10531688465096	152.8468734840955	
4.69255325188831	95.93058393655173	47.862797692844985	38.29490662057791	47.8627976928451	-150.22344418629135	124.96127738240133	38.294906620577734	124.96127738240142	147.20011244711014	
4.747759760734056	113.03559875276366	62.48536120195162	47.749042147479464	62.4853612019517	-130.27510668653943	128.74350803504285	47.74904214747929	128.7435080350429	135.72808568155622	
4.8029662695798	138.69485842549946	74.41357707697316	55.70753774681563	74.41357707697325	-87.63511658636932	129.26653226483648	55.70753774681542	129.26653226483648	119.82553158882833	
4.858172778425545	172.00497202266067	81.01242002824058	61.966811462817766	81.01242002824068	-26.22908703607165	124.8599410362745	61.96681146281754	124.85994103627449	102.18820479859522	
4.91337928727129	211.41237424241663	80.22861137553008	66.79860213627023	80.22861137553022	48.04449935061869	114.77673990259726	66.79860213626999	114.7767399025972	86.23292345772212	
4.9685857961170345	254.8450503152127	71.22872897772535	70.79154729465701	71.22872897772555	128.35950386374046	99.45290746309567	70.79154729465674	99.45290746309556	75.26216331523459	
5.02379230496278	299.33998662641466	54.624947563185685	74.59409447609666	54.624947563185934	208.12891374608944	80.42765339687418	74.59409447609637	80.42765339687405	71.63511583134347	
5.078998813808524	341.7059156974976	32.207614709462945	78.68532622105924	32.207614709463286	282.4657584582143	59.981055815922346	78.68532622105894	59.981055815922176	76.27656618178335	
5.134205322654269	378.62471791810117	6.495178322806623	83.16352783108786	6.4951783228071065	348.8395875438559	40.55649391727656	83.16352783108758	40.55649391727636	88.60885297805939	
5.189411831500014	407.40528093087585	-19.96553710898847	87.63642222968163	-19.965537108987917	407.0923164772225	24.181472855426982	87.6364222296814	24.181472855426755	106.91012964602183	
5.244618340345759	426.23763363389844	-45.03692521624838	91.23530273462622	-45.036925216247724	458.51910984205074	12.025749729835237	91.23530273462606	12.025749729834985	128.92622092449216	
5.299824849191504	434.1177062701528	-67.16932625572541	92.74336795818078	-67.16932625572476	504.29957143809156	4.232377213410142	92.7433679581807	4.232377213409845	152.42697337157193	
5.355031358037248	430.7480821454558	-85.28616670889397	90.90653332369261	-85.28616670889333	544.3066295518435	0.0680766136196782	90.90653332369263	0.06807661361936379	175.57909730038844	
5.410237866882993	415.9960073648059	-98.5168792592465	84.78189013866373	-98.51687925924597	576.2477454540749	-1.7193180380052056	84.78189013866387	-1.719318038005527	196.99474896042744	
5.4654443757287385	389.8867078084419	-106.05450297266273	74.06064959964247	-106.0545029726623	596.1385247723723	-2.4926563565745257	74.06064959964274	-2.4926563565748436	215.59917365869708	
5.520650884574483	352.73703893939546	-107.19265646126756	59.22122312210385	-107.19265646126732	599.2652305193037	-3.3804230514987	59.22122312210422	-3.3804230514990037	230.4687408135374	
5.575857393420228	305.82975583051046	-101.46988802634125	41.429443188096066	-101.46988802634121	581.8621889264372	-5.068415009796009	41.42944318809653	-5.068415009796285	240.7913096390442	
5.631063902265972	251.9132882979752	-89.13913435104469	22.24568731844978	-89.13913435104479	542.4218637618541	-7.770546393596638	22.245687318450294	-7.770546393596897	245.9708810625449	
5.6862704111117175	195.30158902939485	-71.33229429451674	3.212471597475748	-71.33229429451696	482.5168303656984	-11.314179282299236	3.2124715974762807	-11.314179282299488	245.82878298397156	
5.741476919957463	141.37903758148988	-49.989866243742966	-14.465044568630793	-49.989866243743236	406.83231452256774	-15.320887987605186	-14.46504456863029	-15.32088798760544	240.77545907295286	
5.796683428803207	95.28971366966638	-27.55941792885823	-30.041884743287653	-27.559417928858522	322.2008038666343	-19.35291196257476	-30.041884743287202	-19.35291196257501	231.78628170075652	
5.851889937648952	61.00734958425204	-6.315206437670305	-43.15022002418104	-6.31520643767054	236.56267803142484	-22.993546816796762	-43.15022002418068	-22.99354681679703	220.19774602691177	
5.9070964464946965	40.17886998423643	12.121251320855277	-53.61979647968676	12.121251320855194	157.72699748245597	-25.870673698401603	-53.61979647968654	-25.870673698401873	207.32924425659542	
5.962302955340442	32.104257548974005	27.16695399503162	-61.26575557493189	27.166953995031633	92.22511042313891	-27.61579894766369	-61.26575557493183	-27.615798947663944	194.0606277445641	
6.017509464186187	34.167692687109025	39.192308357947454	-65.78392497630792	39.19230835794758	44.82057526769385	-27.825531914627433	-65.78392497630801	-27.82553191462764	180.60073108910242	
6.072715973031931	42.87230920851265	49.05832300755566	-66.75687986862114	49.0583230075559	17.979459295229873	-26.049851731033154	-66.75687986862143	-26.049851731033286	166.46417223244947	
6.127922481877676	54.46595291851881	57.68874487685719	-63.74048203038467	57.68874487685755	11.653915375156828	-21.86772603076034	-63.74048203038514	-21.867726030760387	150.75832830004526	
6.183128990723421	65.80111681482354	65.34057341610315	-56.33474961655165	65.34057341610347	23.347508965480024	-14.991704588815502	-56.33474961655227	-14.991704588815441	132.62593675614963	
6.238335499569166	74.2222462221549	71.58309835787163	-44.27250908588449	71.5830983578719	48.15510672646832	-5.394070922216106	-44.27250908588525	-5.394070922215946	111.70271916803375	
6.293542008414911	77.67505063790384	75.23143858044935	-27.494044939494643	75.23143858044949	79.36575915946253	6.6638612398868835	-27.494044939495502	6.663861239887117	88.38980918470997	
6.348748517260655	74.71799614063292	74.8468906979741	-6.1937262489929115	74.84689069797413	109.29998380030553	20.63575170300822	-6.193726248993833	20.635751703008506	63.82857807360776	
6.4039550261064	64.63344328402874	69.19725090248969	19.08717898381181	69.19725090248953	130.3545285382544	35.752033324098164	19.087178983810865	35.75203332409845	39.597846904400164	
6.459161534952145	47.72916430358775	57.72562117577871	47.37775643454172	57.72562117577835	136.44334566288043	51.13303380850632	47.37775643454079	51.13303380850657	17.299782933284078	
6.51436804379789	25.60523963163424	40.95794420385704	77.25000016804368	40.9579442038565	124.03233917973934	65.8777917836869	77.25000016804277	65.87779178368709	-1.8748453793849968	
6.569574552643635	1.1043943067893593	20.463296984557005	106.84967055215597	20.46329698455627	92.78053528616289	79.14577431390201	106.84967055215512	79.14577431390211	-17.33635676884255	
6.624781061489379	-22.0210121127366	-1.1975532802493944	134.04495497925552	-1.1975532802502826	45.712486645466456	90.25211512379077	134.04495497925473	90.25211512379079	-29.082184672030284	
6.679987570335125	-39.83391733035927	-21.14547194723132	156.75722960933615	-21.145471947232323	-11.404048254777095	98.73140383138593	156.7572296093354	98.73140383138585	-37.49272647476695	
6.735194079180869	-48.940486866976386	-36.69090660685207	173.30352329972771	-36.69090660685307	-71.06053414662225	104.44385544689354	173.30352329972703	104.4438554468934	-43.04755066357406	
6.790400588026614	-47.226189078022685	-46.12361626131765	182.7309836745763	-46.12361626131859	-125.36525980724527	107.5616383825064	182.7309836745757	107.56163838250623	-46.12031467600695	
6.845607096872359	-34.07177143901616	-49.19214500190718	185.0273836904418	-49.192145001907974	-167.22629934629762	108.52928424502221	185.02738369044124	108.52928424502198	-46.93041007985708	
6.9008136057181035	-10.851548177495971	-47.26904517321498	181.12371497493325	-47.26904517321559	-191.550629346452	107.90578743127257	181.1237149749328	107.90578743127236	-45.612600006632256	
6.956020114563849	19.746480616407638	-43.161369048702205	172.7255017151544	-43.16136904870259	-195.59362048890745	106.19191272441186	172.72550171515408	106.19191272441172	-42.32752162373808	
7.011226623409593	53.74855322549132	-40.28514891898026	161.94568977687368	-40.28514891898038	-179.5000428302933	103.67848851624136	161.94568977687345	103.67848851624129	-37.39338127203389	
7.066433132255338	86.81371684287315	-41.84119545375701	150.9095351086924	-41.841195453756896	-145.93838953597668	100.40468803061455	150.90953510869224	100.40468803061461	-31.278213395797604	
7.121639641101083	114.675320888297	-49.84454966280866	141.38193146369568	-49.84454966280835	-99.67339166304399	96.2383422580616	141.38193146369565	96.23834225806188	-24.51656312192901	
7.176846149946828	133.90502737288278	-64.72077290458913	134.4894436817164	-64.72077290458861	-47.11249331730499	91.01461927796831	134.48944368171644	91.01461927796879	-17.562323025859133	
7.232052658792573	142.44158518338804	-85.21499631795956	130.59654746131997	-85.21499631795893	4.773640970103575	84.69645024984311	130.59654746132003	84.69645024984379	-10.61690861890931	
7.287259167638317	139.7466696238472	-108.80888235542585	129.31564887686545	-108.80888235542511	49.07928548222772	77.48329113373377	129.31564887686548	77.48329113373462	-3.5116061794436186	
7.342465676484062	126.85597204719163	-132.41212963279426	129.62031076943475	-132.41212963279352	80.01641985944408	69.80339935263495	129.62031076943472	69.80339935263592	4.302378511203318	
7.3976721853298075	105.98887768076142	-153.08401279676397	130.0671866025509	-153.0840127967632	93.61611795967939	62.220253698638174	130.06718660255075	62.220253698639226	13.6470685778618	
7.452878694175552	79.85634860586151	-168.48767721086787	129.10275921999045	-168.48767721086705	88.18749786194354	55.285846887893285	129.10275921999013	55.28584688789435	25.370833726179303	
7.508085203021297	51.23256987623352	-177.18795797498063	125.38566197331633	-177.18795797497978	64.5174475421884	49.41289365500187	125.38566197331585	49.412893655002875	40.03020636138542	
7.563291711867041	22.20201578454909	-178.57895119116222	118.06412469712266	-178.57895119116134	25.270372711086864	44.781539139184304	118.06412469712197	44.78153913918523	57.59350191510124	
7.6184982207127865	-6.0337424047732995	-172.79468869134698	106.9411077278793	-172.79468869134604	-25.313287635764382	41.34176241780169	106.94110772787849	41.34176241780252	77.29826335147722	
7.673704729558532	-33.26054468124575	-160.47225256632595	92.46160740433365	-160.47225256632495	-82.56207857413419	38.856464863698854	92.46160740433272	38.85646486369956	97.692423121737	
7.728911238404276	-59.84062736658723	-142.62572183561056	75.55313713298281	-142.62572183560948	-141.73367471264507	36.98104366580702	75.55313713298182	36.98104366580763	116.94244588839359	
7.784117747250021	-86.41549090395617	-120.57915312927253	57.35118079734728	-120.57915312927136	-198.56599679647707	35.37731779303418	57.351180797346316	35.377317793034734	133.27973097090322	
7.839324256095765	-113.29714997989961	-95.90952644589741	38.938003078810574	-95.90952644589616	-249.27959518309774	33.773793341184785	38.93800307880966	33.77379334118529	145.46863669562146	
7.894530764941511	-140.18370984182033	-70.32736451030696	21.164307340744884	-70.32736451030569	-290.42198291635304	32.020415928084326	21.164307340744088	32.02041592808483	153.11030662024945	
7.949737273787256	-165.7171967983937	-45.59466600559569	4.597620799560873	-45.59466600559439	-318.65137910330077	30.098176497623513	4.597620799560226	30.098176497624028	156.67080661148387	
8.004943782633001	-187.76299081899916	-23.252773443430605	-10.424948308715926	-23.25277344342936	-330.88361930349606	28.109808484721782	-10.424948308716427	28.109808484722326	157.24131785843252	
8.060150291478745	-203.33509481480945	-4.530387063481273	-23.689360746168788	-4.530387063480104	-324.59982410300046	26.230090108330224	-23.68936074616915	26.230090108330796	156.11523180901395	
8.11535680032449	-209.28671386127533	9.92608361248093	-35.00877603212403	9.926083612481989	-298.53619770730313	24.61928427047434	-35.00877603212429	24.619284270474935	154.35117086427204	
8.170563309170236	-202.8863556665011	19.904476328161092	-44.17333043007727	19.904476328162016	-253.11128626353957	23.33461240139024	-44.17333043007744	23.334612401390853	152.48361294593522	
8.22576981801598	-182.64041236779283	25.497564430469417	-50.928420072374394	25.49756443047021	-190.86097750652632	22.24403360701407	-50.92842007237452	22.244033607014703	150.46318304471728	
8.280976326861724	-148.9129318788996	26.812880688378588	-55.0127723050371	26.81288068837927	-116.10695851527248	20.981312416450326	-55.0127723050372	20.981312416450983	147.83220841435065	
8.336182835707469	-104.24156308102475	23.792896950481424	-56.20921004807032	23.79289695048203	-34.54158393267578	18.975998583419273	-56.209210048070425	18.97599858341998	144.04559124908408	
8.391389344553215	-52.90563702773781	16.118506928070282	-54.40893868033827	16.118506928070836	47.90534914377547	15.578832458538809	-54.408938680338395	15.578832458539576	138.80185686540193	
8.446595853398959	-0.13739755427709177	3.3418693676409177	-49.70386077493537	3.3418693676415145	125.68228444552767	10.247595584780791	-49.703860774935514	10.247595584781639	132.27627576591505	
8.501802362244703	49.11314495740166	-14.709012361743873	-42.466289845699194	-14.709012361743191	194.30297727943346	2.7267599675115317	-42.46628984569933	2.7267599675124785	125.16321809208044	
8.55700887109045	91.40683266472077	-37.72305477997317	-33.38201956006962	-37.72305477997242	250.52924892950074	-6.857595989506686	-33.38201956006975	-6.857595989505649	118.51262622525103	
8.612215379936194	125.41063371635249	-64.67553570750768	-23.419588327624975	-64.67553570750682	292.3873267834975	-18.025860851637283	-23.41958832762507	-18.025860851636175	113.44509288201016	
8.667421888781938	151.98289753211827	-93.83263273576446	-13.698401766626656	-93.83263273576348	318.744465669012	-30.093846766548566	-13.698401766626722	-30.093846766547422	110.86109323518137	
8.722628397627684	173.60338463912188	-123.00933319482425	-5.292837662422905	-123.00933319482317	329.44812783444706	-42.37764661905263	-5.292837662422938	-42.37764661905153	111.22641428379087	
8.777834906473428	193.2244598552867	-149.89511403032014	0.982162615338698	-149.89511403031898	325.025712779227	-54.33496340231969	0.982162615338682	-54.334963402318685	114.5331002812073	
8.833041415319173	213.39653204124502	-172.44732435690514	4.750070730609018	-172.44732435690392	307.06913277645464	-65.58395539964957	4.750070730608995	-65.58395539964874	120.43356751304222	
8.888247924164917	235.45590434747575	-189.14502031798395	6.154542721561651	-189.14502031798267	278.0802333431012	-75.79702617020814	6.154542721561606	-75.79702617020757	128.46359192270248	
8.943454433010663	259.370593516082	-199.18225122507658	5.798393740971704	-199.18225122507533	241.50477670594728	-84.50158429387201	5.798393740971603	-84.50158429387173	138.2755435950623	
8.998660941856407	284.0163625196826	-202.46477688250457	4.592732310337476	-202.46477688250343	201.55836960024567	-90.91342624481817	4.592732310337309	-90.91342624481818	149.7714456021594	
9.053867450702151	307.7257795461924	-199.48129785180686	3.5359607798621515	-199.4812978518059	162.7102863555272	-93.92066027864482	3.535960779861907	-93.92066027864509	163.09625402040024	
9.109073959547898	328.9040716549873	-191.21661714900196	3.48590879922413	-191.2166171490013	129.31781893944904	-92.27512486154595	3.485908799223812	-92.27512486154646	178.47024890352645	
9.164280468393642	346.43787075210224	-178.89719021568646	5.0016818019573135	-178.89719021568615	105.17934801372662	-84.92699645133024	5.001681801956927	-84.92699645133092	195.97382244059636	
9.219486977239386	359.6915355381641	-163.92006555466446	8.246242577601064	-163.92006555466452	93.19991524780836	-71.4268751689528	8.246242577600622	-71.42687516895359	215.33618853853653	
9.274693486085132	368.5321977426429	-147.6361122975321	12.980133414941267	-147.63611229753252	95.18628007709864	-52.195968973438646	12.980133414940795	-52.19596897343946	235.85200079946702	
9.329899994930877	372.8376816477054	-131.28583908004197	18.637718987342094	-131.28583908004268	111.6269172885072	-28.567612225524904	18.63771898734161	-28.567612225525718	256.4267289823371	
9.38510650377662	372.5691102129921	-115.79545871546303	24.456584483603617	-115.79545871546408	141.73750029274302	-2.5842005393005705	24.456584483603166	-2.584200539301336	275.787944198291	
9.440313012622365	367.76561004894575	-101.51846644456336	29.652794304237467	-101.5184664445646	183.47189048485546	23.378776159190473	29.652794304237077	23.3787761591898	292.75643065207083	
9.495519521468111	358.6374250935165	-88.18688297443768	33.58054678033251	-88.18688297443903	233.7350258257225	47.053902283024456	33.580546780332206	47.05390228302389	306.52059025304084	
9.550726030313855	345.8793186559568	-74.74684350774926	35.85185899905444	-74.74684350775061	288.5002924322164	66.62328582048109	35.85185899905425	66.62328582048063	316.78288835435535	
9.6059325391596	330.2879316991099	-59.57524893065357	36.38935909459969	-59.575248930654894	343.234308605623	80.90115681745678	36.389359094599634	80.90115681745645	323.7627961499252	
9.661139048005346	312.68551588492846	-40.86194733985205	35.37732387029139	-40.861947339853245	392.96041095984515	89.38993977925773	35.37732387029147	89.3899397792575	328.0607472914566	
