# Stress in units of bar (10^5 Pa)
# z	Sxx	Sxy	Sxz	Syx	Syy	Syz	Szx	Szy	Szz
0.0	536.7641183559564	129.23293606657222	-166.17512102194308	129.232936066571	-70.25452819560124	-5.630087958851691	-166.17512102194422	-5.630087958851652	369.971136860854	
0.05013593442880424	826.031433287758	21.849659402885223	-202.96923531182534	21.849659402883958	9.339720910445	-66.67157694680822	-202.9692353118266	-66.67157694680833	353.3817541158262	
0.10027186885760848	1076.9789757281958	-78.08375712994393	-233.78863485028143	-78.0837571299449	99.07131802675119	-114.80356740010029	-233.78863485028273	-114.80356740010082	347.8453657142661	
0.15040780328641273	1216.4551203316266	-152.27260170791916	-255.0892468934913	-152.27260170791965	178.18605666530442	-142.86597482755178	-255.08924689349234	-142.86597482755283	342.75428625196486	
0.20054373771521697	1192.2288363826015	-214.74299149269302	-271.1239323090458	-214.74299149269308	211.06182092350264	-146.92365048213583	-271.12393230904644	-146.9236504821372	321.47454307121285	
0.2506796721440212	1011.6685869474996	-283.6612940916263	-291.99169930165897	-283.66129409162613	173.4781073973478	-130.2019550462416	-291.99169930165914	-130.20195504624309	276.3704976954555	
0.30081560657282547	744.5177444218747	-342.41917111730413	-318.9225330693077	-342.41917111730373	77.51061002793585	-105.67921600045118	-318.9225330693075	-105.67921600045247	215.4590231919188	
0.3509515410016297	475.9917533209937	-345.70453967164497	-337.35334714177407	-345.7045396716443	-27.495640502827854	-90.97210622145829	-337.35334714177384	-90.9721062214592	158.73548161949918	
0.40108747543043394	261.27133613359615	-270.91090397552614	-330.05450586006054	-270.91090397552506	-87.65020158875828	-96.39610701663227	-330.05450586006043	-96.39610701663277	128.7677188363415	
0.4512234098592382	122.89687898536624	-145.9468329735502	-295.3306973252647	-145.94683297354862	-90.0136486538483	-116.68404314999682	-295.3306973252647	-116.68404314999694	139.9109777126322	
0.5013593442880424	68.3722407624616	-18.91178353861011	-250.68965958705684	-18.911783538608177	-70.48957036445047	-136.24905543283228	-250.68965958705684	-136.24905543283214	189.80534149819346	
0.5514952787168467	86.53880069871671	80.06051933404262	-221.3598896948739	80.06051933404463	-72.63158014520968	-142.66537876583988	-221.35988969487389	-142.6653787658396	257.94797324995886	
0.6016312131456509	130.48754860614196	142.6943472771385	-225.16410275142158	142.69434727713988	-105.71128757394244	-132.37580762053773	-225.16410275142158	-132.37580762053733	314.9882551212322	
0.6517671475744552	134.24044437339714	172.81821789530602	-263.1709192359501	172.8182178953065	-139.70362797946197	-104.34643180435279	-263.1709192359502	-104.34643180435246	338.8799373300335	
0.7019030820032593	75.38661757132196	185.57701988484501	-320.48874908640187	185.5770198848446	-127.7988072288936	-55.28608166101559	-320.488749086402	-55.28608166101545	325.72625006441206	
0.7520390164320636	3.2988391590807282	198.6402022538213	-376.0551968531509	198.6402022538204	-39.48453664047189	13.380891742559967	-376.0551968531511	13.380891742559884	287.0463643513912	
0.8021749508608679	-27.908865933527238	211.4800407345718	-414.3272581936243	211.48004073457108	106.52680363559884	85.93558331370949	-414.32725819362446	85.93558331370916	239.05563951704914	
0.8523108852896721	-37.32205818059765	205.6808866100322	-431.05169822021116	205.68088661003193	241.5608468170682	135.58716017270842	-431.0516982202114	135.58716017270783	195.30060174608792	
0.9024468197184764	-81.92800191692908	169.05187364264918	-431.0204854786964	169.05187364264913	301.5681088063983	141.3985843786539	-431.02048547869674	141.39858437865308	166.0496818661409	
0.9525827541472806	-158.68881497653896	103.5117046145349	-421.8896347348591	103.51170461453458	288.8286290170622	103.98054636146486	-421.8896347348595	103.98054636146384	160.02360594799165	
1.0027186885760848	-196.65048107992197	12.112358601052478	-409.72459437159887	12.112358601051596	269.1091640087829	46.00546763067452	-409.72459437159944	46.00546763067345	184.43061430324738	
1.0528546230048892	-146.6755163645978	-101.68223032769387	-398.80821557492976	-101.68223032769522	306.9309883755194	-2.2044827258486777	-398.80821557493056	-2.2044827258497115	242.73011933054335	
1.1029905574336933	-34.54683356365598	-219.64675353664154	-392.4050617401195	-219.64675353664288	408.7699844138856	-20.435256683732028	-392.4050617401207	-20.435256683733023	331.0050510049589	
1.1531264918624975	77.0330050902063	-314.6257572423206	-390.0140379817658	-314.6257572423216	524.6151495008764	-7.371967914491808	-390.01403798176733	-7.371967914492876	434.25013703331285	
1.2032624262913019	143.91543050716132	-376.31583040485384	-384.71291160821784	-376.3158304048545	587.5687492496094	24.05143688581012	-384.7129116082198	24.051436885808887	525.6823625078522	
1.253398360720106	147.11922460931697	-416.72716759041697	-367.9726544932562	-416.72716759041765	547.9403889190626	58.22710180875359	-367.9726544932585	58.22710180875221	574.0083527381381	
1.3035342951489104	74.2469051228552	-443.0618092594486	-338.4450547325682	-443.06180925944966	392.9432328406367	83.9716378241794	-338.4450547325707	83.9716378241781	559.7305437611584	
1.3536702295777145	-73.33321366029665	-437.12845064279236	-303.0873922141129	-437.12845064279395	154.8530845160905	93.44379053225126	-303.0873922141152	93.44379053225026	489.24843558302587	
1.4038061640065187	-253.9560828428166	-373.8199222621055	-268.99273782697117	-373.81992226210735	-95.9681434076675	80.55297411471021	-268.9927378269728	80.55297411470951	390.69488908103347	
1.453942098435323	-393.81046450984843	-258.6606815217171	-236.33289499013475	-258.66068152171863	-269.39182273183786	45.401460081921826	-236.33289499013557	45.401460081921364	293.5698152195101	
1.5040780328641272	-440.4436504553016	-137.84580612326295	-199.25463027061514	-137.84580612326363	-289.4118065191685	0.10425678184713227	-199.25463027061514	0.10425678184673792	214.78376078182418	
1.5542139672929316	-399.32991187656387	-62.51122850111446	-152.93734324648813	-62.51122850111415	-148.18171248944324	-33.992349230735265	-152.93734324648756	-33.99234923073571	164.8170216162012	
1.6043499017217357	-309.91506809200223	-44.98654060621044	-102.06539948595739	-44.98654060620933	70.4562403549179	-38.43742144450517	-102.0653994859566	-38.43742144450583	158.88043011897983	
1.65448583615054	-201.8303703330239	-60.30083571666506	-63.94054953300327	-60.30083571666361	256.209114764583	-6.914521531545894	-63.940549533002525	-6.914521531546946	211.21075587687665	
1.7046217705793443	-87.98564748579852	-86.7513078709094	-59.46837026271731	-86.75130787090812	365.1666166615938	57.79837486126551	-59.46837026271673	57.79837486126407	316.9638332558614	
1.7547577050081484	18.45513930106557	-126.03634848767385	-93.32488133654982	-126.03634848767305	421.5813871587896	150.03166465000606	-93.32488133654935	150.03166465000442	446.7411501297079	
1.8048936394369528	102.52083525088301	-181.73664575967487	-139.22057873390406	-181.7366457596746	444.164441173731	256.1537324327456	-139.22057873390358	256.15373243274405	564.1258554096736	
1.855029573865757	156.87062909080842	-239.51472247804534	-151.95646427012767	-239.51472247804557	412.589939778652	346.42512456692197	-151.95646427012707	346.4251245669207	648.5062898681023	
1.905165508294561	184.4990389574874	-283.3024943806096	-105.89357284422499	-283.3024943806102	313.11587810598616	386.02270338210553	-105.89357284422428	386.0227033821047	702.0475062050862	
1.9553014427233655	198.0426187377451	-317.9701129814166	-22.827316446038054	-317.9701129814177	187.54067779263846	362.3866743845877	-22.827316446037326	362.3866743845872	741.2115728450386	
2.0054373771521696	212.51068411028274	-353.7057234008765	46.41669377233205	-353.70572340087796	107.61556285237754	300.19283352402306	46.416693772332685	300.1928335240228	784.8599451850039	
2.055573311580974	230.53328489084583	-378.88888794021864	69.31281061061298	-378.88888794022034	100.18636363900549	247.1244764112302	69.3128106106135	247.12447641123006	841.2310305298352	
2.1057092460097784	254.63128588105658	-371.3254557960298	55.20879007352585	-371.3254557960313	123.3131135403732	240.9662371794121	55.208790073526316	240.96623717941185	893.8810130587977	
2.1558451804385825	322.6376915838363	-326.86612270525484	35.4161722577434	-326.86612270525586	131.22411261793786	283.468403374413	35.4161722577439	283.4684033744127	900.3356807221312	
2.2059811148673867	484.5416448029055	-260.14412940194956	31.507133664868505	-260.1441294019499	141.65967687240624	343.917408471182	31.507133664869	343.9174084711814	815.6528489762136	
2.256117049296191	711.4168783370344	-185.936092315136	47.36156838649994	-185.9360923151356	207.68195119022897	387.3839933357855	47.36156838650028	387.38399333578457	626.6018575104955	
2.306252983724995	874.8742986097147	-108.11090955309948	84.4194976220771	-108.11090955309854	325.0207213286517	395.03799769001955	84.41949762207722	395.0379976900184	365.7542747986172	
2.3563889181537996	867.3392243682472	-16.053805659468296	151.11963519985034	-16.0538056594672	399.7521814875256	361.48600798885855	151.1196351998503	361.4860079888574	94.52080821251418	
2.4065248525826037	715.6232681243141	101.68711828080896	247.7884567056787	101.68711828080995	337.2956137170232	289.3436913334767	247.78845670567867	289.3436913334757	-129.11411991952536	
2.456660787011408	538.2381633897971	226.24581406782323	347.0540585308935	226.24581406782397	153.4304426606019	193.2855133012387	347.0540585308936	193.28551330123787	-277.71992757057103	
2.506796721440212	417.2779982903175	304.4024312205458	406.3377936661816	304.4024312205463	-39.749683406194606	96.75701381678772	406.3377936661818	96.7570138167872	-362.7337681325807	
2.556932655869016	344.0227012860995	298.027857484521	406.9480727690286	298.0278574845213	-158.88220321762427	15.393150982409892	406.9480727690289	15.393150982409658	-415.7587907223518	
2.607068590297821	263.4419689911493	228.655979485763	367.00163216403195	228.65597948576328	-217.34964937022824	-49.73020555268136	367.0016321640323	-49.730205552681454	-452.8613946294328	
2.657204524726625	141.03805498113192	155.57317946476292	305.6330522522068	155.57317946476297	-261.2738971372326	-98.00424037990594	305.6330522522072	-98.00424037990595	-455.61850563552497	
2.707340459155429	-4.000065203257996	120.60555094322538	209.43104968235076	120.60555094322535	-289.9569160722315	-117.82060718610734	209.43104968235116	-117.82060718610731	-392.3289204308029	
2.7574763935842332	-116.26193478233051	127.09636631444224	53.59835104268657	127.0963663144421	-264.5858929329964	-97.05533819265628	53.598351042686936	-97.05533819265622	-257.17996932343567	
2.8076123280130374	-152.02456047116948	152.91070767086222	-147.20712776316338	152.9107076708621	-161.86870860758688	-39.86297479625506	-147.20712776316304	-39.86297479625494	-84.761074244575	
2.857748262441842	-112.78958771976374	165.1074744816039	-325.0501199435964	165.10747448160382	-1.294600840298699	33.92754153581776	-325.0501199435961	33.927541535817895	70.88420790985813	
2.907884196870646	-40.38557646237611	136.9015867926249	-400.9434290674245	136.9015867926249	170.17781383698264	101.99520342539847	-400.9434290674243	101.99520342539856	169.41821146117317	
2.9580201312994503	12.648469308943277	68.82188328769155	-339.5996745777778	68.82188328769172	314.7536460002867	146.34305957170147	-339.5996745777776	146.34305957170147	204.61745331462512	
3.0081560657282544	10.124802843851938	-6.730473885709841	-171.2844934833667	-6.7304738857096424	421.8984701084015	155.32388541638124	-171.2844934833666	155.3238854163812	198.55125098368302	
3.0582920001570586	-54.96970567986006	-44.271839262698336	26.535394588376384	-44.27183926269818	491.8571909004049	132.75578009441261	26.535394588376494	132.75578009441247	173.15027041644294	
3.108427934585863	-160.64746940761736	-16.20484151099551	170.78107212638366	-16.204841510995433	513.7069974015408	104.25141818286514	170.78107212638375	104.25141818286504	128.55436741759362	
3.1585638690146673	-267.9396747078367	58.902935630101666	216.877696432851	58.90293563010161	464.0833200152831	101.78327957387711	216.8776964328511	101.78327957387702	55.59413675334788	
3.2086998034434715	-343.66590662168403	118.4371697581511	182.12086488441173	118.4371697581509	325.734757180979	136.77250010685776	182.12086488441184	136.77250010685765	-36.04007667880972	
3.2588357378722757	-383.7097371111853	105.06699086342013	127.36970993124314	105.06699086341993	110.70167522014383	193.2789972396551	127.36970993124321	193.27899723965498	-114.25150718032597	
3.30897167230108	-415.18704983379996	17.15960022707018	105.25388025637066	17.159600227069987	-130.31227384404974	246.91271631263004	105.25388025637069	246.91271631262993	-145.61847604828208	
3.3591076067298844	-464.5795361828432	-96.02153685749215	120.20523909230911	-96.02153685749231	-329.10263676420743	281.6733654976632	120.20523909230914	281.6733654976631	-107.99677851681689	
3.4092435411586886	-518.5614329804393	-181.36652266890428	137.31722666061643	-181.36652266890428	-442.7214281449634	287.0689062257836	137.3172266606164	287.0689062257835	10.32619895235262	
3.4593794755874927	-528.4555131542188	-215.46367230919796	123.4469029217361	-215.46367230919788	-479.9640041323329	251.59297843586103	123.44690292173607	251.5929784358609	202.21649935736298	
3.509515410016297	-464.0813051443116	-206.2569230935873	75.79248404873006	-206.25692309358712	-487.5282971184684	170.38865908254775	75.79248404873	170.38865908254758	426.7270996396403	
3.559651344445101	-357.7875970870596	-181.16281638338032	19.378035044026852	-181.1628163833801	-506.0968308483	56.11613439489166	19.37803504402675	56.11613439489152	617.8444078845951	
3.6097872788739056	-285.21538656032385	-169.73234785218713	-15.359975658694296	-169.73234785218693	-533.3211197726265	-64.92666209295578	-15.359975658694456	-64.92666209295587	722.7893483816197	
3.6599232133027098	-304.52007376046123	-185.2503559296326	-17.753260738408812	-185.25035592963252	-527.1939061434888	-166.39381102622318	-17.753260738409004	-166.3938110262232	736.0775018616162	
3.710059147731514	-414.5026978836818	-222.15345577089266	-6.24227469632844	-222.15345577089272	-448.85934205046124	-231.9527556767435	-6.242274696328629	-231.9527556767435	698.3439201213878	
3.760195082160318	-555.6398149544292	-269.9622792287094	-10.619371690445346	-269.96227922870946	-303.7221610154365	-260.4401931542236	-10.619371690445515	-260.44019315422355	665.0133620950842	
3.810331016589122	-643.1677799385377	-319.75182139476453	-44.00332784575508	-319.75182139476465	-138.7142986473945	-266.35796780397925	-44.003327845755194	-266.35796780397914	671.6522144202299	
3.860466951017927	-622.2362639633002	-358.79128981731816	-94.77684257685038	-358.79128981731833	1.8246304649364333	-271.15335133404693	-94.77684257685041	-271.1533513340469	715.7246271736403	
3.910602885446731	-515.9807548674096	-374.1310503798693	-143.6279092883314	-374.1310503798694	118.20504961984274	-289.49795738787225	-143.6279092883314	-289.49795738787213	761.0749055578106	
3.960738819875535	-411.04655391937587	-360.82684974137857	-182.6051533507923	-360.8268497413786	247.01980984808307	-322.1315896678723	-182.6051533507922	-322.13158966787216	762.2975060974966	
4.010874754304339	-372.63174517007076	-314.9602984589211	-217.0765055280897	-314.96029845892116	409.29549474938943	-357.8496525141396	-217.07650552808954	-357.8496525141395	694.6897811001331	
4.061010688733144	-374.12638431832295	-228.76927109565747	-254.12565918872957	-228.76927109565753	577.289381724804	-378.26970884854296	-254.1256591887294	-378.26970884854285	569.5971734264674	
4.111146623161948	-327.286309747768	-106.76124353800122	-291.8013402557259	-106.76124353800122	692.8555567181386	-362.4539614232259	-291.8013402557258	-362.4539614232258	427.26489211083117	
4.161282557590752	-182.9830705658124	23.55619766888794	-319.39413196458406	23.55619766888794	708.7618545183377	-293.092512072327	-319.39413196458395	-293.092512072327	314.55295449799564	
4.211418492019557	7.906214217094799	130.6322182362632	-327.87098349550024	130.63221823626327	616.1185378839589	-166.38992051753098	-327.8709834955002	-166.38992051753104	258.39282637803973	
4.2615544264483605	137.4628005347014	199.852611512735	-318.82754343314923	199.85261151273497	440.7714394879119	-5.947655466162762	-318.82754343314923	-5.947655466162807	247.51586134111346	
4.311690360877165	141.29616766590328	225.70901611302236	-299.82822949103473	225.7090161130224	220.27800450814587	130.05025692286196	-299.8282294910348	130.05025692286185	238.0285564499243	
4.361826295305969	56.46851904069386	197.76169454553846	-269.8472003670255	197.7616945455384	-8.24470762356674	169.41989715019264	-269.8472003670255	169.4198971501926	186.8815074702481	
4.411962229734773	-21.101688662970282	114.55148073923247	-215.62299258944023	114.55148073923246	-206.9048125628611	76.49569619130546	-215.62299258944023	76.49569619130537	89.38882713289102	
4.462098164163578	-33.08126333790574	7.839289646904124	-131.47709938633045	7.83928964690406	-343.2869257676773	-107.07289384344116	-131.47709938633042	-107.07289384344122	-13.9107037802702	
4.512234098592382	-6.84176242330409	-69.36402719617902	-41.40898977891486	-69.36402719617898	-403.32750489162765	-277.92693346786234	-41.40898977891473	-277.9269334678623	-68.25916671002588	
4.562370033021186	-5.132749118847954	-89.13157951892418	11.532255874685426	-89.13157951892414	-394.68996600302944	-338.6019610987372	11.532255874685646	-338.6019610987372	-45.1604012774019	
4.61250596744999	-48.875805033481186	-72.83793971339591	4.840269622457281	-72.83793971339577	-337.73145644679516	-259.50691639482915	4.840269622457569	-259.50691639482915	40.2309488839885	
4.662641901878795	-114.11315931527713	-61.898912173932715	-40.97294243624215	-61.898912173932544	-255.94893461539777	-84.83498308075404	-40.97294243624184	-84.83498308075413	144.4409820582863	
4.712777836307599	-187.34084795925844	-77.87532933425453	-82.80638431983046	-77.87532933425433	-169.03798670486785	111.54277114927433	-82.80638431983023	111.5427711492741	228.5605659347912	
4.762913770736403	-271.65895963887	-120.3070660104231	-90.5755546308745	-120.307066010423	-88.36489749391114	275.5246338309033	-90.5755546308744	275.524633830903	283.3414553713741	
4.8130497051652075	-334.58760433188934	-184.35450853531432	-60.29772872296487	-184.35450853531407	-13.598018139610303	394.78282802176886	-60.29772872296485	394.78282802176864	331.9785324690904	
4.863185639594011	-309.3595962928903	-255.2760205942946	-3.4740845119289068	-255.27602059429404	67.14203210845209	487.93888712923933	-3.474084511929008	487.9388871292392	414.88291839125793	
4.913321574022816	-175.3396934438626	-291.9161531624969	63.98800440728505	-291.9161531624959	168.18228219072122	572.3351711972616	63.98800440728478	572.3351711972616	566.0870868108043	
4.96345750845162	-2.3381061970633077	-248.19127492568228	122.39225868908335	-248.1912749256807	287.6389992301381	636.2698053428805	122.3922586890829	636.2698053428808	789.8186608026714	
5.013593442880424	110.69210286068045	-127.81289308083905	149.9244604833217	-127.812893080837	393.844067944314	641.8720577175	149.92446048332113	641.8720577175003	1049.907338244661	
5.063729377309229	127.04106862689163	0.6935243794716328	135.65983683994773	0.6935243794742689	433.605866657058	557.0536666304721	135.65983683994727	557.0536666304725	1280.673428033005	
5.113865311738032	85.93894106654348	61.7331247434897	90.98336437132242	61.733124743492596	362.0337532244794	386.9208946995468	90.98336437132207	386.9208946995474	1415.0172433307603	
5.164001246166837	42.21381569899468	38.98548605655759	40.113498433569724	38.98548605656066	178.9877458308787	181.319935524973	40.11349843356938	181.31993552497354	1416.5817434422706	
5.214137180595642	23.282167337538226	-25.793585222389055	-3.0167398989675815	-25.79358522238644	-61.50009122042451	18.021417303250573	-3.0167398989681145	18.02141730325092	1296.2489032201734	
5.264273115024445	39.01530315586197	-85.92264174010546	-44.41172700779775	-85.9226417401037	-287.48452757171566	-33.29771069477343	-44.41172700779863	-33.2977106947734	1099.8324767066752	
5.31440904945325	92.72074933510683	-123.97922969028417	-96.85135884633162	-123.97922969028349	-449.38786012701087	45.06863322881203	-96.85135884633291	45.068633228811684	880.2973462376578	
5.364544983882054	177.00795261629872	-141.52822623382855	-163.06288107990582	-141.52822623382883	-518.2363221892215	199.88287811314422	-163.06288107990744	199.88287811314365	678.6244384033758	
5.414680918310858	284.08888878864417	-139.62408174612804	-233.9850952668334	-139.62408174612895	-477.5321783460462	341.2594721828332	-233.9850952668353	341.2594721828326	517.0612609419392	
5.464816852739663	428.180613487195	-119.15111456323947	-296.14977393339905	-119.15111456324031	-342.63781791813267	408.40192138918053	-296.149773933401	408.40192138918013	397.5422653610148	
5.5149527871684665	639.8014944332809	-91.83460363368305	-333.9847472217489	-91.83460363368353	-159.38174192827643	407.3898707910605	-333.9847472217506	407.3898707910603	308.3889346610198	
5.565088721597271	924.4405520786789	-80.12645712823381	-331.6133330671819	-80.12645712823398	45.16675331677317	389.88275240317563	-331.6133330671833	389.88275240317546	240.3915089465397	
5.615224656026075	1221.6286923520436	-99.96508721308713	-284.61149024970143	-99.96508721308734	285.50610608076954	400.8366299660324	-284.61149024970257	400.83662996603226	198.57153050316325	
5.665360590454879	1423.11548037858	-143.4751220953284	-210.9009204994735	-143.47512209532897	557.7554225352878	442.38006149012483	-210.90092049947444	442.3800614901248	198.8770184018243	
5.715496524883684	1454.9682185368351	-185.3393332752087	-142.91196102771028	-185.3393332752097	784.5775673534926	477.03860730951226	-142.91196102771116	477.03860730951203	253.96168327513294	
5.765632459312488	1330.5861576784816	-208.77529821067566	-104.55959028200525	-208.77529821067708	864.2885101448618	464.18226057640857	-104.55959028200608	464.18226057640857	357.63567140805594	
5.815768393741292	1117.7761494395959	-216.12319486827488	-93.66833961735848	-216.12319486827647	767.6510208223318	398.540462912135	-93.66833961735921	398.54046291213507	478.12809933641097	
5.865904328170096	878.6179444355009	-210.34730997196004	-86.43324382248525	-210.34730997196164	556.4423185802758	312.8711442570695	-86.43324382248579	312.87114425706955	569.8247158104016	
5.916040262598901	651.0524355023684	-182.93393926409732	-61.27034994868984	-182.93393926409848	320.9330831002669	243.82276742073418	-61.27034994869015	243.82276742073424	600.2887659642232	
5.966176197027705	455.7679446926348	-128.57611469514444	-18.19675946516628	-128.57611469514495	132.23402987039776	203.7997264256051	-18.19675946516635	203.799726425605	572.0233474339373	
6.016312131456509	295.164344387402	-56.89378615176123	25.384746043750994	-56.89378615176102	37.3502641282293	186.59266637508716	25.38474604375108	186.592666375087	519.7626528906736	
6.0664480658853135	156.16643936421303	18.135547607600103	52.76216197499467	18.135547607600728	50.15884146933118	185.3922793487218	52.76216197499483	185.3922793487215	485.1662823529342	
6.116584000314117	26.98178715175095	88.23952397578722	58.80794748263881	88.23952397578813	127.28521363646617	195.18539467673622	58.80794748263901	195.1853946767359	489.49694865099576	
6.166719934742922	-88.43248420684245	144.7097188980157	49.71545312468	144.70971889801677	181.37005301471328	206.15693150926128	49.715453124680266	206.15693150926103	524.0584557311149	
6.216855869171726	-168.84414066208308	174.06647717059315	39.360621109642324	174.0664771705946	149.48837374931165	206.66039317948903	39.3606211096427	206.66039317948906	561.3954487398585	
6.26699180360053	-184.9263321397758	169.45299461303688	44.231555732870575	169.45299461303858	51.74571817089452	192.0791514514868	44.231555732871044	192.07915145148723	574.9282435236267	
6.317127738029335	-122.06012605753814	140.96132211490584	74.40884134453222	140.96132211490755	-39.595540139461264	165.53354569322224	74.40884134453263	165.53354569322312	553.3397664481998	
6.367263672458138	-6.005798144500204	105.10301990051394	124.94397267871798	105.10301990051548	-90.7534193397604	132.35787114465003	124.94397267871815	132.3578711446513	503.97431515268175	
6.417399606886943	99.95849322577564	71.99000572504261	176.6161959379727	71.99000572504386	-138.95634604475453	99.28427684821827	176.61619593797246	99.2842768482198	446.18364176573766	
6.467535541315748	143.79142608205805	47.9857780657176	208.32179588659	47.98577806571893	-228.48122959046952	77.39384597408379	208.32179588658943	77.3938459740856	399.6404887147753	
6.517671475744551	131.07504231572884	35.99546428997397	211.55907478093053	35.99546428997567	-349.08675118500474	79.00900593831587	211.5590747809299	79.00900593831788	374.8960101517465	
6.567807410173356	109.36354331101288	24.23062507245143	194.77017674804603	24.23062507245342	-458.12728168070464	106.58483699937024	194.77017674804566	106.58483699937221	371.1283841326324	
6.61794334460216	112.75063112399538	-10.994297746492293	174.79310054741651	-10.994297746490005	-537.2698842146244	144.28759074035713	174.79310054741654	144.2875907403586	379.55285672881547	
6.668079279030964	139.60397882399224	-80.85249873376353	164.2706601014908	-80.85249873376107	-595.8637319597874	164.38672863418577	164.27066010149116	164.3867286341865	388.6168836453746	
6.718215213459769	179.19098898826766	-169.8247416890729	166.13396532870027	-169.82474168907018	-624.4425532520606	147.17593387721837	166.13396532870075	147.1759338772184	389.64314092365	
6.7683511478885725	233.89008950624242	-248.8656364997442	177.58575633411013	-248.86563649974107	-575.1821801278271	96.80195503660283	177.58575633411036	96.80195503660256	381.0822174431412	
6.818487082317377	304.95780787303124	-295.39029589328516	195.7677733917302	-295.390295893282	-405.0389553399516	37.10997581863324	195.7677733917301	37.109975818633096	367.56755497682923	
6.868623016746181	370.82821669531745	-302.1122013535197	217.72051989979053	-302.11220135351687	-136.20648701531468	-6.996662958513557	217.7205198997902	-6.996662958513459	354.7560033610784	
6.918758951174985	395.3569325953606	-276.24432462462937	236.73370511880523	-276.24432462462767	135.57217389325473	-23.18682157485096	236.73370511880492	-23.186821574850807	346.64346575324663	
6.96889488560379	358.59082159640974	-231.44525203070083	242.49705684093246	-231.44525203070046	298.8579632605507	-11.519441878600054	242.49705684093237	-11.519441878600137	347.2504196048457	
7.019030820032594	272.0914465399014	-176.37248569136418	227.5718808980373	-176.372485691365	293.7868275631944	21.32303168217798	227.57188089803736	21.323031682177426	359.8212985003471	
7.069166754461398	161.73431198429125	-116.48365326613413	194.7966096887251	-116.48365326613566	135.26364887022368	65.45367402885789	194.7966096887252	65.45367402885681	380.0801050392539	
7.119302688890202	41.67722012604878	-66.51830823884438	157.36955720380405	-66.51830823884569	-108.316454581481	110.8152692369327	157.36955720380408	110.81526923693121	393.5564908658022	
7.169438623319007	-88.62462990350419	-50.74367952861747	129.09200464603254	-50.74367952861759	-343.4206013380655	151.18928353139574	129.09200464603268	151.18928353139418	386.9742657161082	
7.219574557747811	-223.1592407413857	-82.75513562881778	112.47666800111591	-82.75513562881676	-469.42740535821997	184.55611416473909	112.4766680011164	184.55611416473778	363.8822893082114	
7.269710492176615	-337.0134293679693	-150.01062059477405	96.30670586195941	-150.01062059477255	-413.4107759132041	209.38233601435604	96.30670586196024	209.38233601435533	343.95672944019907	
7.3198464266054195	-408.22566168743526	-224.2986673351211	65.27920682282068	-224.2986673351198	-186.2893915511841	222.6396574749764	65.27920682282158	222.63965747497625	343.4843754496196	
7.369982361034223	-443.54589138511443	-282.1032279795215	13.007041525386175	-282.1032279795206	99.82394240644629	220.9266602312788	13.007041525386935	220.9266602312792	358.0650642701565	
7.420118295463028	-469.6797754057132	-311.2513846648243	-51.978836283369645	-311.2513846648239	300.8716976545675	202.00046423988795	-51.978836283369205	202.00046423988863	366.94416830698935	
7.470254229891832	-499.2337347932164	-308.4823486365274	-110.32393019692128	-308.4823486365272	342.57580553672216	168.047878833013	-110.32393019692117	168.0478788330136	354.8862330400259	
7.520390164320636	-514.7756711754917	-276.675037736804	-142.41971206051994	-276.6750377368038	250.9676082697792	130.4995886061072	-142.41971206052006	130.49958860610752	328.68568265347005	
7.570526098749441	-487.112510756693	-216.39070571802392	-139.85682623643697	-216.39070571802387	101.30935009858541	107.45061078808682	-139.85682623643712	107.45061078808679	311.145273629537	
7.620662033178244	-405.46165741408595	-122.32455074134762	-112.23845759341961	-122.32455074134768	-41.55795021366181	109.13247734285127	-112.23845759341971	109.13247734285108	319.5912058359082	
7.670797967607049	-282.49776732335005	1.90344717368599	-83.2712687020882	1.9034471736857626	-143.11118135589402	125.18748758174814	-83.27126870208825	125.18748758174792	350.84404204842656	
7.720933902035854	-133.1243343298288	126.13104825000246	-75.18113774918831	126.13104825000207	-189.70581514936168	130.96186595158815	-75.18113774918848	130.961865951588	384.74186575823524	
7.771069836464657	45.42690923882574	203.21554546758358	-93.43978055120998	203.215545467583	-182.0823138840447	108.17648307833136	-93.43978055121042	108.17648307833127	400.34067817848074	
7.821205770893462	267.67640753366567	202.07738363214645	-127.72441095081854	202.0773836321455	-136.13473281757345	57.78682158794173	-127.72441095081936	57.786821587941745	391.47175634267757	
