# Stress in units of bar (10^5 Pa)
# z	Sxx	Sxy	Sxz	Syx	Syy	Syz	Szx	Szy	Szz
0.0	624.3773094075129	888.6844813398288	-7.9546211440730845	888.6844813398263	-203.65200321632076	-57.26985898547031	-7.954621144073751	-57.2698589854708	267.1286630710655	
0.05013593442880424	350.67008449956666	-290.02858904845436	-71.53182276882598	-290.02858904846033	-300.75818990817316	-63.79789531643236	-71.53182276882835	-63.797895316428864	242.36707569698785	
0.10027186885760848	2542.715260070159	-363.76331442175933	-404.70429343134344	-363.76331442175757	247.49520263999986	-115.31825416082052	-404.70429343134236	-115.31825416082138	292.9015629551076	
0.15040780328641273	-567.0367415586281	-94.77515595436338	-401.20063200196165	-94.77515595436448	-0.5732251227498093	-275.04226276223363	-401.2006320019664	-275.04226276223466	516.2172028907921	
0.20054373771521697	4617.6670362327395	-527.9100536244969	-159.4754840572417	-527.9100536244957	1118.0203850878816	-161.35265843921653	-159.47548405724294	-161.35265843922056	358.8915380734582	
0.2506796721440212	-769.4650848192744	790.1606107650354	-134.28532729501816	790.1606107650379	-641.0381228481336	-218.4344346942017	-134.28532729501586	-218.4344346942038	354.9585817902973	
0.30081560657282547	1193.4924742688502	-823.1459911776275	-290.0746430010338	-823.1459911776317	1456.5942307496125	-96.37970806541676	-290.07464300103373	-96.37970806541716	227.34252240985623	
0.3509515410016297	198.94298027760462	-1569.011413862879	-585.8027070310753	-1569.0114138628767	-1056.0792194800224	74.69361183949138	-585.802707031073	74.69361183949077	69.97229724101508	
0.40108747543043394	156.73648734789063	463.1267184794808	-429.4597058589068	463.1267184794821	-562.6947721582109	-15.752903120229277	-429.45970585890734	-15.752903120232537	2.109968852006235	
0.4512234098592382	-86.65815347813624	-458.29323329056075	-263.72641877038495	-458.2932332905603	182.6439244130085	-118.15164539286526	-263.72641877038734	-118.15164539286135	22.82019641190133	
0.5013593442880424	80.49766928581279	584.817135298378	-273.67032734215366	584.8171352983787	54.13736716362395	-341.2958229962249	-273.6703273421528	-341.2958229962257	70.58182562812229	
0.5514952787168467	-476.383177705758	-441.41043661466074	-62.530566852472134	-441.41043661465375	266.6402529855552	-116.91560748917506	-62.53056685247148	-116.91560748917634	294.0628083574461	
0.6016312131456509	-12.717416057926343	399.84542499629526	-74.93491981339105	399.84542499629924	-278.7900060731094	-74.06618110885732	-74.93491981338958	-74.06618110885525	518.8985222804288	
0.6517671475744552	1193.4013191213342	561.9487135258527	-248.38472003497773	561.9487135258507	-400.704957382425	-167.62299387464697	-248.38472003498018	-167.62299387464523	465.28675254407176	
0.7019030820032593	846.8322079221756	131.80377185479267	-309.93614360762706	131.80377185479347	378.10697956643475	-174.28254420118034	-309.9361436076266	-174.28254420118174	324.9848679971961	
0.7520390164320636	-1574.1020787579905	-654.945281390443	-509.23441413215374	-654.9452813904498	-1301.9272303458367	-79.10580156103109	-509.2344141321524	-79.10580156103113	297.0127590878598	
0.8021749508608679	-587.3808603314961	965.3953566332735	-447.4417511351436	965.3953566332718	46.11829771884338	146.7508904753403	-447.4417511351458	146.75089047534016	222.72220959969277	
0.8523108852896721	778.2204574438583	487.41746292091824	-463.28291967020624	487.4174629209213	1556.5273962062017	342.0420686814359	-463.28291967020493	342.0420686814362	180.04713662152554	
0.9024468197184764	1550.0262975734763	-262.053264892396	-478.71593508592525	-262.0532648923951	-63.778599541657215	321.23234499092524	-478.71593508592633	321.23234499092314	112.58494236635752	
0.9525827541472806	-1805.8006522132378	258.72616290086086	-335.69736011892365	258.72616290086313	921.1704782686572	136.00051853731824	-335.69736011892394	136.00051853731821	80.10400406805755	
1.0027186885760848	-663.3369522652314	72.7652686248318	-472.84232671374235	72.76526862483077	-524.3954054733495	1.2851243462636883	-472.84232671374104	1.2851243462612296	142.97953785698456	
1.0528546230048892	221.3558860717714	264.23374553762017	-419.58755864109145	264.23374553761516	-256.62429380197045	-134.68358590147193	-419.58755864109435	-134.68358590147437	97.86041245584669	
1.1029905574336933	-488.60183409714415	-412.2584382424265	-315.26494634515103	-412.25843824243043	823.6815898352378	-168.44648442263784	-315.26494634515103	-168.44648442263517	315.21911847371143	
1.1531264918624975	1089.6887562142374	-947.1724853728468	-319.90261781982997	-947.1724853728463	880.3175681239037	-23.156761454485125	-319.90261781983156	-23.156761454488404	424.1221858576692	
1.2032624262913019	-396.7062546198097	73.01646374580687	-483.10478977590054	73.01646374580872	-43.088395915064595	108.61509985197044	-483.10478977590094	108.61509985197131	532.1455199279626	
1.253398360720106	167.04444468203647	-662.6974257772177	-524.0254334968058	-662.6974257772171	1992.7558948155047	41.09524706547355	-524.0254334968095	41.09524706547114	878.7357043390707	
1.3035342951489104	796.0128740569131	254.97632744578712	-253.80016529122344	254.97632744578485	14.93753625275131	96.84877432362357	-253.8001652912283	96.84877432361992	823.725860062683	
1.3536702295777145	-216.81409572451525	-1718.4911570482307	-240.00710697556298	-1718.49115704823	490.84498336662665	134.12084672521763	-240.00710697556423	134.12084672521527	482.73322683749575	
1.4038061640065187	524.3373892954163	463.0219659926648	-335.3850904141364	463.0219659926595	-715.7685669182147	172.9387462357742	-335.3850904141404	172.93874623577807	297.80279481326016	
1.453942098435323	-2282.6395480852175	-1395.5951133410942	-171.82814764664536	-1395.5951133410988	287.03972763721265	149.89059585593606	-171.82814764664693	149.89059585593552	109.27202583817832	
1.5040780328641272	236.578213208417	516.2370232372137	-243.4337473146801	516.2370232372132	-1449.505164339596	-23.20856012798564	-243.4337473146776	-23.208560127989482	377.06650392609527	
1.5542139672929316	-834.6121494648202	1056.0071386293193	-263.31708189663533	1056.0071386293205	-1916.7130455477165	-215.40956501680324	-263.31708189663425	-215.4095650168019	127.57928352806749	
1.6043499017217357	312.25226754944117	-1208.4536731305768	-73.82183561344878	-1208.4536731305736	2500.7169870697962	-118.49761396600579	-73.82183561344621	-118.4976139660029	-109.57891040135038	
1.65448583615054	-632.8539873955357	386.21475430121245	-1.8822232344316727	386.2147543012131	404.3160221773875	-138.9761189695912	-1.8822232344324834	-138.97611896959484	6.446041976230078	
1.7046217705793443	-685.0405726894624	-156.62107233589072	129.95011319254908	-156.62107233588094	-535.6492316452803	276.0496465952848	129.9501131925501	276.04964659528343	163.08122585527855	
1.7547577050081484	1462.6201807376985	-217.4606572721254	96.79966603547628	-217.46065727213323	939.5011150523745	-126.91252895394663	96.79966603547743	-126.91252895394959	644.1961668526151	
1.8048936394369528	-1007.6603451185058	531.2825423490635	-130.33003673198348	531.2825423490636	121.212129361808	34.8900684169048	-130.33003673198544	34.890068416903794	783.9372181004312	
1.855029573865757	689.4086074785397	-780.2107285931575	-636.2585232649267	-780.2107285931546	723.3065761238128	777.4118620408883	-636.2585232649253	777.411862040885	603.3062151782366	
1.905165508294561	150.38138245756298	-1125.7029053016995	-531.1007855007233	-1125.7029053016984	1665.4773457740089	668.2773418560562	-531.1007855007224	668.277341856057	736.0893909948591	
1.9553014427233655	680.6448700582599	1029.7810275862519	367.0399022408757	1029.781027586248	-1388.7967041135412	363.94302648126086	367.03990224087767	363.9430264812601	822.4873721188492	
2.0054373771521696	-701.4711477194311	-587.603433358912	390.19189669003265	-587.6034333589141	533.999327321463	399.740712402149	390.1918966900339	399.7407124021503	662.1251693742443	
2.055573311580974	48.3380967999127	-1020.8279604248974	135.0439532473868	-1020.8279604248977	-1421.6999631336164	57.93586047988627	135.04395324738493	57.93586047988578	707.7677090073806	
2.1057092460097784	2090.6984751495756	-506.9994010902225	-44.311322262905904	-506.9994010902263	2289.7819319565733	-259.31530880258373	-44.31132226290607	-259.31530880258504	855.6725114997528	
2.1558451804385825	-1070.2293580298742	338.5674678401711	-124.93068523884327	338.56746784016804	-692.6703452575149	341.9785535455387	-124.93068523884065	341.9785535455394	1257.6913193541845	
2.2059811148673867	-733.7194677836875	-823.4477238768949	10.6249952021602	-823.4477238768927	427.16162550835753	745.6197656801216	10.62499520215985	745.6197656801215	1334.4895939308722	
2.256117049296191	823.440747899208	-359.18993272192654	108.52300896816662	-359.18993272192887	-860.4371300085097	298.7889352944169	108.52300896816858	298.7889352944161	725.5562577515635	
2.306252983724995	2384.880863040311	685.8089671310398	132.44751022707868	685.8089671310437	-94.57103758216063	383.1031547891264	132.44751022707808	383.1031547891244	354.97204213193345	
2.3563889181537996	2768.0657728786564	-505.5834289274741	-58.354347543393324	-505.58342892747163	1813.892993629244	474.0047436155653	-58.35434754339445	474.0047436155636	-4.15232733081367	
2.4065248525826037	-1737.5069985434686	-462.3877296879819	-110.22911291204638	-462.38772968798156	1311.103664315106	628.8062648174747	-110.22911291204696	628.8062648174724	-504.4674672237244	
2.456660787011408	931.6522498477538	630.9832246708355	536.5485681818544	630.9832246708357	103.53900073821137	76.41572860884875	536.5485681818546	76.41572860884897	-432.7310529970892	
2.506796721440212	822.9525800508683	362.19883551297016	1106.820407474787	362.19883551297056	-1523.01492988162	-252.9063710887059	1106.8204074747887	-252.90637108870652	-590.9283193880376	
2.556932655869016	-717.8634123740125	1977.0175727191704	417.81019745944053	1977.017572719171	-1184.1756594526598	172.6911421713608	417.81019745944	172.6911421713605	42.16337436366123	
2.607068590297821	1484.1506071493936	-1735.231491602128	-39.69724042486509	-1735.2314916021285	2901.054496537418	-21.67737924720306	-39.69724042486488	-21.677379247202815	-497.06414751430617	
2.657204524726625	162.7365275216642	959.309134575952	197.50774140285557	959.309134575952	-2448.842543681119	-23.595712092883172	197.5077414028566	-23.59571209288225	-747.3160287818711	
2.707340459155429	-331.0758624191587	-239.31748431889727	691.7078522818807	-239.31748431889739	-345.1937362023594	-427.50439148950863	691.7078522818815	-427.50439148950943	-906.7833753544116	
2.7574763935842332	-391.74828074963483	334.7821514828479	500.26501420740266	334.782151482848	1144.4072955648837	-313.1399400996198	500.26501420740163	-313.13994009962045	-148.75230902594626	
2.8076123280130374	-347.2827820107541	-416.2169658125781	-199.05071057839018	-416.21696581257817	-2919.2306124904703	97.8726307854124	-199.05071057838958	97.87263078541315	-51.238493629776876	
2.857748262441842	-456.14404272837663	680.5502890963361	-855.85409113959	680.5502890963347	1986.5445381155002	122.03399270499287	-855.8540911395888	122.03399270499334	208.0986375180905	
2.907884196870646	499.098969365574	739.2866927695571	-813.4301531732506	739.2866927695579	-413.5466668673683	6.117186873291713	-813.4301531732499	6.117186873292231	509.0786919002867	
2.9580201312994503	-141.73557931491212	-704.9627055781966	-684.6178365211344	-704.9627055781965	648.9221053408553	206.19693714697036	-684.6178365211352	206.19693714697	417.89046800347637	
3.0081560657282544	269.1487482708115	432.72530012176196	-294.85169459094055	432.72530012176253	179.52941614163205	376.44049432151377	-294.8516945909406	376.4404943215131	-74.57853443481115	
3.0582920001570586	337.6252752291258	-127.3250005955249	307.10441348220115	-127.32500059552476	731.6714536460297	393.89517636207296	307.1044134822013	393.89517636207273	-28.491413983430004	
3.108427934585863	-549.1241283704533	-894.6713358402419	459.31256526529637	-894.6713358402411	633.3246961762426	-274.70615683778635	459.3125652652966	-274.70615683778624	531.4677605028152	
3.1585638690146673	-76.59780590631266	160.85807635983016	769.6695966687989	160.8580763598294	515.3090351459496	-98.09263313564824	769.6695966687992	-98.09263313564827	337.85625053725033	
3.2086998034434715	-641.0481179789253	831.4988816206436	178.47633485584873	831.4988816206434	918.4855131047384	95.33740611097232	178.4763348558488	95.33740611097193	-259.5089137088087	
3.2588357378722757	-807.6764860875144	504.70945526892575	-304.2898037790301	504.7094552689259	81.259956984052	357.5865871772801	-304.2898037790299	357.5865871772804	-474.92732722425313	
3.30897167230108	186.48967042162414	-164.25526475091598	-245.60839593033688	-164.25526475091664	-70.77267138710421	367.77554459833436	-245.60839593033683	367.7755445983336	-6.251719181699472	
3.3591076067298844	-235.27348652671824	-452.1022500693573	332.7652092734155	-452.10225006935735	-1029.2793129961135	135.42573436218254	332.7652092734154	135.42573436218248	-247.54532203781218	
3.4092435411586886	-726.2066520504552	-76.99164935883016	485.34902037049085	-76.99164935883053	-627.3425476613902	312.6397239190078	485.34902037049073	312.6397239190081	-356.0357596133621	
3.4593794755874927	-841.1514369331132	-370.78784817762073	-33.46104741796089	-370.78784817762045	-377.5930384210321	626.8221627795546	-33.461047417961225	626.8221627795543	-103.13720417510528	
3.509515410016297	-1369.561818729725	-472.07823430908815	307.19670789330746	-472.07823430908763	-575.6062802491641	279.4784094717162	307.1967078933082	279.4784094717156	588.4420946937746	
3.559651344445101	508.09381879561295	27.524872713744607	-28.00188635507293	27.524872713744912	-84.84925658316361	-133.63883932518115	-28.00188635507331	-133.63883932518146	1058.6337754480394	
3.6097872788739056	-10.526074452430464	39.97793899262532	-388.2939006862081	39.97793899262532	-259.7565877281671	-25.391806816780072	-388.29390068620836	-25.391806816780118	1064.1980518314504	
3.6599232133027098	-214.04247758828683	11.790897182646463	-93.68421736637161	11.79089718264675	-1722.731206363392	-190.8595859001742	-93.68421736637174	-190.85958590017376	863.8969191704259	
3.710059147731514	-45.47641652126628	-753.0468661966356	172.35734458364007	-753.0468661966354	-87.4324499503993	-484.3183733325358	172.35734458363987	-484.31837333253617	516.5486243126198	
3.760195082160318	-748.7203467796035	-18.43831147588432	260.5813998484724	-18.4383114758849	-428.9577188663505	-342.6262617090101	260.5813998484719	-342.62626170901007	569.9913630363494	
3.810331016589122	-871.8609962130411	251.12204834346488	-91.32993745291407	251.122048343465	-613.0807657788877	-172.25612813360672	-91.32993745291392	-172.25612813360658	461.5290590050519	
3.860466951017927	-1713.366203980856	-1277.4805193413251	-166.96438963540643	-1277.4805193413263	1483.3190947414757	-172.97665496344302	-166.96438963540677	-172.97665496344302	557.6123191770059	
3.910602885446731	-313.5791661280325	-303.59432615512566	-260.09422395994426	-303.5943261551256	-420.66593704064246	-290.361510231209	-260.0942239599439	-290.3615102312092	1038.517024985321	
3.960738819875535	353.71966562905146	176.90990645749892	-102.61120197554293	176.9099064574994	-1118.2208521968078	-301.7748500535333	-102.61120197554266	-301.7748500535331	1078.2340655695943	
4.010874754304339	375.26859296193965	-827.8549159477194	-242.79233923561713	-827.8549159477196	1960.6288382888333	-339.39357793372	-242.7923392356174	-339.3935779337193	783.1403270525324	
4.061010688733144	-1154.9356345307986	-386.4362575375559	-177.40701670802207	-386.43625753755595	-416.45711804632174	-470.28404390082505	-177.4070167080216	-470.2840439008254	691.0163360697461	
4.111146623161948	-861.5940164648242	-309.3475630369205	-245.52376601867437	-309.3475630369212	1182.814755176781	-535.4235773006907	-245.5237660186737	-535.4235773006909	316.2452072053783	
4.161282557590752	-640.8703941929191	414.1435531166081	-534.3147559531068	414.1435531166087	1714.7836639081452	-384.9631689403673	-534.3147559531069	-384.96316894036676	71.84490068059057	
4.211418492019557	289.694794709314	550.1138167184669	-335.7780042454102	550.1138167184664	265.4322764461094	-324.7780459943581	-335.7780042454106	-324.77804599435814	31.667598725350828	
4.2615544264483605	1070.7467794181064	-545.5966838305314	-379.44021331155227	-545.5966838305309	87.36084760343425	-198.05560518627607	-379.44021331155204	-198.0556051862764	106.76864561694264	
4.311690360877165	641.1410204510743	935.224524014423	-173.27622507218373	935.2245240144227	1241.1043485994435	296.94748990795443	-173.27622507218368	296.94748990795415	566.8994075705123	
4.361826295305969	-176.23189579067534	-73.55468281926821	-212.83988115478041	-73.55468281926873	-831.8840172105896	978.2294189538753	-212.83988115478024	978.2294189538757	567.9773706497898	
4.411962229734773	-887.111645442131	921.5752254134576	-455.06688550734975	921.575225413458	-103.13115439502963	485.67919261981336	-455.0668855073498	485.6791926198133	95.26324367555362	
4.462098164163578	-86.67731104786272	-353.49047755079687	-508.0986379937183	-353.4904775507971	-507.5670122854189	-157.09764253399362	-508.0986379937188	-157.09764253399376	-299.1654622270085	
4.512234098592382	-166.23597734285715	-731.3924535891923	232.1970455902866	-731.3924535891936	-916.2380905628437	-752.281340388378	232.197045590287	-752.2813403883788	-335.77083008070167	
4.562370033021186	1731.8194947721477	-130.1618442101895	522.1560332572991	-130.16184421018866	69.81497690066792	-1224.118578751545	522.1560332572992	-1224.1185787515446	-260.6467804039353	
4.61250596744999	-1270.1511222746026	195.1668722115648	126.38747215998198	195.16687221156513	-925.4361198878148	-156.688233287402	126.38747215998256	-156.68823328740152	-109.015683480552	
4.662641901878795	-126.48472875821705	415.337884165633	-328.18564278282287	415.33788416563345	55.18385773062442	-78.48990753693427	-328.18564278282173	-78.48990753693296	528.4011737450022	
4.712777836307599	-1042.8476179214204	-722.3837450390859	-163.828598146211	-722.3837450390863	-62.555499522169356	191.50420525512175	-163.8285981462111	191.50420525512004	330.72960643620064	
4.762913770736403	3077.209572118129	353.36471427227366	-211.2621217547062	353.3647142722746	-427.40488727865994	633.8290294376612	-211.2621217547064	633.8290294376596	175.19995518705846	
4.8130497051652075	-3969.091312651167	-545.9459889243651	-56.939910268704	-545.9459889243657	516.1097925855236	433.5658059786223	-56.93991026870432	433.565805978623	455.5724833714787	
4.863185639594011	888.2647925497532	603.2638700410051	-5.214964766386424	603.2638700410047	-433.6062142547945	299.5874896488036	-5.214964766385601	299.58748964880294	206.79206666824737	
4.913321574022816	-1291.4896570722117	-1029.5617840582374	22.74176642825879	-1029.5617840582358	534.0810274573864	496.7965597296506	22.741766428259016	496.79655972965054	29.555077836056753	
4.96345750845162	508.94950852272245	-999.6746111605308	40.18006192868681	-999.6746111605298	-815.993402800219	639.7356318857983	40.180061928685625	639.7356318857991	867.2313435608532	
5.013593442880424	1464.0799408161122	-143.10032700045366	519.6826837796943	-143.1003270004497	2161.535275470005	1240.8599548134866	519.6826837796932	1240.859954813487	1059.4134248163841	
5.063729377309229	-212.86995892973155	732.1369248652403	330.27823631672544	732.1369248652417	-997.1192539957899	748.264883894055	330.27823631672396	748.2648838940545	1360.252434552554	
5.113865311738032	-685.2845366833353	414.96990269517886	-122.01464258502097	414.96990269517966	1754.3044026574346	369.77515918910717	-122.01464258502064	369.77515918910825	2060.400630738309	
5.164001246166837	259.1474547791288	333.3295495295181	-24.991205032174676	333.32954952952684	1156.9031342858495	401.8047474261835	-24.99120503217375	401.80474742618424	1873.7786375463122	
5.214137180595642	905.9620552540048	-1210.9435642200474	-65.13944282331917	-1210.9435642200458	-2015.5140711359359	-428.1257482078315	-65.13944282331926	-428.1257482078297	1176.927296438483	
5.264273115024445	-1263.5684382314025	1110.5801686098148	68.0733462234727	1110.5801686098175	434.0600106744887	-664.2229548841176	68.07334622347265	-664.2229548841178	1142.0250352117932	
5.31440904945325	65.39991419487336	-1252.3599740035015	90.90285866730402	-1252.3599740034995	-352.4757379616325	-331.0352440164348	90.90285866730022	-331.0352440164362	927.5966061584048	
5.364544983882054	1221.4070016114313	882.8969376475352	-253.65878410635773	882.8969376475338	-892.6737248575727	361.5969871027654	-253.65878410635852	361.596987102765	515.642361122083	
5.414680918310858	-697.788404991142	-1086.9341225245216	-424.5915287196486	-1086.9341225245278	-1417.3389310778	948.1466577481206	-424.59152871964955	948.1466577481187	241.58739725452594	
5.464816852739663	466.88183212003594	338.2248623896878	-55.338078672835415	338.2248623896873	-139.26791024284367	764.5134963844937	-55.33807867283932	764.513496384492	418.19818869516735	
5.5149527871684665	1309.0778424576959	-305.6069584931786	-426.1933705282929	-305.6069584931781	58.62409034263601	109.974863880761	-426.1933705282944	109.97486388076275	434.4357553210389	
5.565088721597271	-1065.1879858328186	37.177708509347596	-724.5793981971804	37.177708509348925	1213.7104648435006	301.8945225588074	-724.5793981971838	301.8945225588071	128.6501898823871	
5.615224656026075	1939.293222537929	333.42517587063475	-339.86225953631134	333.4251758706375	-2239.108628566254	259.42670723347027	-339.8622595363102	259.4267072334708	99.27286195018017	
5.665360590454879	3560.916196514541	-360.71991946140093	-13.245682428339908	-360.7199194614039	1546.0504699689013	181.51762743936484	-13.245682428339894	181.5176274393641	133.14585558859474	
5.715496524883684	346.8235620505434	-267.5694379720194	-263.5396498454213	-267.56943797202075	932.3629375432789	846.414251874824	-263.5396498454238	846.4142518748237	0.06533149583336778	
5.765632459312488	2397.182567002421	-870.5764097267444	314.49642042851735	-870.5764097267455	2722.7615443905584	953.3623999278183	314.4964204285172	953.3623999278174	212.74279113798454	
5.815768393741292	68.96901327695306	1034.94258765435	-109.4492659056471	1034.9425876543492	140.82887492897873	353.4869954092706	-109.44926590564802	353.4869954092709	581.6238177238267	
5.865904328170096	1708.4488578610753	-970.388727753856	-412.51905006265946	-970.388727753859	-73.45979525458442	-100.92363690106576	-412.519050062661	-100.92363690106382	885.2299769255377	
5.916040262598901	756.344893532531	-602.6360585017665	-135.34551031755268	-602.6360585017695	1461.974442148311	231.60190926659627	-135.34551031755305	231.6019092665962	813.9318444798209	
5.966176197027705	-1331.4364053636832	463.47289676254206	131.3406616158816	463.47289676254223	-1128.75521560841	299.1994114184051	131.34066161588328	299.19941141840314	672.0120046939727	
6.016312131456509	2684.6727685394408	-337.25819258401157	50.173906672794395	-337.25819258401316	574.9871626537891	207.731346848045	50.173906672792874	207.7313468480465	362.1454564333965	
6.0664480658853135	-2124.9640066107386	-73.78401082565162	109.27339282654222	-73.78401082564369	-1255.9978739664546	3.4440635464351073	109.27339282654317	3.444063546434864	258.6540906261472	
6.116584000314117	1812.931572065994	668.7166646827699	88.14015842402857	668.7166646827668	678.1535842376512	131.37061681909347	88.14015842403084	131.37061681909125	410.7773151191161	
6.166719934742922	-1185.1458608081648	-968.017130354915	108.00939873513441	-968.0171303549147	539.6411515173166	398.54301775543337	108.00939873513019	398.5430177554348	535.0908105872558	
6.216855869171726	44.90501506299583	1563.2082030551396	-7.782783485381881	1563.2082030551398	913.7460098346572	271.5778657977872	-7.78278348537814	271.5778657977858	672.4916352382559	
6.26699180360053	-96.41983151626168	-293.549361644449	-52.32199086319611	-293.54936164444405	364.1436586756092	111.97983854593873	-52.32199086319809	111.97983854593726	687.4546409236336	
6.317127738029335	-1138.8579903835525	47.47408985293791	-62.809391247802054	47.4740898529422	-2477.2106619405727	188.30559704324824	-62.80939124779849	188.3055970432507	668.2513139339466	
6.367263672458138	395.26265659384705	-132.57166585229982	115.87071352437731	-132.57166585229967	1744.998556025353	190.87857284004724	115.87071352437684	190.87857284005028	506.85366147070914	
6.417399606886943	167.82863680402866	918.3123991621418	285.1798533165457	918.3123991621419	-726.1919935410067	97.79810368251574	285.17985331654734	97.79810368251748	394.65011245424546	
6.467535541315748	1457.4727167086173	-900.9895043518567	352.7947502282083	-900.989504351858	905.3117238079494	8.259784748324693	352.79475022820384	8.259784748322875	270.7227563374643	
6.517671475744551	-1082.855274584879	437.8605491485822	253.87035823935287	437.8605491485838	-1160.8762835506227	-39.529682239034074	253.8703582393534	-39.529682239031125	369.6241944831262	
6.567807410173356	310.59786896790695	-329.1346370850368	206.12498723525562	-329.13463708503207	-1195.6295453583962	-5.252667744423098	206.12498723525337	-5.2526677444177015	354.6832264726199	
6.61794334460216	-179.36109062114713	772.4060965195972	52.617799032992	772.4060965196024	506.2686290432114	155.3591311041716	52.61779903299241	155.35913110417545	298.79435077116995	
6.668079279030964	757.7303752880616	-314.6182489455568	142.30775371877397	-314.61824894556025	-1031.6977833506805	431.71498253616716	142.30775371877468	431.71498253616727	503.82516630050725	
6.718215213459769	-407.06885206393844	-342.55491447567107	184.87787969194775	-342.5549144756667	-579.5753906055627	306.921105177573	184.8778796919512	306.9211051775685	434.0577102409595	
6.7683511478885725	741.0544523846872	-244.40795134571817	188.84722389441808	-244.4079513457153	-473.3040475737251	58.50219160724024	188.84722389441797	58.50219160724008	375.77784171557937	
6.818487082317377	-788.1262058133101	-191.96193936786133	138.16585604088706	-191.96193936785596	-2440.6422382184323	-81.93494351100507	138.16585604088738	-81.93494351100516	322.7631011012831	
6.868623016746181	1613.7069201657202	-834.0079140042862	199.92809920642887	-834.0079140042817	1396.211267065242	-112.32518780334944	199.92809920642543	-112.32518780334934	356.2539542745199	
6.918758951174985	-243.10145252082458	-191.7350314530087	276.5895476381418	-191.7350314530061	-438.4677897612662	-5.399939910454655	276.58954763814125	-5.3999399104520664	353.89718582407323	
6.96889488560379	1493.2299817411385	447.8403168561987	302.8193763963883	447.8403168562018	1254.846445445838	-76.72989939131472	302.81937639638744	-76.7298993913144	378.1867982189208	
7.019030820032594	-918.6983084186741	-1352.5500764186684	327.5951478814745	-1352.550076418675	1230.7459283895903	-79.59634492750926	327.595147881479	-79.596344927511	196.63299777889907	
7.069166754461398	1288.1571668180645	960.1046836114199	247.50048304658054	960.1046836114184	-893.295221764893	117.45201124892776	247.5004830465795	117.45201124892797	326.0079596988794	
7.119302688890202	-1085.7113205775288	-918.0879190742254	51.920572583454586	-918.0879190742343	1003.1248637954717	204.20716268341295	51.92057258345259	204.20716268341027	587.8378173855334	
7.169438623319007	687.4492020215339	547.3759942745431	28.535541819071867	547.3759942745435	-1065.228995034253	108.39543386790645	28.53554181907141	108.39543386790277	554.8145519597616	
7.219574557747811	399.17639126782933	664.8648632503595	113.81929328578529	664.8648632503672	-813.4908960915468	128.32946666999422	113.81929328578526	128.3294666699931	304.1171515385419	
7.269710492176615	-2247.336707985485	-1426.8626954952445	170.6792080905524	-1426.8626954952415	-991.9281717128023	339.4666499176685	170.67920809055428	339.46664991766716	176.55864367356068	
7.3198464266054195	1102.8822781269957	653.1353093616349	154.1656804581816	653.1353093616361	-1574.8153076711378	229.32837364237352	154.165680458186	229.32837364237403	242.39173489852075	
7.369982361034223	-1637.1834314433108	-638.1156169992871	104.48114929547833	-638.1156169992873	1488.2544623169526	199.4168258398719	104.48114929547636	199.41682583987247	354.48139961836256	
7.420118295463028	408.1303976502774	-416.69819497292315	-119.85683712762555	-416.69819497292394	1772.022120968331	280.30436932500487	-119.8568371276248	280.3043693250073	568.8990216592255	
7.470254229891832	-500.21398366563034	-520.0392349345566	-139.46883556624817	-520.0392349345584	-1106.029234487481	248.19622807677789	-139.4688355662464	248.19622807677982	505.89104070472706	
7.520390164320636	-1155.9589539071383	9.545669140470519	-297.83994698364705	9.545669140472345	1888.7027182033041	157.9955105838954	-297.83994698364893	157.9955105838937	232.58656781621704	
7.570526098749441	-98.45625394617369	-350.2232521400749	-233.53436687796696	-350.22325214007293	-855.7017582070491	-132.40465364750426	-233.53436687796932	-132.40465364750338	99.71635980952667	
7.620662033178244	-1365.588714865422	-375.36363685063293	-175.16961806103006	-375.36363685063367	-576.5702393736873	-27.63317688716729	-175.16961806102782	-27.63317688716877	301.4311801541803	
7.670797967607049	868.7845232355656	-95.15290831709974	51.07759510929136	-95.15290831710182	1207.223622970509	233.63030141555146	51.077595109291344	233.6303014155503	306.0893515625437	
7.720933902035854	-1060.9013495424083	26.040716789119283	137.86651034452555	26.040716789117855	-1764.9474758481156	326.07702585215895	137.86651034452498	326.07702585216026	460.1852596608467	
7.771069836464657	516.5906599512841	1274.6546467189753	-51.62377316133006	1274.6546467189785	116.46694139763714	185.7511928714226	-51.62377316132755	185.7511928714227	566.8050927099158	
7.821205770893462	-259.10708988147996	-490.0578504519823	-411.90677141670614	-490.0578504519824	226.82503791542874	32.909748055016166	-411.9067714167098	32.90974805501486	466.83467300880943	
