# Stress in units of bar (10^5 Pa)
# z	Sxx	Sxy	Sxz	Syx	Syy	Syz	Szx	Szy	Szz
0.0	-226.5666357279118	35.879632357513955	-77.82003995642015	35.87963235751226	34.195081437233796	-80.65137644053749	-77.82003995642124	-80.65137644053767	27.763434256199922	
0.053542323118157674	-183.3501334874332	72.8268281264858	-83.45731734418563	72.82682812648412	111.01556587802082	-111.61604982635245	-83.45731734418678	-111.61604982635241	67.0127962489471	
0.10708464623631535	-131.19938252337693	102.34585618763126	-87.79616737738971	102.34585618762961	189.61385909811665	-140.21692541520355	-87.79616737739089	-140.21692541520326	108.98408428884778	
0.16062696935447301	-78.28565375472792	120.00836737809436	-88.52636962252058	120.00836737809277	264.430753637355	-163.99761918827988	-88.52636962252177	-163.9976191882794	151.21427115707087	
0.2141692924726307	-28.359759463629928	124.58385955181546	-84.38330398447673	124.58385955181406	331.96809338556864	-180.1661972320179	-84.38330398447788	-180.16619723201728	191.9868830564095	
0.2677116155907884	16.781838911299992	117.64929411652042	-75.69725427096337	117.64929411651929	389.9979058498696	-186.4588195597737	-75.69725427096444	-186.4588195597729	230.00804082293794	
0.32125393870894603	54.87177235062024	102.45906717808504	-64.38027702307267	102.45906717808418	437.32425999500344	-182.02789479351384	-64.38027702307367	-182.02789479351293	264.1374997178385	
0.37479626182710374	82.90601527680585	82.7150291532066	-53.31349885440133	82.71502915320596	474.5134521179639	-167.86246143664292	-53.31349885440227	-167.8624614366419	293.43781960164614	
0.4283385849452614	99.19498960332065	61.997613590030994	-45.43245176411767	61.99761359003057	504.3865894308042	-146.4781636089247	-45.43245176411861	-146.47816360892358	317.3602799446291	
0.48188090806341904	105.44437513115213	43.85317948038869	-42.92584292778399	43.85317948038829	531.2857036553632	-121.11375520886006	-42.92584292778498	-121.11375520885886	335.7383292396541	
0.5354232311815768	106.4997278747665	31.497320675912817	-46.848771868181984	31.497320675912306	558.3001607388151	-94.8875297218558	-46.848771868183036	-94.88752972185455	348.3898399663333	
0.5889655542997344	108.12611313768492	27.394286132183737	-57.15353029719658	27.394286132182998	584.3794526799154	-70.25793501586435	-57.153530297197705	-70.25793501586311	354.6361942473649	
0.6425078774178921	114.23257193428745	32.287236076735525	-72.88777198505525	32.28723607673441	603.4199761053118	-48.81914873164838	-72.88777198505643	-48.81914873164721	353.17907982286897	
0.6960502005360497	125.62131102375501	44.34778383686267	-92.3796240666671	44.34778383686117	605.9751492963909	-31.277116754069876	-92.37962406666826	-31.27711675406882	342.63572747360547	
0.7495925236542075	140.00447992020946	59.202425745660086	-113.34193193713713	59.20242574565823	583.1999745194988	-17.530323237373445	-113.34193193713823	-17.530323237372567	322.434262835812	
0.8031348467723651	153.13785675037363	71.00130901154346	-133.0395230441224	71.00130901154137	530.6225175048341	-6.958666614547521	-133.03952304412343	-6.958666614546846	293.5871819721323	
0.8566771698905228	159.83619026999096	74.23021784502767	-148.70790746755932	74.2302178450256	449.9319813830667	0.97935736694241	-148.7079074675603	0.9793573669428728	258.91157970596265	
0.9102194930086804	155.52814629949316	65.3572758142864	-158.21925307415393	65.35727581428455	348.76092169821413	6.068556838716948	-158.21925307415486	6.068556838717229	222.65977093831927	
0.9637618161268381	137.7037949446248	43.883326893587125	-160.77897226023674	43.88332689358568	238.43533945123266	7.142895604947643	-160.77897226023768	7.142895604947764	189.89777982221423	
1.0173041392449957	106.88855791893093	12.150426884305865	-157.2161039362964	12.150426884304949	131.4544712663949	2.7020185537771333	-157.21610393629732	2.702018553777144	165.82315550410124	
1.0708464623631535	66.35469262321362	-25.74146336688422	-149.55655715601992	-25.741463366884588	39.08005483677208	-7.866672096775147	-149.55655715602083	-7.866672096775231	155.0321849706741	
1.124388785481311	20.44498232843089	-65.12888513627658	-139.9588231292851	-65.12888513627647	-30.218632902084806	-23.24012771511637	-139.958823129286	-23.240127715116515	160.56818733544478	
1.1779311085994688	-26.937312621251664	-101.62417026454648	-129.5675002553277	-101.62417026454602	-71.91214756032771	-40.14274750882829	-129.56750025532853	-40.142747508828464	182.8109480018984	
1.2314734317176266	-72.4313253527053	-130.6673671008151	-118.02795734584228	-130.66736710081443	-85.7433379260539	-54.60500751434803	-118.02795734584306	-54.60500751434822	218.70019380698074	
1.2850157548357841	-111.24324697911013	-147.87144353218125	-104.0226067457225	-147.87144353218054	-75.27364409108233	-63.87925828535842	-104.02260674572324	-63.87925828535856	261.8460019062657	
1.3385580779539419	-135.55721980703436	-149.7725458269265	-86.57398106078003	-149.7725458269258	-46.8087146676275	-67.74092399823283	-86.5739810607808	-67.7409239982329	303.7887928036692	
1.3921004010720994	-135.14719547748206	-136.18908769654	-66.28275914020506	-136.1890876965395	-7.933152881979893	-68.25406449215134	-66.28275914020585	-68.25406449215131	336.11102953718444	
1.4456427241902572	-102.36055256402716	-111.49814817727835	-45.625649830490715	-111.49814817727804	33.05609409061921	-68.07253016389399	-45.625649830491604	-68.07253016389389	352.65799704128136	
1.499185047308415	-37.35519420728893	-83.74168837693946	-28.15929089118265	-83.74168837693941	68.79750493603493	-68.55164642968698	-28.1592908911836	-68.55164642968685	351.0531881146424	
1.5527273704265725	49.49181901030454	-61.15049567961884	-17.127417082709997	-61.150495679618984	94.06813229312802	-69.13540259286387	-17.12741708271097	-69.13540259286373	333.1125822852731	
1.6062696935447303	141.61803038097776	-48.2009683327964	-14.305295179260415	-48.20096833279675	107.90639089149892	-68.50368948979434	-14.305295179261353	-68.50368948979421	304.0111173213976	
1.6598120166628878	224.42943761289126	-44.08030045110885	-19.69556142222273	-44.08030045110932	115.04813420850357	-66.40805602763773	-19.69556142222358	-66.40805602763766	270.59186007113857	
1.7133543397810456	292.59485828690964	-44.1847169849211	-31.921037360631686	-44.18471698492159	125.70219167393776	-64.45642857800077	-31.921037360632383	-64.4564285780007	239.41332692182112	
1.7668966628992033	351.1275678782131	-43.591461515606255	-48.74329016983592	-43.59146151560668	153.233463519635	-64.99404208394392	-48.74329016983644	-64.99404208394387	215.3616331896574	
1.8204389860173609	410.3525785436019	-39.8055566623984	-67.3725053631739	-39.80555666239863	209.64688861409655	-68.78205414912894	-67.37250536317424	-68.78205414912887	201.4066349014089	
1.8739813091355186	477.9835362845031	-33.426635915818224	-84.43509938132954	-33.42663591581828	301.1794142139506	-73.25361409137224	-84.43509938132969	-73.25361409137216	199.34912236236042	
1.9275236322536762	554.5836238575356	-27.350364011454218	-95.97007559455882	-27.350364011454104	424.8213208626231	-72.83139658034548	-95.97007559455884	-72.83139658034537	210.58732861757653	
1.981065955371834	634.2143621621673	-24.889784214512098	-97.91919834288788	-24.88978421451187	568.5991648572576	-61.39924197849512	-97.91919834288782	-61.399241978494956	235.86905861301796	
2.0346082784899915	708.8100210776502	-28.654248879357915	-87.28850949256147	-28.65424887935772	714.9410274662735	-35.59961949838112	-87.2885094925614	-35.599619498380875	273.5895426056739	
2.0881506016081492	771.5651753097295	-39.69353904789659	-63.602764032927496	-39.69353904789655	845.1963972165468	2.885977023682905	-63.6027640329274	2.8859770236831785	317.792778033412	
2.141692924726307	817.9260898259896	-57.238882081524324	-29.77080501222506	-57.23888208152449	943.7972717580959	47.34816690757232	-29.770805012224926	47.348166907572605	357.9357498660986	
2.1952352478444648	843.1327276285228	-78.63345497178037	8.486612401970572	-78.6334549717807	1000.0350913333508	88.35993374845606	8.486612401970735	88.35993374845633	381.81405525153343	
2.248777570962622	841.2466395715464	-99.64497530568471	44.56449358471736	-99.64497530568516	1009.0933108662182	117.0992468693253	44.56449358471754	117.09924686932548	380.69352182516786	
2.30231989408078	806.6929362726246	-115.29124133445794	73.28564123324638	-115.2912413344583	972.9223918295509	128.04211393174717	73.28564123324654	128.04211393174722	353.62187580629546	
2.3558622171989376	738.1777242049178	-120.90147130147055	92.18332679101118	-120.90147130147088	900.498675660087	120.13957284425595	92.18332679101135	120.13957284425592	307.9735318069077	
2.4094045403170954	642.0306930926322	-113.44840305943453	101.19088914096308	-113.44840305943472	806.0091982195585	96.59169438724567	101.19088914096321	96.59169438724555	255.76016815250975	
2.462946863435253	532.1146363876657	-92.51830055286007	101.27880458171299	-92.51830055286017	704.7444157441347	64.02807962249727	101.27880458171308	64.02807962249712	208.13243733164995	
2.5164891865534105	425.6900707151375	-60.64354001247072	93.16523387416066	-60.64354001247075	608.2846074191219	31.448085430037548	93.16523387416073	31.448085430037423	171.37957639922996	
2.5700315096715682	336.78864228137667	-22.82563419353704	76.88212578451576	-22.825634193537155	521.4635279376286	8.640277650916296	76.88212578451582	8.640277650916211	146.14618343657466	
2.623573832789726	269.95681932557164	14.753316611960898	52.1141380835641	14.753316611960727	442.49729481482314	3.728156775002539	52.114138083564114	3.7281567750025104	129.18077182897596	
2.6771161559078838	218.4489488714095	46.14927044507574	19.072696380016268	46.14927044507546	365.9566990723944	20.133669594140706	19.07269638001623	20.133669594140684	115.78370520162707	
2.7306584790260415	167.58575334962836	67.33077383017479	-20.569599691586873	67.33077383017445	286.7364721657732	54.310615550501396	-20.569599691586966	54.310615550501396	101.6672125110849	
2.784200802144199	103.26285334381262	77.11020680547307	-63.05578747467843	77.11020680547276	203.22424288032207	95.74037861101023	-63.055787474678596	95.74037861101021	84.1495643771454	
2.8377431252623566	21.26904777670262	77.7892389828566	-102.66797084592415	77.78923898285635	118.77395105466915	129.864614311908	-102.66797084592437	129.864614311908	62.93142546393375	
2.8912854483805144	-68.1780609190839	74.71857224436248	-132.979711042755	74.71857224436229	40.66257298344224	143.139969689482	-132.97971104275524	143.13996968948203	40.196923058331414	
2.944827771498672	-144.73887760514592	74.71567054755414	-148.90854116884125	74.71567054755415	-23.212438326461488	128.0857429431637	-148.9085411688415	128.08574294316372	19.757481943115216	
2.99837009461683	-189.18050376684485	83.32771461012179	-148.63447949219557	83.32771461012192	-68.90862788025433	85.97874589768489	-148.6344794921958	85.97874589768497	5.216392737838188	
3.0519124177349872	-193.98379334363185	101.84797331840849	-134.31751460332674	101.84797331840872	-99.16648377962784	25.945166465855994	-134.31751460332697	25.94516646585614	-1.83706989914611	
3.105454740853145	-166.51207103821207	126.27569444317413	-111.0871203820472	126.27569444317439	-122.3716866685861	-38.83397088909308	-111.08712038204736	-38.833970889092896	-2.477906104743713	
3.1589970639713028	-123.71898826174984	148.9272105061644	-84.83999814655836	148.92721050616464	-147.1495531504015	-95.86302522242579	-84.83999814655847	-95.8630252224256	0.488665257357475	
3.2125393870894605	-82.53242258389926	162.1546345734841	-60.18698304087235	162.15463457348434	-176.71802561731394	-136.80437359706085	-60.18698304087236	-136.80437359706065	4.418708474319362	
3.2660817102076183	-53.32415209241047	161.71846961545597	-39.62556750077925	161.71846961545617	-206.29295368468019	-158.72110580805037	-39.62556750077924	-158.72110580805023	8.331701361920537	
3.3196240333257756	-37.85673535268536	148.04057911282635	-24.002452226417496	148.04057911282655	-226.3912792967846	-163.43720941173012	-24.002452226417454	-163.43720941173	13.016871366934717	
3.3731663564439334	-32.36570033663324	125.76387036096042	-13.586090391131547	125.7638703609606	-229.3712936111186	-155.98577337736288	-13.586090391131497	-155.98577337736276	19.693013582981358	
3.426708679562091	-31.291287870438254	101.76979796118938	-8.820815174027626	101.76979796118955	-214.7035894322179	-142.7707057933896	-8.820815174027583	-142.77070579338954	28.09176077731384	
3.480251002680249	-30.72806210289943	83.34784019303468	-10.320524322839098	83.34784019303483	-189.70202700280566	-129.6933295182268	-10.32052432283908	-129.69332951822673	35.24580133602065	
3.5337933257984067	-29.3478800995043	75.84479970441767	-18.30734108113937	75.84479970441785	-165.01051167004297	-120.41077729542656	-18.307341081139363	-120.41077729542651	36.04773819695908	
3.587335648916564	-28.466230099629534	81.00546436294192	-31.969984732269683	81.00546436294208	-148.1651263385728	-115.19512891503771	-31.96998473226968	-115.19512891503769	25.643563238670104	
3.6408779720347217	-30.6225647187444	95.87382200092856	-49.260305634965675	95.87382200092874	-139.38948125577082	-110.96844102776981	-49.26030563496566	-110.96844102776984	2.5708382767483613	
3.6944202951528795	-37.757315674355056	113.83528519651883	-67.17740564448785	113.83528519651901	-131.41778657012043	-102.71574827971405	-67.1774056444878	-102.71574827971408	-29.18172988756408	
3.7479626182710373	-49.278189649767945	126.94588948346936	-82.44613186687403	126.94588948346959	-114.28902898879883	-85.6971597577805	-82.44613186687396	-85.69715975778054	-60.76230036666601	
3.801504941389195	-60.99834812548491	128.74873226163362	-92.22890167488136	128.74873226163388	-81.20081123851259	-57.54924422698667	-92.22890167488127	-57.54924422698673	-81.80219816973998	
3.8550472645073524	-66.04724111050012	116.10938074933	-94.57698901479583	116.10938074933023	-33.320216647589085	-19.401983381536297	-94.57698901479574	-19.401983381536347	-84.72880100004257	
3.90858958762551	-58.022446582479574	89.77287789673596	-88.54338139473553	89.77287789673618	20.16099107431458	24.34506271668401	-88.54338139473545	24.34506271668398	-67.61186630707837	
3.962131910743668	-35.14552944489077	53.66199357036494	-74.11554942892627	53.661993570365105	65.1944949747911	67.44574390785718	-74.11554942892619	67.44574390785718	-34.10981870878848	
4.015674233861826	-2.571600966457254	13.239557501242317	-52.22784862832978	13.239557501242444	88.56048657392246	103.77021223591504	-52.227848628329696	103.7702122359151	8.747543052110267	
4.069216556979983	29.140769929447437	-25.829728623727434	-24.8803888655348	-25.82972862372739	82.27699491036668	129.04344377476468	-24.88038886553471	129.04344377476474	53.260902931712906	
4.122758880098141	49.461876155033806	-58.62817182897609	4.735780322933166	-58.62817182897608	46.40183876896601	141.63445712259087	4.73578032293326	141.634457122591	92.84805168972031	
4.1763012032162985	53.158391490285226	-81.52870439814308	32.27765500184116	-81.52870439814306	-10.360863544256745	142.31892144718694	32.277655001841254	142.31892144718705	122.89579687413489	
4.229843526334456	42.549833962600246	-92.36941026731998	52.54942560565002	-92.36941026731996	-71.59744211212012	133.3663014392	52.54942560565009	133.3663014392001	141.2543902741328	
4.283385849452614	25.41238632142928	-91.41082838203016	60.33659488692876	-91.41082838203009	-116.71350491661053	117.64750504787219	60.33659488692881	117.64750504787231	148.39559434449745	
4.336928172570771	10.711005687087006	-81.67272921413235	51.89187613053518	-81.67272921413225	-126.38142431716125	98.06794015505649	51.891876130535195	98.0679401550566	146.8586787388383	
4.3904704956889296	5.524016315707524	-68.07048205981899	26.684128491434343	-68.07048205981884	-88.7627799074053	77.32007541599266	26.684128491434336	77.32007541599279	139.77732733400512	
4.444012818807087	14.14868905949563	-55.407093112654366	-11.53540358211058	-55.40709311265417	-3.63072794035412	57.80580586180004	-11.535403582110634	57.80580586180018	129.14351957505224	
4.497555141925244	38.707103914845845	-46.502795077162055	-55.35926109069619	-46.50279507716185	117.16918141997314	41.57618470728371	-55.35926109069627	41.57618470728387	114.82646970225517	
4.551097465043402	79.2403829296664	-41.84314379017252	-96.18807539184027	-41.8431437901723	253.88529589262333	30.228233310269083	-96.1880753918404	30.22823331026927	95.14440503705259	
4.60463978816156	133.9412805801415	-41.467692176677474	-127.42252442405751	-41.46769217667725	385.4827802086942	24.850952286138625	-127.42252442405767	24.850952286138828	68.65085232777737	
4.658182111279718	199.59969771910778	-46.31811593965266	-146.75163410439103	-46.31811593965247	496.6247313101354	25.928920515443657	-146.75163410439123	25.92892051544384	36.17280472312801	
4.711724434397875	273.67296142921543	-58.42690461016707	-156.4612513013293	-58.426904610167014	582.3735277829226	33.17764699721384	-156.46125130132953	33.177646997214005	1.962128123145419	
4.765266757516033	354.9574340280799	-78.91856305950726	-161.862083475412	-78.91856305950728	648.7414558999379	45.305756380578	-161.86208347541225	45.30575638057812	-26.66489432148408	
4.818809080634191	443.22079251510536	-106.26276981003075	-168.76085356002272	-106.26276981003092	708.6115319855473	59.96704004699301	-168.76085356002295	59.96704004699308	-40.963928075495986	
4.872351403752348	537.2270889463172	-135.76847065981815	-181.0834448131972	-135.76847065981835	773.7235494158347	74.22632118481755	-181.08344481319745	74.22632118481755	-33.018933761948524	
4.925893726870506	633.3473918784804	-161.29876448998382	-199.500042700424	-161.29876448998402	847.1461062752828	85.70458033313713	-199.50004270042425	85.70458033313709	2.085527885540923	
4.979436049988664	725.9232217235858	-177.24996418470678	-221.56307469134111	-177.24996418470704	919.688923653949	93.79586241365475	-221.5630746913414	93.79586241365465	64.6773236329955	
5.032978373106821	807.7501335968816	-180.28761779072994	-243.42153248673077	-180.28761779073022	972.6072122048872	100.11162118015925	-243.4215324867311	100.11162118015915	149.7154063810184	
5.086520696224979	870.4383831719206	-169.77779071204708	-262.05755375127677	-169.7777907120473	986.4489712097721	107.40862965852337	-262.05755375127717	107.40862965852324	247.09775895792785	
5.1400630193431365	904.1902736646666	-147.84173265556078	-276.4867730079866	-147.84173265556097	950.1191512984561	117.45954793256568	-276.48677300798704	117.45954793256551	343.1541894611001	
5.193605342461295	898.8064027557432	-119.25832928858807	-286.94897688683477	-119.25832928858838	866.1546206657221	129.30327875506	-286.94897688683534	129.30327875505984	423.0982761599419	
5.247147665579452	846.9552782941015	-90.73811587860465	-292.8510492781228	-90.73811587860487	748.1926049818874	139.26313544653829	-292.85104927812324	139.26313544653812	473.935153805626	
5.300689988697609	748.1472883047138	-68.97557000731884	-291.2823983751193	-68.97557000731905	613.9406610094467	142.84994994613825	-291.2823983751198	142.84994994613817	487.2132247199912	
5.3542323118157675	611.9145109584491	-57.79381367562313	-277.6478278532958	-57.793813675623284	477.1260354563211	137.2796948614821	-277.6478278532961	137.27969486148206	461.0743206610001	
5.407774634933925	458.2612961638737	-56.05903045951631	-248.1879803891371	-56.059030459516464	344.74673484220625	122.77531455580105	-248.18798038913735	122.77531455580106	401.0269312962183	
5.461316958052083	313.6113387567527	-57.634108588809866	-202.72132837123593	-57.63410858880998	218.54389252694298	102.03461244790566	-202.72132837123604	102.03461244790576	319.0273968020053	
5.51485928117024	203.3117160546201	-54.251066947016014	-145.7029648155834	-54.25106694701627	99.16519596431982	78.67730903997978	-145.7029648155834	78.67730903997992	230.79835532320604	
5.568401604288398	142.5680313870342	-39.779170619915014	-85.00267809686721	-39.77917061991548	-11.129327481982912	55.97054370219348	-85.00267809686714	55.97054370219366	152.14269437955778	
5.621943927406556	130.50318414758542	-12.738057492342712	-29.283988284309316	-12.738057492343458	-108.27849234738905	36.41857571746125	-29.28398828430921	36.418575717461415	95.58961929810806	
5.675486250524713	150.55714908482608	23.714573078481443	14.641034340115652	23.71457307848042	-188.18098313287413	21.87487721569162	14.641034340115713	21.874877215691757	68.3660659180208	
5.729028573642871	177.56453440093483	64.18105112050864	43.341451122298054	64.18105112050733	-247.9941934766959	13.577219524066237	43.34145112229801	13.577219524066354	71.94231712712259	
5.782570896761029	187.68308843720007	103.56047435593044	56.7858159854286	103.56047435592899	-286.5080868819688	11.931827459171737	56.78581598542845	11.93182745917187	102.67832954752863	
5.836113219879186	166.39716813705314	137.7658085422724	57.124021752663815	137.76580854227086	-303.672932819635	16.50533172204117	57.12402175266356	16.505331722041348	153.1641049035613	
5.889655542997344	112.00569154004614	163.34823531494524	46.94062288841735	163.3482353149437	-301.0235033437399	26.299659967436206	46.940622888417046	26.299659967436472	213.95603354407342	
5.943197866115502	33.893372031890316	177.42285678961966	28.010205554047246	177.42285678961818	-281.8805117546667	40.06548996842768	28.010205554046912	40.06548996842804	275.6919732011782	
5.99674018923366	-52.15556613482204	178.00750789392697	1.2284393046771207	178.0075078939256	-251.15472766695984	56.265829371808806	1.2284393046768294	56.265829371809254	331.0586277180372	
6.050282512351817	-129.56571666564776	165.30199406733013	-32.311484408355334	165.30199406732893	-213.63220460023007	72.70530885135089	-32.31148440835555	72.70530885135138	376.01412020760296	
6.1038248354699745	-185.21699439715985	141.59961179973135	-70.05961230448189	141.59961179973038	-171.5360165676404	86.35668497261385	-70.05961230448203	86.35668497261435	409.7363267765079	
6.157367158588133	-211.47629778884843	110.46954702902488	-107.59632352725198	110.46954702902417	-122.6696687251906	93.82587469719891	-107.5963235272521	93.82587469719937	433.4453848523451	
6.21090948170629	-206.20922983086956	75.39233597759602	-139.49298487216973	75.39233597759562	-61.36262588335798	92.39469917206802	-139.49298487216979	92.39469917206841	448.9107945345009	
6.264451804824448	-171.8820272026204	39.04159878292553	-161.1225631041739	39.041598782925426	17.508284311437905	81.04932529661119	-161.12256310417396	81.0493252966115	457.46467551502667	
6.3179941279426055	-114.66018045891138	3.1097935745651313	-170.39462986389753	3.1097935745652627	114.01587253257115	60.93671110407045	-170.39462986389762	60.936711104070675	459.8473750350687	
6.371536451060763	-43.08566456009551	-31.297374852000686	-168.43147952097894	-31.297374852000395	220.8373124475469	34.928667959599785	-168.43147952097902	34.92866795959996	456.6526016137565	
6.425078774178921	33.43638851980738	-63.41573518367753	-158.97892331703557	-63.41573518367713	324.66849698424716	6.587476555105965	-158.97892331703565	6.587476555106101	448.716272375517	
6.478621097297078	107.22044964603519	-92.17113634164613	-146.95913997609378	-92.1711363416457	410.63522121683764	-20.99246873732678	-146.9591399760939	-20.99246873732665	437.1055837373712	
6.532163420415237	174.2168720993301	-115.58963715075032	-136.94052608078866	-115.58963715074992	467.10945302343737	-45.95454776829226	-136.94052608078874	-45.95454776829207	422.8818082843991	
6.585705743533394	234.31269823342905	-130.65512525093817	-132.0572409431064	-130.65512525093789	488.67931056086434	-67.75976568805059	-132.0572409431065	-67.75976568805032	407.1018771591011	
6.639248066651551	289.6458497351117	-133.891808213243	-133.60947766690936	-133.8918082132428	477.16191985039904	-86.67488062346753	-133.60947766690947	-86.6748806234671	391.2382196259681	
6.692790389769709	341.64087734953165	-122.75245992571246	-141.13611493277776	-122.75245992571232	440.48793175840274	-103.07897492613873	-141.13611493277782	-103.07897492613813	377.64189852120313	
6.746332712887867	389.0754190016185	-96.86553958240988	-152.68796554754283	-96.86553958240987	390.5324703092564	-117.01609189282638	-152.68796554754283	-117.0160918928256	369.30337610948504	
6.799875036006025	428.1616632887919	-58.66881846978255	-165.24169680002004	-58.66881846978258	339.9806632730351	-128.22551648736373	-165.24169680001992	-128.2255164873628	368.6793610283455	
6.853417359124182	454.57860014200423	-12.83753180816332	-175.3564663297459	-12.837531808163344	299.0821628862285	-136.57093758112424	-175.35646632974561	-136.5709375811232	376.2186820327344	
6.90695968224234	465.57642463212875	34.90333730794581	-180.0553506241019	34.90333730794586	273.38046867937584	-142.35824242747987	-180.05535062410152	-142.35824242747876	389.6821952842619	
6.960502005360498	461.11838315224327	79.19004455438323	-177.70757710141928	79.19004455438343	263.1520802596041	-146.22789880176634	-177.70757710141885	-146.22789880176526	404.9110935150828	
7.014044328478655	443.56348454513795	116.13390498064464	-168.47125681748796	116.13390498064499	265.2360702516574	-148.60065487704696	-168.47125681748753	-148.60065487704597	417.6562694231819	
7.067586651596813	416.31158587502983	143.67758706079945	-153.99612839299823	143.67758706080002	275.62265466332707	-149.08297808819074	-153.99612839299778	-149.08297808818992	425.30328911608063	
7.121128974714971	383.05864666082516	161.34675490292932	-136.52124821952353	161.34675490293003	292.0411216258261	-146.30777878503034	-136.5212482195231	-146.3077787850297	427.5186830513233	
7.174671297833128	347.34244387945785	169.72818756766566	-117.87993708992153	169.72818756766654	314.6820394571769	-138.50062783994068	-117.87993708992106	-138.50062783994028	425.646315182458	
7.228213620951286	312.2830758957196	169.8014726366588	-98.96581054703987	169.8014726366597	345.05349357152045	-124.39627709806234	-98.96581054703937	-124.39627709806217	421.47515477476105	
7.2817559440694435	280.6112044933784	162.92493176670985	-79.93772161215223	162.92493176671078	383.08121010111614	-103.93362421685146	-79.93772161215168	-103.93362421685148	416.19006471657696	
7.335298267187602	254.52695548092822	150.68396840799474	-60.884985219725706	150.68396840799556	424.4803524298527	-78.25790714929006	-60.884985219725095	-78.25790714929029	409.95841370483663	
7.388840590305759	235.8080773060306	134.6949790307782	-42.324337019144686	134.69497903077888	460.01440932278956	-49.16081073385209	-42.32433701914404	-49.160810733852465	402.1189093972891	
7.442382913423916	225.49983066857126	116.02062177545025	-25.032770547379833	116.02062177545076	477.8514299726474	-18.513446829345074	-25.03277054737916	-18.513446829345575	391.72933782358166	
7.4959252365420745	223.3170340597859	94.77814751089488	-9.326318507272301	94.77814751089522	467.93957219076685	11.867550146842763	-9.32631850727156	11.86755014684217	378.21687914692706	
7.549467559660232	226.56398379995676	70.27352221226552	5.559306141650898	70.2735222122657	426.76703864413224	39.97916288022762	5.559306141651717	39.97916288022696	361.9093718634758	
7.60300988277839	229.7645400927527	41.80006485556779	21.286288846964492	41.800064855567854	359.6463337194482	63.51223160199015	21.28628884696541	63.51223160198947	344.2158910132281	
7.656552205896547	225.41116299336431	9.609776359910553	39.254412386142846	9.609776359910457	280.2562567587184	80.22066148921287	39.25441238614384	80.22066148921215	327.2168030213621	
7.710094529014705	205.69862679626783	-24.63161385600847	59.13588158231723	-24.631613856008734	206.44134475673434	88.64195109654239	59.13588158231827	88.64195109654166	312.7410300459503	
7.763636852132863	164.93062422801967	-57.961976678404085	78.10974593997673	-57.96197667840452	154.85465186569036	88.72453442092758	78.10974593997777	88.7245344209268	301.420076901462	
7.81717917525102	101.55286127026822	-86.92604024359939	91.46900381765991	-86.92604024359997	135.44898236135148	81.99003377702266	91.46900381766088	81.99003377702184	292.355607618008	
7.8707214983691784	19.306499866685513	-108.51736027337827	94.41034071391371	-108.51736027337901	148.78576048398884	71.18295931698113	94.41034071391456	71.18295931698027	283.63589336138085	
7.924263821487336	-73.39127368750167	-120.9987091077123	84.18343601396191	-120.9987091077131	186.74157360511649	59.57850618644291	84.18343601396262	59.578506186442084	273.45251953980994	
7.977806144605493	-165.5849999007898	-124.1706031853588	61.5914478062685	-124.1706031853596	236.02641595786207	50.1493902831797	61.59144780626907	50.14939028317895	261.0751546247542	
8.031348467723651	-246.76734978745822	-119.05994992230829	31.216185058611607	-119.05994992230907	283.38483280373373	44.80912412008868	31.21618505861204	44.809124120088086	247.15684861357855	
8.08489079084181	-309.7273787983308	-107.06982942262131	0.19273513534439246	-107.06982942262209	319.43942823240855	43.95777479076724	0.19273513534467668	43.95777479076682	233.27925596970223	
8.138433113959966	-351.56306233817713	-89.29597800453487	-24.089434004204417	-89.29597800453561	340.1915981197832	46.57763002771891	-24.089434004204268	46.57763002771867	221.04648970310785	
8.191975437078124	-373.3850686310426	-66.77922776702988	-36.601770579180695	-66.77922776703062	345.60987483858554	50.84079723260532	-36.60177057918065	50.840797232605226	211.1525692013138	
8.245517760196282	-378.55804373925986	-41.322590849118114	-36.617291234256115	-41.3225908491189	336.97928993917685	54.86299008661639	-36.61729123425615	54.86299008661645	202.87539874661067	
8.299060083314439	-371.088254385263	-16.59043723885006	-28.084262959181423	-16.59043723885093	315.31183068272816	57.229914406449296	-28.084262959181466	57.22991440644946	194.26047509411092	
8.352602406432597	-354.2658965754206	2.1748254379912293	-18.124845934075754	2.1748254379902425	281.49155000829546	57.16454615951194	-18.12484593407574	57.16454615951221	182.97208497680214	
8.406144729550755	-330.0274641218947	9.877589472594039	-14.187625946118466	9.877589472592987	238.35487595436183	54.45890466930956	-14.187625946118374	54.458904669309966	167.41117387628816	
8.459687052668912	-298.90388837954254	3.8057504168745133	-21.07652636517297	3.805750416873451	191.83420524237235	49.39847979633712	-21.076526365172793	49.398479796337625	147.43473472984132	
8.51322937578707	-259.9097805284971	-14.85792378687972	-39.18506975408201	-14.857923786880626	149.927497165195	42.76895339689335	-39.185069754081766	42.76895339689395	124.25974447594139	
8.566771698905228	-211.15593990366068	-41.351366586655516	-64.69567119236761	-41.35136658665613	119.6122696594376	35.82743463451155	-64.69567119236739	35.82743463451223	99.70829417508925	
8.620314022023386	-151.18104620635313	-69.37553291785409	-91.53074430404754	-69.37553291785429	103.55692575021817	30.18855502429014	-91.53074430404737	30.188555024290892	75.42613344692718	
8.673856345141543	-81.52721392452787	-93.29159366505361	-113.94351911096388	-93.2915936650534	98.65754153009446	27.566930310689205	-113.94351911096379	27.566930310689973	52.56271270970823	
8.727398668259701	-8.522242894916914	-109.62680935905357	-128.46334926769165	-109.62680935905303	97.51825779259761	29.321442235637623	-128.46334926769174	29.32144223563836	31.865193709222382	
8.780940991377859	56.54177737766784	-117.32103982833434	-134.4050017695259	-117.32103982833368	91.30931582863589	35.79565019627765	-134.40500176952617	35.79565019627828	13.780006581731133	
8.834483314496016	100.19747274175208	-117.30617853310758	-133.06813484345014	-117.3061785331071	73.45633079238404	45.70226656662116	-133.0681348434505	45.70226656662161	-1.6708159975251995	
8.888025637614174	111.49612138959607	-111.80044226994815	-126.4907851280763	-111.80044226994801	41.72707446621868	56.02817620945543	-126.49078512807678	56.028176209455594	-14.985258535901359	
8.941567960732332	86.04496251968828	-103.52973745003086	-116.57582269103736	-103.52973745003118	-0.8119250808335892	62.78884982137301	-116.5758226910379	62.788849821372885	-26.882212448038942	
8.995110283850488	28.013911728698446	-94.71588045079065	-104.92326042867131	-94.71588045079143	-46.88619957955389	62.41820087571782	-104.92326042867194	62.41820087571742	-37.52922218281541	
9.048652606968647	-50.66425131947818	-85.82749391335578	-93.0840342889467	-85.82749391335695	-86.53785425592072	53.086989107846335	-93.08403428894741	53.086989107845724	-45.80323568006145	
9.102194930086805	-133.106101536847	-75.0800833715837	-82.72315940905423	-75.0800833715851	-109.95673748923844	35.152903785347206	-82.72315940905503	35.152903785346496	-49.236730909919956	
9.155737253204963	-201.60148508981607	-59.04762124276854	-75.43568170782892	-59.04762124277012	-109.85578110533669	10.578812821959133	-75.43568170782981	10.578812821958426	-44.847776280431205	
9.20927957632312	-242.3814736866454	-34.797859235848705	-72.29466697171019	-34.79785923585034	-83.53902002004534	-18.17977314069158	-72.29466697171114	-18.17977314069217	-30.44771093397947	
9.262821899441278	-249.60334620668164	-2.0186625030676986	-73.42761004652019	-2.018662503069354	-33.427030922280125	-49.07457347242655	-73.42761004652122	-49.07457347242695	-5.692754249133481	
