# Stress in units of bar (10^5 Pa)
# z	Sxx	Sxy	Sxz	Syx	Syy	Syz	Szx	Szy	Szz
0.0	-158.24459711831605	128.38347880450976	125.72035563642184	128.38347880451067	401.5480203787163	-188.47681499987056	125.72035563642251	-188.4768149998713	49.70087500729848	
0.05478632188515977	-156.64563261658947	157.27732312052396	87.1060807318747	157.27732312052447	445.10217552569196	-185.14155967253004	87.10608073187535	-185.1415596725307	37.82877582173546	
0.10957264377031954	-130.44312885960898	182.39053760214057	41.930156981279566	182.39053760214074	459.86458061452913	-169.00060670718898	41.93015698128014	-169.00060670718943	29.709206859989642	
0.1643589656554793	-86.0865532139	187.04379171641617	2.151900728344793	187.04379171641622	453.9265150026057	-143.08762928924213	2.1519007283453115	-143.08762928924253	27.02403291927459	
0.21914528754063908	-56.0893499177605	171.8246933562987	-24.19369200690919	171.82469335629887	432.358072296308	-113.49270242192105	-24.193692006908634	-113.49270242192135	26.97086977048356	
0.27393160942579886	-74.32924523832438	149.91161345289984	-38.14112432197442	149.91161345290033	397.49156958275415	-86.60909700669463	-38.141124321973834	-86.60909700669494	24.275786826077123	
0.3287179313109586	-140.0489489153495	135.32685234350032	-44.68713431479111	135.32685234350117	350.90130405985974	-67.78627668006271	-44.68713431479064	-67.78627668006308	15.84568932797529	
0.3835042531961184	-211.4732689929995	137.08765242414694	-45.040753411830934	137.08765242414808	295.295589807166	-60.73523336968328	-45.040753411830714	-60.73523336968366	4.3821653122213196	
0.43829057508127817	-240.3949400433972	156.16768234632974	-36.231785848832445	156.16768234633096	239.2802660657943	-66.24708808330459	-36.231785848832516	-66.24708808330487	-1.4639193159022454	
0.4930768969664379	-208.52283982620818	185.189373796305	-16.670632622860737	185.18937379630603	200.48394081518643	-81.41951810142764	-16.67063262286098	-81.4195181014278	8.591532353019176	
0.5478632188515977	-133.82910722416153	215.15778534359868	9.956687048514866	215.15778534359927	199.3458620784701	-100.62454028229769	9.956687048514713	-100.62454028229762	39.240743275551885	
0.6026495407367575	-55.49885609038493	242.9838469469794	35.29203543701497	242.9838469469795	245.2613209759792	-117.48074071301471	35.292035437015144	-117.48074071301453	84.65526370308241	
0.6574358626219172	-13.54536069074527	270.09400366761884	49.727498332982314	270.09400366761855	323.41040164647467	-126.860008066402	49.72749833298292	-126.86000806640196	130.64762787530947	
0.712222184507077	-24.527633383063886	295.2534207372146	47.175931315198014	295.2534207372141	396.0151539514429	-126.81307612926554	47.17593131519895	-126.81307612926581	162.48175453137998	
0.7670085063922368	-65.00987634644012	311.73425757129525	29.253204246050057	311.73425757129473	428.532274612939	-119.69070306481514	29.253204246051215	-119.69070306481584	172.43429976164225	
0.8217948282773966	-82.05023137671027	311.82467581882884	5.444095131419681	311.82467581882855	422.84817195887945	-110.35951655750591	5.444095131420989	-110.35951655750692	163.6903717566972	
0.8765811501625563	-31.999733633532582	292.17363121983965	-12.38771244077549	292.1736312198394	415.67457044006466	-100.9597719159184	-12.387712440774076	-100.95977191591946	149.46663791736876	
0.9313674720477161	84.67357615495362	255.90068804617542	-17.91690508122377	255.90068804617516	434.7278874558877	-87.2906092835959	-17.91690508122232	-87.2906092835969	145.41953397641427	
0.9861537939328758	222.7718223435781	211.854747950241	-13.723013055182204	211.85474795024072	464.3581726899716	-63.85426222407365	-13.723013055180868	-63.85426222407458	157.59192112431717	
1.0409401158180356	321.1249896928047	170.8851550598456	-5.778158828268075	170.88515505984532	460.94622675469054	-34.772662973903486	-5.778158828266911	-34.77266297390434	176.1693616411805	
1.0957264377031954	332.2827389970931	140.06186453773904	5.410539866056072	140.06186453773887	393.73212595297264	-16.439141430589697	5.410539866057086	-16.439141430590446	182.61697902815826	
1.150512759588355	240.55433043121957	121.60847797192103	25.97500383508349	121.608477971921	269.4495740636813	-24.031752788603377	25.975003835084415	-24.031752788603928	163.5673506295767	
1.205299081473515	72.51714033362205	117.3956769125568	59.75756201505421	117.39567691255692	128.38685814312643	-54.68717459511307	59.75756201505506	-54.68717459511329	118.46782376930099	
1.2600854033586748	-108.05554514190054	127.75651286352348	100.20490415094044	127.75651286352377	17.723803472441375	-87.12864622036835	100.20490415094106	-87.12864622036824	57.7314760582191	
1.3148717252438344	-235.2506565727256	141.56941268406118	133.70205271806668	141.56941268406163	-34.85550218243165	-99.69131993839416	133.70205271806697	-99.6913199383938	-3.1818923894689037	
1.3696580471289943	-280.6806473424143	135.1035530497453	150.01282901034276	135.10355304974584	-22.98232703726829	-88.96681908499494	150.0128290103426	-88.96681908499451	-50.63413579849665	
1.424444369014154	-261.7131878807212	91.59107292493456	146.69637630399845	91.59107292493498	50.21400401010718	-71.55555250562809	146.69637630399802	-71.55555250562773	-79.67982644848531	
1.4792306908993138	-217.3256849467428	23.23289948531952	125.53404045109266	23.23289948531975	170.0645393182987	-67.84190489945992	125.53404045109212	-67.8419048994596	-96.32047615534361	
1.5340170127844737	-172.57276838379158	-33.586288671578274	91.12345138436248	-33.586288671578274	305.27579101969116	-82.50308856248111	91.12345138436208	-82.50308856248074	-109.54982876749503	
1.5888033346696333	-116.30578130647427	-49.66975499270037	53.991004259737366	-49.66975499270046	422.2754037662279	-99.98235839889196	53.99100425973722	-99.98235839889148	-117.48285933651712	
1.6435896565547932	-19.516748478864685	-27.432802313375028	28.881688500588808	-27.432802313375234	506.31292003236734	-99.73415652470618	28.881688500588893	-99.73415652470563	-102.4247748518249	
1.6983759784399528	119.11748043913818	4.231010342559308	25.47767973197189	4.231010342558932	567.713553477906	-75.98533822019482	25.477679731972106	-75.98533822019424	-43.02493574913079	
1.7531623003251127	261.9278843704062	13.141003646496099	41.33459320897323	13.141003646495562	630.9777714039889	-42.04368727790356	41.33459320897347	-42.043687277903096	66.09194694397638	
1.8079486222102725	373.05511467603066	-15.077925125286583	65.1390875169019	-15.07792512528728	713.2864418972338	-16.633754962633283	65.13908751690214	-16.633754962633084	203.56744485570505	
1.8627349440954322	448.2319613013398	-67.7640995381118	86.63477813003193	-67.76409953811262	809.2876626300397	-7.270629136988266	86.63477813003219	-7.27062913698836	329.08767476533643	
1.917521265980592	494.2835580687003	-114.5482195512473	102.22491828894701	-114.54821955124817	893.7573489854167	-4.660210872479404	102.22491828894728	-4.660210872479752	408.54465853566865	
1.9723075878657517	506.83885545699906	-131.8425176780784	109.37089454481465	-131.8425176780791	936.8327132510898	8.018627425731298	109.37089454481493	8.01862742573077	438.31325745504626	
2.0270939097509113	490.84532478613244	-117.48963767745813	98.24579517232993	-117.4896376774587	923.9117460389525	36.76595879732195	98.24579517233019	36.765958797321304	440.7954195500056	
2.081880231636071	478.09263666372885	-84.79426780069755	58.141402272933796	-84.79426780069792	866.6338959667216	65.21960923464577	58.14140227293401	65.21960923464513	431.33053276252554	
2.136666553521231	498.1543870754385	-56.59742130365963	-1.6590935158450435	-56.5974213036598	789.0699264829265	65.43921730393976	-1.6590935158447948	65.4392173039393	397.04216781650285	
2.191452875406391	543.800412559571	-60.30719175458157	-44.375030451946955	-60.30719175458159	707.9372122615944	24.687437582361063	-44.37503045194666	24.687437582360772	317.7859322231228	
2.2462391972915507	583.2521855934577	-103.96603475775356	-32.209303683288645	-103.96603475775358	633.2257120735069	-38.45970922328375	-32.20930368328831	-38.45970922328389	205.09573465715218	
2.30102551917671	593.8745571445216	-157.59171096816152	35.14194660625275	-157.59171096816158	576.3683776252694	-85.97795215708133	35.14194660625303	-85.97795215708138	110.60551990521381	
2.35581184106187	568.3934824717765	-181.49151195996745	112.79207076892247	-181.49151195996757	546.2364395345201	-89.25044309607036	112.79207076892263	-89.25044309607034	89.92713808544514	
2.41059816294703	496.4592432726159	-172.05181542396576	143.87636066580788	-172.05181542396588	544.0470838025911	-48.89497244475261	143.87636066580802	-48.8949724447526	157.21785600459174	
2.4653844848321897	360.56097445654	-156.5242342046784	101.16171918456165	-156.52423420467852	559.5653886770369	9.067899195462672	101.16171918456178	9.067899195462715	274.48310951964027	
2.5201708067173496	158.4964801411001	-146.39306557843196	1.4591748371269038	-146.39306557843202	559.5924307431678	53.82410438604025	1.4591748371269926	53.824104386040354	383.02389658107916	
2.574957128602509	-73.04702529732442	-124.5966324047923	-112.7471915074812	-124.59663240479233	489.04776705346944	70.16129540059104	-112.74719150748115	70.1612954005912	444.5998201091198	
2.629743450487669	-268.1996372625308	-81.87710340531967	-203.3156822048073	-81.87710340531959	308.3960277147531	66.01027810941609	-203.31568220480736	66.01027810941626	457.9236078758669	
2.6845297723728287	-378.14778229781916	-40.65002142926939	-254.4932180759679	-40.650021429269316	38.87689705190779	62.77530976222384	-254.493218075968	62.775309762224	445.5973483194098	
2.7393160942579886	-405.76072365774473	-29.643250311886888	-271.82650971762274	-29.643250311886774	-232.67951761626873	74.75190480498922	-271.8265097176229	74.75190480498938	429.8046186485018	
2.7941024161431485	-386.4350090249444	-47.79526749530606	-270.2239379297394	-47.795267495306035	-399.8252408148693	94.81944448357049	-270.2239379297396	94.81944448357066	416.00513357401576	
2.848888738028308	-341.8478909750904	-68.60864747152384	-261.93142868454294	-68.60864747152394	-405.4566315798093	100.43097695223378	-261.9314286845431	100.43097695223398	393.42236854492944	
2.9036750599134677	-261.45982154297127	-73.44597567348286	-249.47180028258634	-73.44597567348309	-285.1593481287399	74.81396774511754	-249.47180028258643	74.81396774511775	348.212436940368	
2.9584613817986276	-129.21537896261952	-65.20318672473712	-225.41075729437244	-65.20318672473745	-144.2209163121708	22.62855533229285	-225.4107572943725	22.62855533229303	276.0283743083978	
3.0132477036837875	39.207318421172204	-55.247025350894404	-179.58655291226142	-55.24702535089474	-77.44896389446018	-34.104521762055455	-179.5865529122615	-34.10452176205531	184.20204571558375	
3.0680340255689473	192.557202481517	-55.50440045542274	-111.00377019425021	-55.504400455423024	-97.79362027759258	-72.59055266596961	-111.00377019425024	-72.59055266596948	86.94320362979144	
3.1228203474541067	278.43921743275183	-78.93715668780786	-36.00662439894439	-78.93715668780818	-141.61702265363914	-81.46032386900094	-36.00662439894445	-81.4603238690008	1.2595908154835023	
3.1776066693392666	280.0117888136406	-127.17208585207177	17.664023694045007	-127.17208585207206	-141.84716383517633	-62.38869028517477	17.66402369404495	-62.38869028517465	-56.325824026752876	
3.2323929912244265	221.58606873159778	-176.7369189136617	32.04033298438529	-176.7369189136619	-87.09454044042036	-26.576303044597147	32.04033298438523	-26.576303044597072	-77.05346955777257	
3.2871793131095863	143.5691313504318	-190.57277822033956	17.70247695939809	-190.5727782203397	-13.97622373004424	9.419153353681322	17.7024769593981	9.41915335368134	-68.59142320018424	
3.341965634994746	74.81843768194517	-146.13065097590038	7.091401345725323	-146.13065097590047	36.70434077019634	28.910619904700383	7.0914013457254015	28.910619904700354	-53.94430115262723	
3.3967519568799056	24.967802480936072	-54.86684204483754	23.561642016399393	-54.866842044837604	47.563778619269506	21.648883360319076	23.56164201639953	21.648883360319054	-56.82090662194607	
3.4515382787650655	-6.3009271449202515	41.2077569487829	58.07670420461457	41.20775694878278	21.130774821115452	-10.128330627855432	58.07670420461476	-10.128330627855428	-86.5908056120515	
3.5063246006502253	-25.566520176248034	97.57396528187407	80.10538221069137	97.57396528187392	-38.35681262221361	-49.696809672762456	80.10538221069157	-49.69680967276242	-135.40084688373707	
3.561110922535385	-52.491122367912915	99.39798556465219	69.81366011846211	99.39798556465203	-133.37028469859445	-72.58323915079701	69.81366011846231	-72.58323915079694	-183.36866610288246	
3.615897244420545	-108.19441235394194	68.18189233120623	35.57934677282243	68.1818923312061	-259.64579966479494	-61.388242707480046	35.5793467728226	-61.388242707479975	-204.76174700807746	
3.6706835663057045	-181.42916002061776	38.72628541302299	2.2794584656560914	38.726285413022865	-387.8432979041087	-18.644982337855016	2.279458465656216	-18.64498233785494	-178.41936662407466	
3.7254698881908643	-222.89942521103563	31.80751077378406	-10.926044509626053	31.807510773783946	-468.5327595460408	33.69353345949271	-10.926044509625974	33.69353345949277	-102.992241011116	
3.780256210076024	-190.7701057354402	45.724720243394664	-0.9854862572525307	45.72472024339457	-465.4306290993269	68.9865699988839	-0.9854862572524943	68.98656999888395	-5.00353518046017	
3.835042531961184	-93.13388499645121	65.326397459847	22.382438853411273	65.32639745984697	-387.88970438481766	74.19997988548988	22.38243885341128	74.19997988548997	71.33044113706246	
3.889828853846344	23.72764400488444	75.98880275974533	44.69466574952701	75.98880275974531	-287.771841051744	57.487223932416924	44.694665749527	57.487223932417045	89.89127000400906	
3.9446151757315033	121.37124896010678	73.38678990707804	54.35812734625261	73.38678990707804	-218.38790109100486	37.89415596980505	54.3581273462526	37.89415596980518	49.715019182023156	
3.999401497616663	196.14827007227015	60.81981735462038	47.73203009628557	60.81981735462037	-195.62211394162802	26.122567382839172	47.73203009628562	26.12256738283932	-6.406866116912312	
4.054187819501823	265.9359087961625	34.455085770218886	28.497398091791883	34.4550857702189	-197.92433756273115	15.996228701123538	28.497398091791993	15.996228701123673	-15.215159105959522	
4.108974141386983	339.2299307888937	-20.477948862453147	2.566023047128578	-20.477948862453147	-193.61917744841992	-4.987469966468765	2.5660230471287235	-4.98746996646863	62.52161253220602	
4.163760463272142	399.56543934621743	-104.99677845296182	-25.992475953468578	-104.9967784529618	-159.8418063455104	-38.55578061607952	-25.99247595346842	-38.55578061607934	211.421452773	
4.218546785157303	412.6646847124641	-182.33163641650376	-55.66166148577416	-182.33163641650373	-87.34454079314429	-69.86909015152243	-55.66166148577399	-69.86909015152216	372.5210620735674	
4.273333107042462	345.7762667220801	-194.19767738675853	-86.26936360387668	-194.19767738675853	11.447850549467592	-79.10241233529109	-86.26936360387651	-79.1024123352908	486.1298251043128	
4.3281194289276215	197.31564874676965	-107.05449749972111	-116.6822678136045	-107.0544974997211	99.71683953968964	-60.678893816815936	-116.6822678136043	-60.67889381681563	528.8455022079984	
4.382905750812782	18.784705190121713	56.466810959192664	-142.61174914962237	56.4668109591927	139.56790203652068	-30.83268595419823	-142.61174914962214	-30.83268595419796	516.2766442928871	
4.437692072697941	-108.99717354834797	226.20559013801227	-156.76284616492268	226.20559013801235	126.42757465459472	-12.512259550967734	-156.7628461649224	-12.512259550967514	477.79550881638147	
4.4924783945831015	-141.7356734839849	327.8195759513942	-152.20123573255432	327.81957595139437	94.06753511077939	-12.035424945595329	-152.20123573255407	-12.035424945595208	434.15164396933176	
4.547264716468261	-107.96164272554421	329.755979925554	-127.31509961622884	329.7559799255541	84.98530738570577	-13.930341040496803	-127.31509961622864	-13.930341040496746	398.12550135044125	
4.60205103835342	-68.38629442031748	255.67000893260345	-87.89985941149176	255.67000893260357	118.45341909365591	0.2226344926999433	-87.89985941149163	0.22263449269996283	386.1548976524561	
4.656837360238581	-51.421053035060424	153.18989208269994	-42.72828195873061	153.18989208269986	182.53993915385715	30.76761159359416	-42.728281958730555	30.767611593594186	416.0381967472449	
4.71162368212374	-38.6922777768776	55.5867822868301	3.535189062148376	55.5867822868299	250.19232908529102	59.65845968227609	3.5351890621484046	59.658459682276145	487.5628869074229	
4.7664100040089	3.373920042829454	-27.11742092458286	52.59959993899854	-27.117420924583172	305.84289087339863	68.88679255291879	52.59959993899858	68.88679255291885	567.3068734691731	
4.82119632589406	92.501431200458	-89.13762978185972	108.08502942421705	-89.1376297818602	356.4631161470341	55.79609463225605	108.0850294242172	55.796094632256064	598.4180029613369	
4.875982647779219	217.70759226936923	-107.520625838837	168.3296592765064	-107.5206258388376	407.7313476445469	29.54138812635281	168.3296592765065	29.541388126352782	536.2523518987975	
4.9307689696643795	344.4757139894143	-49.98023948896784	222.68786583274502	-49.98023948896855	434.6471279543799	-4.320669390900999	222.68786583274516	-4.320669390901034	384.62076828974864	
4.985555291549539	444.3767098401633	76.54641085804104	256.5129330632521	76.54641085804047	408.9348365807675	-51.19395940426536	256.51293306325215	-51.193959404265385	197.57399049107863	
5.040341613434699	525.6714824034109	198.87085828002512	260.967013175572	198.8708582800246	361.968931632788	-116.0374215329387	260.96701317557194	-116.0374215329387	40.60047995876789	
5.095127935319859	620.6788869860951	239.71206789782883	237.47292891350114	239.7120678978285	374.2502460334611	-185.2573957058011	237.47292891350102	-185.25739570580106	-52.3100680095285	
5.149914257205018	742.9311245040561	199.18984140694863	195.25356787746108	199.1898414069485	487.5986578232601	-226.69321921344755	195.25356787746085	-226.69321921344758	-88.68525110099515	
5.204700579090178	874.9871745041829	134.67788041097396	148.49710263456024	134.6778804109739	663.7915879539316	-215.2479515389178	148.49710263455995	-215.2479515389179	-96.63872977202618	
5.259486900975338	993.0003479781992	77.2813769748744	113.00322504688154	77.2813769748744	831.507385521106	-158.0289592070373	113.00322504688123	-158.02895920703747	-99.34492359581783	
5.314273222860498	1082.8591325736197	12.796946975134485	97.09091874595167	12.79694697513446	943.854536940054	-87.7039599692543	97.0909187459513	-87.70395996925451	-102.59062593070904	
5.3690595447456575	1132.3430311759657	-70.98540976041919	92.80861999007448	-70.98540976041917	992.850815421855	-30.578613630295408	92.80861999007402	-30.57861363029559	-97.37875144241218	
5.423845866630817	1126.9515877244012	-159.76202014799077	81.5904843218381	-159.76202014799074	994.1593752290486	12.586321537536886	81.59048432183769	12.586321537536788	-71.2903112676991	
5.478632188515977	1061.0612960449466	-226.83673807416744	53.121051196349505	-226.83673807416744	968.71695234926	53.60700432566236	53.121051196349214	53.607004325662245	-19.62019141527717	
5.533418510401137	942.5686101650454	-249.2847251658003	16.88509172028046	-249.28472516580058	926.3984822334196	94.58697676352674	16.885091720280425	94.58697676352652	48.741589814344366	
5.588204832286297	779.9558126638514	-221.69349612364044	-7.340814784745611	-221.693496123641	850.8464832140005	126.31979003392385	-7.340814784745355	126.31979003392348	111.61074362638685	
5.642991154171456	573.6875838655681	-165.25173944462773	-9.191680452872017	-165.25173944462864	710.084115889351	144.33401765377437	-9.191680452871559	144.33401765377388	143.62174253420363	
5.697777476056616	333.8111693109475	-110.46378131201075	3.526608614423189	-110.46378131201206	503.07484986180066	157.38558008214238	3.5266086144237008	157.38558008214193	135.67059999423248	
5.752563797941776	100.67648227428015	-68.47803243426347	14.417280501025074	-68.47803243426507	284.94194739347586	177.8754255103026	14.417280501025523	177.87542551030225	105.97384619340446	
5.8073501198269355	-73.06548556735004	-31.442116312387753	14.099596414537901	-31.442116312389516	117.85611444543179	207.40256029425413	14.099596414538217	207.4025602942539	85.42980700843326	
5.862136441712096	-166.21724695768285	0.6241862088505385	4.919208522434033	0.6241862088488119	9.404574322795312	234.5516329151465	4.919208522434257	234.5516329151465	89.81338922004751	
5.916922763597255	-205.78689075766397	9.583817632510673	-7.204208391224698	9.583817632509138	-74.57827445625645	247.43488033974558	-7.2042083912245225	247.43488033974566	109.40221711101937	
5.971709085482415	-239.696602725444	-18.329668049372394	-19.77400848263362	-18.329668049373726	-153.9552664601958	246.26389521608374	-19.774008482633427	246.26389521608394	125.52475536504073	
6.026495407367575	-298.1540950580718	-69.01249308471222	-32.04767677633209	-69.01249308471338	-220.39038797708386	240.90963205636652	-32.04767677633191	240.90963205636677	132.05915511590814	
6.081281729252734	-378.1061817328456	-109.04747931802518	-42.31691454076734	-109.04747931802623	-270.28696688651127	237.4580491886286	-42.31691454076723	237.45804918862893	137.89386149152764	
6.136068051137895	-456.72343400062095	-116.70309894940318	-49.35256912673794	-116.70309894940391	-323.24147653159577	230.2717765117372	-49.35256912673793	230.2717765117375	151.86483483840442	
6.190854373023054	-510.9577434199915	-96.02688186642202	-52.83593617365391	-96.02688186642216	-398.8603957162267	206.17864750493808	-52.83593617365399	206.17864750493828	170.92892831495428	
6.2456406949082135	-524.1529939073924	-61.727311259021974	-50.65374020645455	-61.72731125902135	-483.82922861382576	154.90065315182372	-50.65374020645463	154.90065315182366	184.00654707031754	
6.300427016793374	-487.6469155442031	-23.11761535893404	-39.096194974221234	-23.117615358932817	-533.804859171947	78.85435778249152	-39.096194974221206	78.85435778249119	183.25870772941084	
6.355213338678533	-411.01520968894386	11.566973223336177	-17.630782167621934	11.566973223337563	-514.6824822598596	-4.284869478418895	-17.630782167621803	-4.284869478419391	169.13599996211414	
6.4099996605636935	-326.05461949245205	28.039937075557297	9.156179780566944	28.039937075558306	-442.5474769553186	-70.72354526797463	9.156179780567115	-70.72354526797517	146.53473466614213	
6.464785982448853	-262.69710939133364	14.605666716070942	36.520565280596074	14.605666716071198	-373.5072563606543	-105.2684173270538	36.5205652805962	-105.26841732705427	118.76661569698439	
6.519572304334012	-223.07843101935066	-24.48547709406762	64.60386811774038	-24.48547709406806	-349.0231533519047	-109.0206763355659	64.60386811774046	-109.02067633556621	85.76344992947818	
6.574358626219173	-190.5738176481868	-71.64667548779374	96.38529769920311	-71.64667548779474	-356.51576847119105	-95.09821736018394	96.3852976992032	-95.09821736018414	47.33686328543471	
6.629144948104332	-158.9550857874495	-110.58212364140468	131.5765528744917	-110.58212364140576	-348.55216485345045	-78.46097347629538	131.57655287449182	-78.46097347629552	6.545534410348093	
6.683931269989492	-139.40824795886635	-133.79495138417752	164.71597380104595	-133.79495138417818	-293.29468481905207	-68.27708116034633	164.71597380104618	-68.27708116034651	-31.365213660913966	
6.738717591874652	-142.0198653121041	-139.73169482776842	189.87136191877755	-139.73169482776854	-200.72080664063728	-66.09515876809762	189.87136191877778	-66.09515876809778	-62.37747799970616	
6.793503913759811	-161.50907930376906	-131.01770989026832	205.69265140861245	-131.01770989026807	-107.33480363392302	-67.85224877929352	205.69265140861273	-67.8522487792935	-84.26705286380785	
6.8482902356449715	-183.20525635843822	-118.5162923919494	214.5033528312797	-118.51629239194915	-45.17051711298353	-67.52960574182171	214.50335283127998	-67.52960574182146	-94.35919010118104	
6.903076557530131	-196.54002341455652	-121.63523585522478	217.08852318713207	-121.63523585522483	-21.672329107485012	-61.4726826474721	217.0885231871323	-61.4726826474716	-89.27212230392732	
6.957862879415291	-201.06036440643354	-157.58448758761384	210.14495806412953	-157.5844875876142	-21.211971476307383	-50.60291806541589	210.1449580641297	-50.60291806541521	-68.43061907495377	
7.012649201300451	-207.40938790902354	-226.98498707260492	189.6949242522112	-226.9849870726054	-23.68583925997828	-37.76312069634308	189.6949242522114	-37.763120696342284	-37.4420985956437	
7.06743552318561	-234.91693408131414	-311.4480223413205	156.80836992574177	-311.4480223413209	-20.864959063177174	-23.567757382405013	156.8083699257421	-23.567757382404213	-6.914104730393367	
7.12222184507077	-295.46503618263984	-384.92154608527244	119.0694170949109	-384.92154608527267	-16.56992451057112	-7.238441748544094	119.0694170949115	-7.2384417485434405	13.438357708601803	
7.17700816695593	-371.33723456826647	-426.25513292294914	85.65095014883059	-426.2551329229492	-20.076953740231982	8.607797684408906	85.6509501488315	8.607797684409308	21.434194692047633	
7.23179448884109	-419.89743192888955	-425.92059815042717	61.69452310144894	-425.92059815042705	-40.87274001924326	16.746485861809376	61.69452310145	16.746485861809514	24.774267580869605	
7.2865808107262495	-410.39903484647493	-388.0391209849747	48.11103980302197	-388.03912098497455	-80.58660140996174	9.82433005829829	48.11103980302305	9.82433005829829	35.85425383510223	
7.341367132611409	-352.56266833315635	-326.1858901820531	44.29721609178558	-326.18589018205273	-126.13924572587658	-14.653786039746613	44.297216091786545	-14.653786039746581	62.01279846476712	
7.396153454496569	-283.08279880488226	-252.7167713665418	48.00400505661275	-252.7167713665413	-153.42925893947975	-52.478992677467076	48.00400505661352	-52.47899267746685	100.19229329390106	
7.450939776381729	-224.0417390011485	-174.09605779173813	53.806487135263495	-174.0960577917375	-139.647000247188	-94.25936097906762	53.806487135264064	-94.25936097906705	141.30649584027563	
7.505726098266889	-162.44587693797192	-96.28526251320336	55.58950273646737	-96.28526251320278	-75.16768549162916	-130.47805555747746	55.589502736467736	-130.47805555747652	178.2856558924382	
7.560512420152048	-72.84679722696828	-27.71812335204725	52.07065983205518	-27.718123352047016	28.700146119933805	-157.72317626871217	52.070659832055426	-157.72317626871097	208.61342123533535	
7.615298742037208	48.442297040470606	24.766285874053246	48.41767821930169	24.766285874052798	139.59011044269192	-179.60805440629508	48.417678219301905	-179.60805440629375	231.29371261587693	
7.670085063922368	178.95468350066102	58.34587285710402	50.88611426089968	58.34587285710274	220.20025534306694	-200.18804987128897	50.88611426089989	-200.18804987128775	244.93486826687445	
7.7248713858075275	292.6026706934123	73.65299371772618	60.38461843274797	73.65299371772426	255.8192557868676	-217.2542967920744	60.38461843274807	-217.25429679207352	248.8850652954489	
7.779657707692688	372.9232318318765	75.54487997245727	72.53907248148168	75.54487997245502	264.51746361165425	-223.0271559864425	72.53907248148153	-223.0271559864422	243.55974651844713	
7.834444029577847	407.14894349662313	72.07736192659047	83.51179651091851	72.0773619265884	274.6614067262525	-210.4104662843551	83.51179651091803	-210.41046628435544	228.89485785222263	
7.889230351463007	384.10822173403875	71.18416253975148	93.45817341047362	71.18416253974996	294.89681279420233	-178.25333913113002	93.45817341047285	-178.253339131131	204.65550560307648	
7.944016673348167	304.2163580816947	79.36169315946377	103.14153110107776	79.36169315946304	310.0658154651714	-132.9326360378745	103.14153110107682	-132.93263603787585	173.95360049083092	
7.998802995233326	187.56950734652742	101.00545878344053	108.73577235560896	101.00545878344052	301.15383042717355	-86.52438981551836	108.73577235560799	-86.5243898155197	145.616999926918	
8.053589317118487	71.42280864380447	133.2033781287709	102.306952134916	133.20337812877133	262.7203631623878	-50.837449184737565	102.3069521349152	-50.83744918473864	130.82570755284297	
8.108375639003645	-4.26652549306705	163.13640965131617	78.51454980641734	163.13640965131657	202.26367778907533	-29.65438092497862	78.51454980641682	-29.654380924979346	136.034866299215	
8.163161960888806	-19.25923776156519	175.35984777180127	40.780741854991604	175.3598477718013	131.72381895728532	-17.075149496181957	40.78074185499143	-17.07514949618243	159.04415021029138	
8.217948282773966	18.385233065815413	163.33543240378555	0.472569832494091	163.3354324037851	64.06379495661625	-5.657192022190877	0.4725698324942087	-5.6571920221912855	191.29145029711782	
8.272734604659126	89.68223351471903	133.07991879818488	-30.63043240467144	133.0799187981842	11.44438575421907	4.315601032268174	-30.630432404671108	4.315601032267687	222.16949936617678	
8.327520926544285	181.5438127571473	96.6028141418934	-48.06098094458995	96.60281414189286	-19.474579799295267	5.8079775154320465	-48.060980944589474	5.807977515431478	240.9847297220615	
8.382307248429445	281.1376101181776	62.54239182769675	-56.28736490635451	62.54239182769665	-26.721533457916927	-4.790193610351172	-56.28736490635395	-4.790193610351718	238.1165051493991	
8.437093570314605	364.6427427332445	32.28516986824286	-63.59964787617347	32.285169868243244	-12.256319938581761	-21.085201081564836	-63.59964787617287	-21.085201081565287	208.69875559567032	
8.491879892199764	402.0301878270152	4.761051229719442	-74.43152719595462	4.761051229719925	10.167525495328235	-31.810001958332926	-74.43152719595398	-31.810001958333288	156.88764001939046	
8.546666214084924	372.77922935726065	-16.069441453082646	-85.02621373551833	-16.069441453082376	14.615848961558271	-30.906122182000352	-85.02621373551764	-30.906122182000693	95.56520043421142	
8.601452535970084	278.7858148243262	-21.702588811769747	-86.89828009108298	-21.702588811769772	-15.465837729210548	-21.066630368994726	-86.89828009108227	-21.066630368995053	40.18890738038942	
8.656238857855243	146.94858309063255	-8.074950791916251	-75.88138604330175	-8.074950791916358	-65.2912974554435	-9.375770934362286	-75.88138604330109	-9.37577093436255	1.4510303920654	
8.711025179740403	18.99075610748099	19.923926324291337	-56.98907019429022	19.923926324291468	-95.01216085528712	-2.088790396909789	-56.989070194289766	-2.088790396909924	-17.193023323071397	
8.765811501625564	-69.10019289974596	53.49273806641682	-38.7678278771656	53.492738066417346	-70.25453032364626	-2.59255818745606	-38.76782787716544	-2.5925581874560786	-16.021752876495434	
8.820597823510724	-106.37568718092854	85.8961882348274	-23.40002599255787	85.89618823482829	9.927990111689212	-11.594120566165945	-23.400025992558003	-11.594120566165932	4.994889900980937	
8.875384145395882	-110.42612171871721	113.12187427172469	-3.8424146477192243	113.12187427172574	108.30595121580053	-28.146037024066487	-3.842414647719557	-28.146037024066512	45.585258118486855	
8.930170467281043	-111.57052961597688	134.80551709476939	29.564577926119078	134.8055170947704	175.04269282767564	-50.23240999780382	29.564577926118677	-50.23240999780386	101.50041140621332	
8.984956789166203	-131.12861031371855	156.07530264338845	80.1174545541686	156.0753026433894	186.07132286912739	-73.81609051921139	80.11745455416823	-73.81609051921134	163.28001655238	
9.039743111051362	-170.13554183752194	182.41963767780473	140.57868986175072	182.4196376778056	158.13961832455323	-91.70147064182987	140.57868986175035	-91.70147064182973	219.6890345044501	
9.094529432936522	-211.21596071620303	210.4648959585576	196.16140641635394	210.4648959585585	127.88377394339591	-95.84823852875863	196.1614064163535	-95.84823852875846	262.34751892532387	
9.149315754821682	-231.42425620933574	227.89234155814202	232.59881775201274	227.89234155814285	120.05263212960166	-83.71969559889291	232.5988177520122	-83.71969559889273	286.892926948727	
9.20410207670684	-222.28942456500167	224.32266779306457	243.90206525540538	224.32266779306534	132.61066330764336	-63.06795888076817	243.90206525540464	-63.06795888076807	290.82557570522016	
9.258888398592001	-198.7521703631481	201.58380303187465	234.40523600869872	201.58380303187528	145.78639607955964	-48.558126391816465	234.40523600869784	-48.55812639181653	272.5728305217017	
9.313674720477161	-182.45124573223825	173.4574008166042	214.54643949611818	173.4574008166049	142.37680695933471	-51.66267029893777	214.54643949611722	-51.66267029893807	234.07963973997903	
9.368461042362322	-177.74513753447485	153.8822113905319	194.58409942914096	153.8822113905327	125.4194833524339	-73.15773002101628	194.58409942913994	-73.15773002101685	183.78883518628797	
9.42324736424748	-173.16401424149808	144.26433842357088	180.27531260178478	144.26433842357193	120.73991580405871	-104.7266146096347	180.2753126017839	-104.72661460963548	134.96707501659242	
9.47803368613264	-161.62393321286638	135.16035979748068	171.65851010384003	135.16035979748196	156.155888540425	-136.39539669010728	171.6585101038395	-136.39539669010816	98.5170206185924	
9.5328200080178	-150.62999994315686	122.15414236313653	164.18077231213124	122.1541423631379	233.63475921202735	-162.1622764182363	164.18077231213118	-162.1622764182372	76.31436769134537	
9.58760632990296	-150.51893645252264	115.56233930268101	150.95430546195075	115.56233930268223	326.1306458478263	-180.0061970305683	150.95430546195118	-180.00619703056913	62.20692741782675	
