# Stress in units of bar (10^5 Pa)
# z	Sxx	Sxy	Sxz	Syx	Syy	Syz	Szx	Szy	Szz
0.0	-143.64920269132557	144.66622899407986	107.18830117585401	144.66622899408065	354.03206312501993	-163.4288114153034	107.18830117585435	-163.42881141530412	57.37349182698374	
0.05478632188515977	-133.52496560977409	152.10955226601533	78.91469746749326	152.10955226601595	389.5971041304979	-160.79466338172654	78.91469746749371	-160.7946633817272	45.692349462079946	
0.10957264377031954	-122.97176282176534	158.60252345877763	49.39727397614838	158.60252345877808	409.37843253805875	-150.85730602846883	49.397273976148895	-150.85730602846937	37.04681594268925	
0.1643589656554793	-115.79182650281265	161.7819746130409	21.76373949169357	161.7819746130413	411.99676288901213	-135.64006512476715	21.763739491694103	-135.6400651247676	30.50360017783931	
0.21914528754063908	-116.31226468501916	161.3492174034917	-1.0087331205102288	161.34921740349216	398.864159877925	-118.18466267160366	-1.0087331205097438	-118.18466267160409	25.28398879190772	
0.27393160942579886	-126.13732781465765	159.44658513623412	-16.849619492331264	159.4465851362347	373.44307808048603	-101.91842682093188	-16.84961949233085	-101.91842682093224	21.107467032918223	
0.3287179313109586	-141.74412454947407	159.52682453335063	-24.834703084219036	159.52682453335137	340.82886691006746	-89.85232032861231	-24.834703084218717	-89.85232032861262	18.626593600632656	
0.3835042531961184	-155.21990681175944	164.72750554726449	-25.080830692155452	164.72750554726525	307.4090839274853	-83.85694334172331	-25.080830692155228	-83.85694334172356	19.555483192156846	
0.43829057508127817	-158.3303660283592	176.46226606812684	-18.633363674918417	176.46226606812758	280.600823942106	-84.22911211880543	-18.633363674918265	-84.22911211880565	26.097929670896022	
0.4930768969664379	-147.07198285085315	194.1781111110273	-7.513681895740741	194.17811111102796	267.0958958181302	-89.69056630124695	-7.513681895740604	-89.69056630124712	39.78753728406358	
0.5478632188515977	-124.04011211572661	215.6974362513045	5.3270623824149785	215.697436251305	270.7172084870902	-97.83062494967058	5.327062382415189	-97.8306249496707	60.302438508285945	
0.6026495407367575	-96.44988380248869	238.13256276819507	16.48490292219438	238.13256276819533	290.59634671436226	-105.85355098748057	16.484902922194742	-105.85355098748073	85.01438396753052	
0.6574358626219172	-71.0461074400526	258.2790550535277	23.036959900993544	258.27905505352777	321.2216475440071	-111.37338636298978	23.036959900994116	-111.37338636299002	109.73043714748324	
0.712222184507077	-49.39060029788635	273.0010091431004	23.581285903611146	273.00100914310025	354.66060789744233	-112.90109852942302	23.581285903611946	-112.90109852942341	130.35194909517108	
0.7670085063922368	-26.847804290703237	279.5351456021613	18.80322394934106	279.5351456021611	383.9536393252987	-109.93144924179393	18.80322394934206	-109.93144924179447	144.5572555160497	
0.8217948282773966	4.3772264535895715	276.0675833543435	11.190453003181602	276.0675833543432	405.2272605894975	-102.67554052346813	11.19045300318275	-102.67554052346881	152.56115659893322	
0.8765811501625563	48.388252200973085	262.466415506182	4.009063135252221	262.46641550618165	416.8863501942863	-91.86253822158243	4.009063135253458	-91.86253822158325	156.37679119999356	
0.9313674720477161	101.07930190788038	240.60906928825568	0.20163072539118065	240.6090692882554	417.11417557680215	-78.82409976018155	0.20163072539243387	-78.82409976018239	158.0351966114889	
0.9861537939328758	149.1683742748871	214.09274808269942	1.729501488671266	214.0927480826992	402.3716024102041	-65.73934698751528	1.7295014886724829	-65.73934698751607	157.8407679586429	
1.0409401158180356	175.52490742594833	187.29724845040727	9.49583602413687	187.29724845040707	368.554916063448	-55.48130156221049	9.495836024138004	-55.481301562211215	153.7984309400198	
1.0957264377031954	166.66101648281435	164.05558898425036	23.481061432418432	164.0555889842503	314.7384864013731	-50.66975925871384	23.48106143241945	-50.66975925871443	142.6451878463838	
1.150512759588355	119.66507623908893	146.40829471066056	42.70889978018739	146.40829471066058	246.57191064886723	-52.30819259473378	42.70889978018826	-52.3081925947342	121.81839805629507	
1.205299081473515	44.243657944812675	133.81748459384252	64.982539307071	133.81748459384264	176.32304692911717	-58.96808688690815	64.98253930707168	-58.96808688690836	91.22902417131232	
1.2600854033586748	-40.96890497764793	123.17980752301185	86.84890030474295	123.17980752301204	119.68786031131131	-67.44653824906294	86.84890030474344	-67.44653824906295	53.71401523585232	
1.3148717252438344	-115.56664972867824	110.1512606762976	104.20745802956385	110.15126067629788	90.73133103715452	-74.57803074025179	104.2074580295641	-74.57803074025168	14.07868067901552	
1.3696580471289943	-164.46486177610575	91.37016062483733	113.50256557279661	91.37016062483764	97.282825454961	-78.89285521336677	113.5025655727967	-78.89285521336653	-22.46883951201758	
1.424444369014154	-180.92092765892096	66.56418487872678	113.00787306059479	66.56418487872705	139.09320539338384	-80.85317755013634	113.00787306059472	-80.853177550136	-51.52330982117623	
1.4792306908993138	-165.2243476764539	39.29993840100346	103.5963613803399	39.299938401003644	208.75705872119735	-81.57409716670836	103.59636138033973	-81.57409716670799	-69.59268100480844	
1.5340170127844737	-121.35628206629829	14.996206128235727	88.62170383297683	14.996206128235784	294.9361668463334	-81.22788542583112	88.62170383297666	-81.22788542583069	-73.37493160191352	
1.5888033346696333	-54.107360749929256	-2.37129518200568	72.93386062135947	-2.3712951820057455	386.5152106974978	-78.56669725710617	72.93386062135937	-78.56669725710576	-59.312601685548074	
1.6435896565547932	30.836743583764715	-12.84300482998222	61.234508862601146	-12.84300482998244	475.91799054911365	-71.93820467221023	61.234508862601146	-71.93820467220982	-24.38857277392979	
1.6983759784399528	126.1515193978338	-20.35052953173689	56.46563480807164	-20.35052953173723	560.094288180256	-60.75293272787784	56.46563480807171	-60.75293272787748	31.810941944346112	
1.7531623003251127	222.37914047814144	-29.88302736008546	58.87366256181699	-29.883027360085936	638.670883800019	-46.072166584528404	58.87366256181715	-46.072166584528155	105.09318653695323	
1.8079486222102725	309.72860028820116	-44.11419502236419	66.04042703545053	-44.11419502236476	710.7699065232803	-29.885764549654017	66.04042703545073	-29.88576454965391	186.37632807579774	
1.8627349440954322	380.69244454495106	-61.620212867606796	73.80359592261505	-61.62021286760739	772.9302606426793	-13.884943683157005	73.80359592261529	-13.884943683157069	263.81389970458775	
1.917521265980592	432.2478618033391	-77.93055891207939	77.63809533114623	-77.93055891207995	818.9981515949535	0.9465571684634941	77.63809533114649	0.9465571684632579	326.2508040167595	
1.9723075878657517	466.2664166275003	-88.87540923106837	74.20830334536197	-88.8754092310689	842.6869442266825	13.586766194912654	74.2083033453622	13.586766194912284	366.05080725781147	
2.0270939097509113	488.2770643931045	-93.29964968321346	62.9260236375715	-93.2996496832139	840.6574756984498	22.02669118788527	62.92602363757173	22.026691187884825	379.9749047958677	
2.081880231636071	504.45872327832694	-94.100218779559	46.88650695541605	-94.1002187795593	814.6126148379556	23.461832240105366	46.88650695541629	23.461832240104908	368.7848324811808	
2.136666553521231	518.4083319528894	-96.23805184916034	32.25884623340086	-96.2380518491605	770.8210865237653	16.097410760368465	32.2588462334011	16.09741076036805	336.97936214607176	
2.191452875406391	528.6315853786912	-103.52249216498835	25.482798164442535	-103.52249216498842	718.3538765173433	1.3632401244070138	25.482798164442766	1.363240124406687	293.1809968962032	
2.2462391972915507	528.6703454029268	-116.16251654734056	29.236269713906026	-116.1625165473406	666.142845282984	-15.44865075087354	29.236269713906253	-15.448650750873774	249.90285054628163	
2.30102551917671	508.94041546237804	-130.58951025839676	39.60398634979004	-130.58951025839673	620.3611073259979	-27.125362685654544	39.60398634979023	-27.125362685654657	220.95108731946158	
2.35581184106187	460.3703162516998	-141.75510208596012	46.873298509960534	-141.75510208596012	581.9719509063921	-28.076634047955054	46.87329850996069	-28.0766340479551	216.5831499532187	
2.41059816294703	377.75393057584915	-145.60417348547224	40.07194768616688	-145.6041734854722	545.5685501382774	-17.171705152316555	40.07194768616698	-17.17170515231654	238.964831812936	
2.4653844848321897	263.15261828700403	-140.6130760638104	12.70754428514779	-140.6130760638104	499.9232114455881	2.051077330135861	12.707544285147854	2.051077330135925	281.0849069348466	
2.5201708067173496	126.87923465741065	-127.80775398906086	-33.838397040049024	-127.80775398906084	431.71732307046983	23.76302083248776	-33.83839704004899	23.76302083248786	330.1130376630841	
2.574957128602509	-13.69744916156526	-109.94209325468223	-91.10264387999196	-109.94209325468219	332.0081614114986	42.98944571765453	-91.10264387999197	42.989445717654675	373.0765826865322	
2.629743450487669	-138.7036195770266	-90.88435523304695	-147.66664348925957	-90.88435523304689	202.8146838073807	57.37379847114358	-147.66664348925963	57.373798471143736	401.49497971626016	
2.6845297723728287	-231.28144706120028	-74.73252786163746	-193.78884146520141	-74.73252786163745	59.83497791290672	66.63220536342672	-193.78884146520147	66.63220536342688	412.50592947375935	
2.7393160942579886	-281.33827297976245	-64.2217712704812	-224.06567561459227	-64.22177127048121	-71.7111472869428	70.72161742123305	-224.06567561459238	70.72161742123322	406.89720289300374	
2.7941024161431485	-286.59665251751653	-59.8094553445882	-237.31402417391388	-59.80945534458824	-167.56555515054822	68.56656958460493	-237.314024173914	68.5665695846051	386.3096872506195	
2.848888738028308	-250.73450184109063	-59.948036675773274	-234.76322631798513	-59.94803667577337	-215.2698152470088	58.54407926149555	-234.76322631798521	58.544079261495696	351.6975065280144	
2.9036750599134677	-181.81907331526986	-62.60267830282343	-218.24924253769268	-62.60267830282359	-219.03216044077047	40.31785823037322	-218.24924253769274	40.317858230373396	303.7206241632283	
2.9584613817986276	-91.98385660825879	-67.03243052099702	-189.72869125609154	-67.03243052099724	-195.57609038199593	16.40368616771059	-189.72869125609157	16.403686167710752	244.29130094055162	
3.0132477036837875	3.1892236147475614	-74.20000835141278	-151.9656035191013	-74.20000835141303	-163.73988056031737	-7.911627323076999	-151.9656035191013	-7.9116273230768535	177.77600086783127	
3.0680340255689473	86.5977557521554	-85.29158800710809	-109.39038926006722	-85.29158800710837	-135.17382265485975	-26.548448106438414	-109.39038926006725	-26.548448106438276	110.81195106157966	
3.1228203474541067	144.18239126897106	-99.5195585754616	-67.78866089796362	-99.5195585754619	-111.53251190457327	-35.290511938866075	-67.78866089796364	-35.29051193886596	50.64819007715284	
3.1776066693392666	168.90472538409725	-112.58570518104327	-32.47986113387405	-112.58570518104347	-88.94236855592516	-33.67621238442885	-32.47986113387405	-33.67621238442877	2.7305803772755866	
3.2323929912244265	162.4987848569239	-117.65266302056763	-6.157967355351861	-117.65266302056784	-64.8042509444855	-25.16998239879438	-6.157967355351833	-25.169982398794325	-31.315452897714536	
3.2871793131095863	133.54901511125493	-108.50854520566686	11.934226661836707	-108.50854520566703	-41.824233011528584	-15.492482536248913	11.93422666183676	-15.492482536248882	-54.1547055407553	
3.341965634994746	92.8201217402027	-83.25117013288302	24.64506857550282	-83.25117013288313	-27.499141930039983	-9.988287272924612	24.645068575502883	-9.988287272924598	-71.24247110111494	
3.3967519568799056	49.07224281825184	-46.31695673598516	34.32712866349747	-46.31695673598528	-30.32062506749621	-11.143573815616698	34.327128663497575	-11.143573815616687	-87.82093839127253	
3.4515382787650655	6.871877601522197	-6.729161466158853	41.15004467328055	-6.729161466158981	-55.94332247518807	-17.42412905664818	41.1500446732807	-17.424129056648145	-105.93870771334694	
3.5063246006502253	-32.72130045191994	25.98139102179016	43.574120984407855	25.981391021790067	-104.5080526378287	-24.03619681161088	43.57412098440801	-24.036196811610836	-123.02670176631148	
3.561110922535385	-69.3164047286084	46.36706913643264	40.54305175272361	46.36706913643252	-170.044165135674	-25.46108396002134	40.54305175272377	-25.46108396002128	-132.95804641962005	
3.615897244420545	-100.03305078895244	54.841762699426255	33.287948904698304	54.84176269942611	-240.8854575033632	-18.39842913923642	33.28794890469844	-18.398429139236345	-129.27528636662737	
3.6706835663057045	-118.65988307352399	56.00760614708372	25.238953565920447	56.00760614708361	-302.5547405544956	-3.589642953589019	25.238953565920568	-3.589642953588932	-109.08243048362885	
3.7254698881908643	-117.60615014071149	55.215068107001976	20.158756651354665	55.2150681070019	-342.1539701935654	14.583713265056037	20.158756651354754	14.583713265056133	-75.45728929584826	
3.780256210076024	-91.89094197351787	55.29131060084325	19.919883845506178	55.29131060084319	-353.0858947340992	30.38924522760705	19.919883845506245	30.389245227607162	-36.67613398220853	
3.835042531961184	-42.31191123034765	55.6257536487506	23.483355927136927	55.62575364875057	-337.5644000476626	39.43658727848161	23.483355927136973	39.43658727848172	-2.136114658992092	
3.889828853846344	24.75287854840181	53.073381212537434	27.575427715149175	53.07338121253741	-304.7611985840836	40.13329270314193	27.575427715149214	40.13329270314206	23.11333256679802	
3.9446151757315033	99.66981560664155	43.65013273679522	28.368017350239093	43.65013273679523	-265.687356974428	33.32827490804432	28.368017350239143	33.32827490804447	41.950408461440986	
3.999401497616663	172.8510502950448	24.67384207011226	23.0880817678188	24.673842070112297	-227.57706373789193	20.9859662330394	23.088081767818863	20.985966233039555	64.24053145788449	
4.054187819501823	235.56567089140242	-3.425820868732586	10.785328608028436	-3.4258208687325435	-191.5246721695679	5.175600601282874	10.785328608028534	5.175600601283043	101.35572019547396	
4.108974141386983	279.4804801257898	-35.738906563137945	-7.777864713308759	-35.73890656313788	-153.82302233063763	-11.94365510297694	-7.77786471330864	-11.943655102976763	159.18607560261975	
4.163760463272142	296.52707168682286	-62.31933028964871	-30.778606437993524	-62.31933028964864	-110.37956395599444	-27.71839473682619	-30.778606437993375	-27.718394736825985	233.9463476807469	
4.218546785157303	280.89282287837943	-70.796283452476	-55.85171843673641	-70.79628345247593	-60.774093262778145	-39.17236377503315	-55.85171843673622	-39.17236377503292	313.34217360521416	
4.273333107042462	232.81519013798905	-51.52460770285343	-80.34160125664243	-51.52460770285336	-9.33737543851678	-44.08065904126377	-80.34160125664224	-44.08065904126353	382.3020212706127	
4.3281194289276215	161.12509736567162	-3.3408808090686897	-101.32495063341337	-3.340880809068585	37.016937229101586	-42.08341853998416	-101.32495063341315	-42.083418539983924	429.68510498511944	
4.382905750812782	81.70040487067348	63.83300805728769	-115.72046182968326	63.83300805728776	72.64250288186432	-34.7644768509846	-115.72046182968303	-34.7644768509844	452.4045722967921	
4.437692072697941	12.116973145853194	131.40684056258038	-120.71774982510212	131.40684056258047	97.37700027191863	-24.464783167909562	-120.71774982510189	-24.46478316790937	455.4923869908638	
4.4924783945831015	-35.15671715224425	179.74915990495077	-114.44949211686055	179.74915990495086	116.200102435397	-12.839814628674347	-114.44949211686034	-12.839814628674201	449.0336793139354	
4.547264716468261	-55.82248153285042	195.95099232493277	-96.50199888479041	195.95099232493283	136.6851477920115	-0.44573201789342676	-96.50199888479024	-0.4457320178933273	443.8395584584476	
4.60205103835342	-52.2521537401301	178.26509344763224	-67.93951070227453	178.26509344763218	164.81054372448813	12.357116240822826	-67.93951070227439	12.35711624082289	447.19730150924295	
4.656837360238581	-28.658055522384075	135.34343598485725	-30.81370856095576	135.34343598485708	202.22248744326004	24.103225335561998	-30.813708560955646	24.10322533556205	459.70126146826016	
4.71162368212374	12.542083409997304	82.1682161088358	12.38515804989257	82.16821610883551	246.1624556690293	31.891649613322507	12.385158049892668	31.891649613322535	474.1334192187396	
4.7664100040089	70.84675559275736	35.09293902318177	58.923583411299425	35.0929390231814	291.2288781271027	32.216692314002984	58.92358341129952	32.21669231400301	477.5445518345147	
4.82119632589406	145.57207837785793	7.491497654315609	105.54951968194496	7.49149765431514	331.88369360692747	22.355272219367357	105.54951968194503	22.355272219367365	456.5247200466682	
4.875982647779219	233.8734999791631	6.415724438753102	148.20477153823805	6.415724438752633	364.5406310112385	1.3447468153048048	148.20477153823813	1.3447468153048021	403.6707831905337	
4.9307689696643795	331.120978042224	30.180408124570363	182.2643957953389	30.180408124569908	389.9979933749916	-29.548128851363508	182.26439579533897	-29.548128851363515	321.82038356643267	
4.985555291549539	433.02867891810786	68.42229772719364	203.58052559001845	68.42229772719313	414.43445475739554	-66.6086194398255	203.58052559001845	-66.6086194398255	223.41389760700952	
5.040341613434699	537.162135970109	105.65649780603937	209.9312427167161	105.65649780603897	448.15950266289053	-103.7082885501677	209.9312427167161	-103.70828855016774	125.25234184118378	
5.095127935319859	642.3058358139812	127.3545054455378	202.0263675346244	127.35450544553747	500.8454000790451	-133.1594531507667	202.02636753462428	-133.15945315076672	41.83574171691312	
5.149914257205018	746.4564246884972	125.24899788751378	183.4214996356826	125.24899788751364	575.8665898294792	-147.7824845331632	183.4214996356824	-147.78248453316326	-18.996425003485847	
5.204700579090178	844.5558207283929	98.86145358640738	159.20206160969377	98.86145358640724	666.8488006376022	-143.5401539452443	159.20206160969352	-143.54015394524436	-56.30726335910519	
5.259486900975338	928.3990094301191	53.42515586926232	134.02264872600557	53.425155869262284	759.7398537969303	-121.10194314599059	134.0226487260053	-121.10194314599073	-73.16507427856091	
5.314273222860498	987.9805786535226	-3.08831664496622	110.52894292807208	-3.088316644966273	838.3987267730215	-85.26557908649066	110.52894292807177	-85.26557908649079	-73.31141699540413	
5.3690595447456575	1013.6148612604127	-61.88936419342988	89.11185539607331	-61.889364193429934	890.0683282159584	-42.59372849400884	89.111855396073	-42.593728494008985	-59.53936319434461	
5.423845866630817	998.1695292816926	-114.07710917264654	69.02787393809385	-114.07710917264669	907.74483040578	1.0689928862167166	69.02787393809362	1.0689928862165425	-34.23261532479727	
5.478632188515977	938.3343119358035	-151.5826403621162	49.988331714751844	-151.5826403621164	888.8807014701478	41.871718457872234	49.98833171475171	41.87171845787203	-0.9242537553476566	
5.533418510401137	835.5192791338216	-169.24133337829002	33.00753531137485	-169.2413333782904	833.4233979044385	78.00326676829171	33.007535311374845	78.00326676829147	34.90777281422754	
5.588204832286297	696.2299094723276	-166.23983246179878	19.76615671021907	-166.23983246179944	743.2384097743756	109.16179843296747	19.766156710219207	109.16179843296717	66.83491397865146	
5.642991154171456	531.9666395909035	-146.46699364014842	11.256154132073704	-146.46699364014935	623.3441926262229	136.04042570089518	11.256154132073947	136.04042570089487	89.82605268650607	
5.697777476056616	358.2418109979388	-116.99027374459504	6.811074570106222	-116.99027374459618	483.42138484137615	159.7640464855843	6.81107457010653	159.76404648558398	102.3791430344369	
5.752563797941776	191.69071190789842	-85.78146764040574	4.3193379721498255	-85.78146764040707	336.8453088488529	181.1597439302281	4.319337972150156	181.15974393022782	106.89833170169585	
5.8073501198269355	45.525300941781325	-59.730744548621914	1.3740184641455597	-59.73074454862338	196.5693309419349	200.13550618928383	1.374018464145867	200.13550618928366	108.00092986425938	
5.862136441712096	-73.8785086872607	-43.766645735050254	-3.5622721540413718	-43.76664573505175	71.78639097799501	215.63972161692607	-3.5622721540411035	215.63972161692595	109.91135945063895	
5.916922763597255	-168.186910374431	-39.86275529996655	-10.712710917602058	-39.86275529996797	-34.31065668794425	226.2265521907145	-10.712710917601827	226.2265521907145	114.74640719894713	
5.971709085482415	-244.07610017595576	-46.30446429040008	-19.225399118936686	-46.30446429040134	-123.52981657786123	230.63471406866933	-19.22539911893651	230.63471406866938	122.50999584223302	
6.026495407367575	-308.3153264185752	-58.05768350212488	-27.715786552668455	-58.057683502125926	-199.9947583263334	227.83186847557093	-27.715786552668327	227.83186847557104	132.13741847558092	
6.081281729252734	-363.563984385643	-68.38529028204862	-34.66663521476631	-68.38529028204937	-267.77236670188614	216.59357360783383	-34.666635214766224	216.593573607834	142.39169149717355	
6.136068051137895	-407.2789636466406	-71.6689181401979	-38.63170796948579	-71.66891814019833	-328.64755445830536	195.39637062566197	-38.63170796948574	195.39637062566206	151.96133478064007	
6.190854373023054	-433.999011218307	-65.53267733694722	-38.32901418857011	-65.53267733694727	-380.9863538792289	163.16454536648976	-38.329014188570085	163.1645453664898	159.19061651883308	
6.2456406949082135	-439.004140522414	-51.78427606821621	-32.7954644168701	-51.78427606821592	-420.1573429524308	120.66452767344633	-32.79546441687007	120.66452767344626	162.07340755853298	
6.300427016793374	-421.57782538972265	-35.46743170452565	-21.582860925446706	-35.467431704525126	-441.36695926877485	71.52528381417451	-21.582860925446663	71.52528381417432	158.74215926752345	
6.355213338678533	-386.0171259463425	-22.75673271599566	-4.867909004664705	-22.756732715995078	-442.82833209254204	21.874201068178206	-4.86790900466464	21.87420106817792	148.11326422775994	
6.4099996605636935	-339.948440449647	-18.77538946100112	16.599406937250162	-18.775389461000664	-427.6448374341704	-21.470524302227602	16.59940693725023	-21.47052430222794	130.17129699590913	
6.464785982448853	-291.75190357291865	-25.768193717634233	41.72225627472966	-25.76819371763405	-401.985309070727	-53.400888194563805	41.72225627472976	-53.400888194564146	105.83960757059259	
6.519572304334012	-248.08380089475298	-42.45657873057997	69.25342457460846	-42.45657873058	-371.1896515868537	-72.20070732663255	69.25342457460859	-72.20070732663287	76.7179512176946	
6.574358626219173	-212.84434932039898	-64.67705717872234	97.78582705194148	-64.67705717872258	-336.65813477379396	-79.61531839204719	97.78582705194162	-79.61531839204746	44.90673569665633	
6.629144948104332	-187.91089088428754	-87.27502287701489	125.6606836123464	-87.27502287701522	-296.669836211789	-79.45950716530484	125.66068361234656	-79.45950716530506	12.905714808218544	
6.683931269989492	-173.58121946349686	-106.30329017516466	151.01712764063186	-106.30329017516499	-249.6239835156054	-75.66982547856747	151.01712764063203	-75.66982547856759	-16.49975761668484	
6.738717591874652	-169.06941423268546	-120.81248523117202	171.96946820988586	-120.81248523117222	-197.31890153799705	-70.86644679829277	171.96946820988606	-70.86644679829277	-40.53104579281188	
6.793503913759811	-172.60163759343504	-133.22221106214172	186.87318195664176	-133.22221106214184	-145.16748724551147	-65.9062945030871	186.873181956642	-65.90629450308697	-56.80391122363771	
6.8482902356449715	-182.04982539783902	-148.42070293345483	194.4963742317857	-148.42070293345492	-99.7382890498911	-60.375497204468026	194.49637423178598	-60.37549720446776	-63.82866621073265	
6.903076557530131	-196.02936477566615	-171.44512594209834	194.07044608884942	-171.4451259420984	-65.589693418091	-53.47591339280777	194.07044608884974	-53.47591339280738	-61.44761805610222	
6.957862879415291	-214.60694753450252	-204.87923913325363	185.47104044406333	-204.87923913325378	-43.75817545426642	-44.7598128582282	185.4710404440637	-44.75981285822769	-51.06684847210242	
7.012649201300451	-238.61166232521413	-246.91229843509728	169.48663838912972	-246.91229843509748	-32.668796566105605	-34.51847359444353	169.48663838913015	-34.51847359444296	-35.3736555389951	
7.06743552318561	-267.8382215471827	-291.2228160059283	148.05630638213574	-291.2228160059285	-30.075218923802723	-23.89259880663697	148.05630638213626	-23.892598806636414	-17.443281829824635	
7.12222184507077	-298.94066672043357	-328.8579060733919	124.10918483569212	-328.85790607339203	-34.56900488609999	-14.809765764537438	124.10918483569276	-14.809765764536941	0.46418658597440654	
7.17700816695593	-325.15530775636364	-351.13922433409545	100.95376991257179	-351.1392243340954	-45.22816845474303	-9.72093172171618	100.95376991257254	-9.720931721715774	17.777702063838404	
7.23179448884109	-338.5285287631699	-352.4626831225029	81.41202010268631	-352.46268312250277	-60.35468221670895	-11.0708546309708	81.41202010268714	-11.070854630970478	35.62918434527543	
7.2865808107262495	-333.0121809262814	-331.55796858891995	67.12560047433064	-331.5579685889198	-75.89781252143399	-20.50440545149302	67.12560047433149	-20.504405451492737	55.913490713876826	
7.341367132611409	-306.5305978109802	-291.32190971382704	58.28438992127546	-291.32190971382676	-85.23704219568788	-38.14822034016036	58.284389921276265	-38.14822034016002	79.96746254645858	
7.396153454496569	-260.597819749577	-237.30890556405006	53.88680116139011	-237.30890556404978	-80.94100591191504	-62.411903798278445	53.88680116139082	-62.41190379827801	107.6337029676751	
7.450939776381729	-198.19304768055105	-176.3674309504704	52.4005639169806	-176.36743095047018	-57.639608648386016	-90.45653648358041	52.4005639169812	-90.45653648357981	137.1884230818734	
7.505726098266889	-122.19453107044745	-115.12238414975097	52.524571506478004	-115.12238414975093	-14.841342657052792	-119.07541248979004	52.524571506478466	-119.07541248978927	165.95921877164298	
7.560512420152048	-35.709503878166736	-59.26298366835212	53.69143272975708	-59.26298366835234	42.13141348360216	-145.46373958724763	53.69143272975742	-145.46373958724672	191.1709195624585	
7.615298742037208	56.12415420921671	-12.777201448726938	56.08010484513319	-12.777201448727556	104.12832664339889	-167.42897595330763	56.08010484513339	-167.42897595330675	210.55260600039605	
7.670085063922368	145.29263224032974	22.48990821317018	60.14843435652031	22.489908213169187	161.7056732843844	-183.1312477327928	60.148434356520404	-183.13124773279205	222.59994998485584	
7.7248713858075275	221.27339874533598	46.92355337417587	66.05484319994545	46.92355337417455	208.3865842241821	-190.7970568735322	66.0548431999454	-190.7970568735317	226.62932150790587	
7.779657707692688	273.5730817234185	63.01634918694138	73.30853597344816	63.01634918693995	241.92807721479218	-188.9150338792285	73.3085359734479	-188.91503387922836	222.82434238041347	
7.834444029577847	294.7712692555717	74.40003151567728	80.722462049947	74.40003151567592	262.80862354857203	-176.91046344321083	80.72246204994657	-176.91046344321106	212.388596815852	
7.889230351463007	283.1528518380968	84.860873879809	86.54768631301114	84.86087387980785	271.76785985469104	-155.8526225295269	86.54768631301059	-155.85262252952748	197.69224213588421	
7.944016673348167	244.15174663120857	96.88161306497543	88.71018972333951	96.88161306497466	268.50674208922516	-128.59526082601985	88.71018972333886	-128.59526082602062	182.17657372254396	
7.998802995233326	189.67106597406521	110.81687154802012	85.21342812187409	110.81687154801966	252.0180710768262	-99.08421922186841	85.21342812187342	-99.08421922186929	169.7706459247954	
8.053589317118487	135.3143786142756	124.57828372422091	74.76404215625931	124.57828372422068	222.35018576259577	-71.16401361830282	74.76404215625874	-71.1640136183037	163.81335060293264	
8.108375639003645	96.01721947189584	134.6101444960221	57.4746433522516	134.610144496022	181.9893146900382	-47.57505043748104	57.4746433522512	-47.57505043748183	165.84755457993305	
8.163161960888806	82.07049403105644	137.2696108237157	35.143913443797146	137.26961082371562	135.89637143436804	-29.648057335517898	35.143913443796954	-29.648057335518587	174.80556496302538	
8.217948282773966	96.43448104114866	130.5893486785826	10.783678093525795	130.5893486785825	90.53657456455176	-17.653139103991105	10.78367809352581	-17.65313910399171	187.03780215355948	
8.272734604659126	134.70106738687352	114.9511841961912	-12.457199018977764	114.95118419619104	51.85045209319557	-11.273939153141697	-12.457199018977564	-11.273939153142237	197.21498512954142	
8.327520926544285	186.40897988190164	92.83613209149304	-32.36668739717592	92.83613209149293	23.49337029650639	-9.732293801982298	-32.366687397175575	-9.732293801982799	199.89354504560697	
8.382307248429445	237.61989774179463	67.95024191410009	-48.04882635102343	67.95024191410005	5.843016566168551	-11.636574407977168	-48.04882635102295	-11.636574407977637	191.1998889492217	
8.437093570314605	273.9613673829062	44.2044659000281	-59.5109822037253	44.20446590002814	-4.086280174698686	-14.992370704375581	-59.510982203724744	-14.992370704376013	170.13859276663788	
8.491879892199764	283.9650500999852	25.198285804251036	-66.87325379195258	25.198285804251142	-10.83640174875734	-17.71467144525601	-66.87325379195198	-17.7146714452564	139.0546343231249	
8.546666214084924	262.49619257329726	13.757938025342426	-69.89382073473215	13.757938025342625	-17.88128680626278	-18.475972856781397	-69.89382073473155	-18.475972856781734	103.06157156334608	
8.601452535970084	212.43685011469282	11.687690192070738	-68.08121929192791	11.68769019207094	-25.033415728580366	-17.317924949225883	-68.08121929192737	-17.317924949226157	68.65208948674298	
8.656238857855243	143.75885547195327	19.236155117311277	-61.11190464935973	19.23615511731154	-27.944880055286447	-15.625698308733794	-61.11190464935926	-15.625698308734007	42.07898440442071	
8.711025179740403	69.93140160442286	35.12902704228831	-49.006317058224624	35.1290270422887	-20.523909068553927	-15.455219991804066	-49.0063170582243	-15.455219991804217	28.06113937466635	
8.765811501625564	2.9545962856509504	56.85813154030245	-31.847620839595894	56.85813154030296	0.8681564673054254	-18.61819042091993	-31.847620839595724	-18.618190420920023	29.09959723829918	
8.820597823510724	-50.550931441688675	81.66974304999675	-9.394029955399933	81.66974304999744	34.3125857030886	-25.93286747741016	-9.394029955399933	-25.9328674774102	45.30781347298282	
8.875384145395882	-90.35425266352144	107.2251730231068	18.822824263733594	107.22517302310763	72.35044161905684	-36.85836782573732	18.82282426373344	-36.858367825737325	74.52969892399314	
8.930170467281043	-120.33214746678111	131.98102241010955	52.73918406437251	131.98102241011048	105.8154391149881	-49.55397272143168	52.73918406437224	-49.55397272143166	112.64660701222661	
8.984956789166203	-144.93631947511886	154.79646468794485	90.77746155471095	154.7964646879458	128.21549617406424	-61.40506322404476	90.77746155471058	-61.40506322404471	154.15150739865942	
9.039743111051362	-166.19984599765246	174.3127801422935	129.46549038243063	174.3127801422944	138.60860696068048	-69.92615117277083	129.46549038243018	-69.92615117277074	192.9954515817143	
9.094529432936522	-183.36722339705244	188.7282759060029	164.11358349647696	188.72827590600377	140.51411978155025	-73.84496991597669	164.1135834964764	-73.8449699159766	223.58244167243808	
9.149315754821682	-194.3520198665232	196.20403460163206	190.3405671883202	196.2040346016329	138.9444112588518	-73.86433506538674	190.3405671883196	-73.86433506538671	241.70159869457564	
9.20410207670684	-198.08836562871215	195.9146386274863	205.64238558725083	195.9146386274872	137.5950863211459	-72.62085143494818	205.64238558725015	-72.62085143494822	245.2070482508926	
9.258888398592001	-195.4202097797104	188.7137603798754	210.11362884922784	188.7137603798762	138.54451199376123	-73.64836841219045	210.1136288492271	-73.64836841219064	234.38831073747167	
9.313674720477161	-188.7175601923387	176.97873829074717	206.00698520025747	176.97873829074805	143.50728906767984	-79.83368063518027	206.00698520025674	-79.8336806351806	211.8914719784883	
9.368461042362322	-180.44940506342877	163.7049312601713	196.43175405084196	163.70493126017223	155.38539311099976	-92.15829278418639	196.43175405084125	-92.15829278418686	182.0808815333276	
9.42324736424748	-172.31615661152867	151.6228362165309	183.8981588102629	151.6228362165319	177.6190681775775	-109.3318849377789	183.89815881026234	-109.33188493777952	149.89925771827666	
9.47803368613264	-165.0314820747012	142.77431742532758	169.4128642404601	142.77431742532863	212.23114697561243	-128.37880619061139	169.41286424045973	-128.3788061906121	119.56532684724017	
9.5328200080178	-158.49886667742726	138.5100815349483	152.48557231819504	138.51008153494934	257.49307079377667	-145.71206375113536	152.48557231819495	-145.7120637511361	93.67233651107573	
9.58760632990296	-151.7704878261451	139.39357453612016	131.959752254233	139.3935745361211	307.4621206321778	-158.12466578962625	131.95975225423314	-158.12466578962702	73.06685822496026	
