# Stress in units of bar (10^5 Pa)
# z	Sxx	Sxy	Sxz	Syx	Syy	Syz	Szx	Szy	Szz
0.0	93.11848247150817	47.10532577198371	-20.185674533755375	47.1053257719839	131.53704221895984	-6.606040741328044	-20.185674533755126	-6.606040741328026	76.1175611478221	
0.04854082593347447	99.30132522846492	44.30168570314243	-15.075698254619502	44.30168570314259	137.64344095108834	-5.254465438487242	-15.075698254619242	-5.2544654384872125	81.99388909795702	
0.09708165186694893	106.54623897348361	40.262646144315205	-10.162457828995255	40.262646144315326	143.56643889423037	-4.039783231546966	-10.162457828994988	-4.039783231546925	86.91861327227905	
0.1456224778004234	114.32089797726111	35.050455124816935	-5.679622528884904	35.05045512481703	148.6905807089883	-3.1499480388810994	-5.679622528884641	-3.1499480388810466	90.67382578335555	
0.19416330373389787	122.11295250226638	28.77940618370676	-1.8052003306937685	28.779406183706822	152.49132248118664	-2.8064028032052706	-1.8052003306935145	-2.806402803205211	93.24243715786187	
0.24270412966737234	129.57807127160277	21.637911835625708	1.3515052336763773	21.637911835625744	154.65740878458436	-3.223256947988108	1.35150523367661	-3.2232569479880393	94.78658295191985	
0.2912449556008468	136.48142515104792	13.915068657419368	3.744947832027724	13.915068657419384	155.04559886472362	-4.562639026058817	3.7449478320279326	-4.562639026058749	95.60110997368042	
0.33978578153432126	142.7384811077194	5.980449434888714	5.380852454586532	5.980449434888703	153.73308845373177	-6.894477250670766	5.380852454586713	-6.894477250670695	96.04350164661489	
0.38832660746779574	148.35944170533838	-1.7242323892210258	6.299933164135241	-1.7242323892210596	150.93446951367162	-10.165184517079076	6.299933164135392	-10.165184517079018	96.46898142907276	
0.4368674334012702	153.3647422914167	-8.738452521432908	6.559599012142483	-8.738452521432961	146.93909321021633	-14.186059019844757	6.559599012142606	-14.186059019844706	97.1702997287424	
0.4854082593347447	157.71110864429133	-14.61608637202443	6.2222534586295115	-14.616086372024498	142.01241009342303	-18.644676513256776	6.222253458629608	-18.64467651325674	98.34268061931041	
0.5339490852682192	161.26370823288144	-18.984012558655138	5.351198354033048	-18.98401255865521	136.3620372094153	-23.1408226717542	5.351198354033121	-23.140822671754194	100.07237778509744	
0.5824899112016936	163.75448640365124	-21.594324769982002	4.015324171927807	-21.594324769982077	130.05121459110086	-27.235821049624754	4.01532417192786	-27.235821049624775	102.351933754716	
0.6310307371351681	164.8300101479036	-22.337635014683105	2.2946200561244474	-22.337635014683173	123.03915767818687	-30.50947457560529	2.2946200561244874	-30.50947457560534	105.11290400906839	
0.6795715630686425	164.09518522408914	-21.266965208143418	0.28586468854025693	-21.26696520814349	115.16148605425532	-32.61835739958187	0.28586468854028846	-32.61835739958194	108.27146173534999	
0.728112389002117	161.20123258071155	-18.585316501847387	-1.897785015452429	-18.585316501847444	106.18484550727611	-33.34138447425853	-1.8977850154524032	-33.341384474258646	111.76469983968401	
0.7766532149355915	155.9224738233853	-14.596729735703365	-4.13178957863523	-14.596729735703413	95.8811962257692	-32.59613515393405	-4.131789578635204	-32.596135153934185	115.57987355441483	
0.8251940408690659	148.23065205202406	-9.677132610172475	-6.28877088416786	-9.677132610172507	84.06994283677057	-30.440441032157253	-6.288770884167832	-30.440441032157416	119.75901902287421	
0.8737348668025404	138.27973888785706	-4.234068127049559	-8.247129913646377	-4.234068127049579	70.66909851286397	-27.048060391521133	-8.247129913646344	-27.048060391521304	124.38756948512338	
0.9222756927360148	126.40624813520569	1.3789050765472197	-9.902156076494112	1.3789050765472162	55.70289849387457	-22.669687310694624	-9.902156076494068	-22.66968731069481	129.5670645874504	
0.9708165186694894	113.05205295998088	6.851641924963346	-11.166996095874312	6.851641924963333	39.330271218380226	-17.593695457874812	-11.166996095874259	-17.593695457874997	135.3798040828026	
1.0193573446029638	98.66018643348738	11.959455322048319	-11.98282014282587	11.959455322048306	21.80183932471159	-12.109298198896402	-11.982820142825805	-12.109298198896589	141.85725492212055	
1.0678981705364383	83.6519022167347	16.569166631736323	-12.320984695915383	16.569166631736305	3.4603165551031267	-6.478053980247484	-12.320984695915305	-6.478053980247665	148.95520211912154	
1.1164389964699128	68.29009389145935	20.6101908656311	-12.179935211932952	20.610190865631083	-15.324916867820253	-0.9217723112151308	-12.17993521193286	-0.9217723112153009	156.54619776443514	
1.1649798224033872	52.773727999988715	24.094614432145008	-11.585409857494344	24.09461443214498	-34.134683655535625	4.376498810364305	-11.585409857494245	4.376498810364149	164.42503873227037	
1.2135206483368617	37.192758727227854	27.08375130117978	-10.591993399899756	27.083751301179745	-52.55424398364542	9.265167680655171	-10.591993399899653	9.265167680655033	172.33430714797709	
1.2620614742703362	21.712364522050397	29.679685556335507	-9.28256008438974	29.67968555633547	-70.09391115824599	13.615058205275684	-9.282560084389633	13.615058205275563	179.9923432154408	
1.3106023002038105	6.545964288126104	32.021985607063705	-7.7593464603636715	32.02198560706366	-86.25772576342857	17.309617618306934	-7.7593464603635685	17.309617618306834	187.12646655430166	
1.359143126137285	-7.867696407672849	34.27683969587221	-6.1323334053955705	34.276839695872184	-100.44071993972324	20.23822837857302	-6.132333405395475	20.23822837857294	193.51137122261264	
1.4076839520707596	-20.94727201313559	36.59696660958548	-4.512974238420574	36.596966609585465	-112.02045086390766	22.30038195865865	-4.512974238420486	22.300381958658583	199.00426125749948	
1.456224778004234	-31.9486275167504	39.142168883871996	-3.0036780888414985	39.14216888387199	-120.32626849420554	23.403376768145087	-3.003678088841424	23.403376768145037	203.56149620127707	
1.5047656039377084	-40.06308894401989	41.99047555420054	-1.6826692734705342	41.99047555420056	-124.69193046497767	23.473826666825357	-1.6826692734704705	23.47382666682532	207.2471898296629	
1.553306429871183	-44.50723773604269	45.157877961690424	-0.604818899887231	45.15787796169046	-124.49476074426792	22.47439867641997	-0.6048188998871786	22.474398676419952	210.21129707072132	
1.6018472558046575	-44.63242481000191	48.60656591921213	0.20257947958775413	48.60656591921218	-119.20170161599484	20.421144295251963	0.20257947958779599	20.42114429525196	212.66148711345852	
1.6503880817381318	-39.990046267060364	52.1724373386843	0.7412291003092375	52.17243733868434	-108.4045185947225	17.395595741136205	0.7412291003092717	17.395595741136212	214.8199191062788	
1.6989289076716063	-30.288403400266798	55.64969376864781	1.0386867356571765	55.649693768647865	-91.81021741545376	13.558366334787292	1.038686735657206	13.558366334787308	216.8638066054687	
1.7474697336050808	-15.47230765845468	58.75263113758028	1.1553725841784876	58.75263113758032	-69.25640718760762	9.150673952010065	1.1553725841785145	9.150673952010084	218.8783417887363	
1.7960105595385554	4.388852951280375	61.17239111514236	1.1858116210163292	61.172391115142396	-40.72782237954286	4.481071302167393	1.1858116210163552	4.481071302167417	220.82933014235402	
1.8445513854720297	29.05397598577686	62.58272441774502	1.2608411858503272	62.58272441774501	-6.379817810401784	-0.11138782036134343	1.2608411858503565	-0.11138782036131811	222.5653289513203	
1.8930922114055042	58.253950784565276	62.66738121461573	1.5487513177198058	62.667381214615695	33.50643436546843	-4.2979036670826805	1.5487513177198364	-4.297903667082654	223.8490050817865	
1.9416330373389787	91.57950705738187	61.15066321018036	2.2524579074449114	61.1506632101803	78.38107204373746	-7.81239731170888	2.2524579074449407	-7.8123973117088585	224.4288304250686	
1.990173863272453	128.60471535242417	57.80290110659543	3.591279680898232	57.80290110659532	127.50939887089245	-10.495454217435665	3.5912796808982583	-10.495454217435647	224.09087098582737	
2.0387146892059276	168.75779423937976	52.49184188713289	5.773997300730261	52.49184188713275	179.88918575797632	-12.328891585325685	5.7739973007302865	-12.328891585325673	222.71825723083356	
2.087255515139402	211.43615767091734	45.194758617303364	8.965415491470047	45.19475861730321	234.3164162183131	-13.433721770762272	8.965415491470061	-13.433721770762265	220.31890166471666	
2.1357963410728766	255.88822833905817	36.01691039623864	13.25817191673863	36.016910396238465	289.3738757538222	-14.050596286076487	13.258171916738636	-14.050596286076487	217.0381871565061	
2.184337167006351	301.27209456095954	25.227282926266092	18.636607122647312	25.22728292626591	343.53458053733226	-14.492213659265465	18.63660712264731	-14.49221365926547	213.1276154325504	
2.2328779929398257	346.57249637090774	13.241369906695763	24.963933650086442	13.241369906695587	395.232146103204	-15.074442911700519	24.96393365008641	-15.07444291170053	208.905892280148	
2.2814188188733	390.6574428633122	0.5880626402270721	31.982605670810358	0.588062640226914	442.9592463035157	-16.04746288732823	31.982605670810315	-16.04746288732824	204.71783170599255	
2.3299596448067743	432.22658137092634	-12.119154931954485	39.32624583748188	-12.119154931954615	485.3064265101618	-17.541068535908146	39.32624583748182	-17.54106853590816	200.91200150350687	
2.378500470740249	469.8568904129696	-24.237442544280583	46.543502321780586	-24.237442544280697	521.0759370623932	-19.542065079240345	46.54350232178052	-19.542065079240363	197.8265528025768	
2.4270412966737234	502.0807033510974	-35.1666425148245	53.140098570773745	-35.166642514824574	549.2638456822261	-21.89521927907704	53.14009857077366	-21.89521927907705	195.78361006719538	
2.475582122607198	527.500594063508	-44.40024269700206	58.615781206325465	-44.4002426970021	569.1352546713488	-24.33213470785069	58.6157812063254	-24.332134707850688	195.08816698410973	
2.5241229485406724	544.907872810701	-51.56447795072553	62.50953792661185	-51.56447795072557	580.1814686637904	-26.528075716691376	62.50953792661179	-26.528075716691383	196.00416556258727	
2.572663774474147	553.4339641185372	-56.448714352366	64.43928526541809	-56.448714352366	582.1818969994586	-28.16804089220374	64.43928526541804	-28.168040892203727	198.72302080116427	
2.621204600407621	552.6577167364272	-58.99658735060673	64.1441102205356	-58.99658735060672	575.1812278871481	-28.99284591078547	64.14411022053554	-28.99284591078545	203.32345791804914	
2.6697454263410956	542.6558398603069	-59.32108807287988	61.51175072836271	-59.32108807287983	559.5310911742463	-28.8322773594114	61.51175072836266	-28.83227735941137	209.7267622166639	
2.71828625227457	524.0411200192688	-57.64833382426005	56.59523748733361	-57.64833382425999	535.9085673183434	-27.617967988126672	56.59523748733358	-27.617967988126644	217.67561469567352	
2.7668270782080446	497.8723968477171	-54.289753258787556	49.617365282267905	-54.2897532587875	505.28815789992836	-25.380619153354875	49.61736528226786	-25.38061915335485	226.73405345700274	
2.815367904141519	465.57617279982463	-49.62086488694125	40.941687216072005	-49.62086488694118	468.96420408173253	-22.22723697054879	40.941687216071976	-22.227236970548763	236.33061794430654	
2.8639087300749937	428.8104269784315	-44.003475860233536	31.03540439484325	-44.003475860233465	428.4818965686364	-18.319724735283586	31.03540439484322	-18.319724735283554	245.8217017506334	
2.912449556008468	389.3400372294583	-37.816715622750706	20.413038124704908	-37.816715622750635	385.57522986174064	-13.864628749556244	20.41303812470488	-13.86462874955621	254.56829712925435	
2.9609903819419423	348.87142661438406	-31.376091869426663	9.574032341022615	-31.37609186942659	342.0453228988578	-9.10351601185315	9.574032341022589	-9.103516011853117	262.01121781192074	
3.009531207875417	308.9917785005101	-24.944802548777318	-1.0439964331188998	-24.944802548777236	299.62474623002595	-4.303322565070341	-1.043996433118929	-4.303322565070306	267.7267652604433	
3.0580720338088914	271.01423697257854	-18.72540261930843	-11.10116440287204	-18.725402619308355	259.8561867045971	0.24630642550952964	-11.101164402872067	0.24630642550956583	271.4425516949703	
3.106612859742366	235.95962320317045	-12.812160154084397	-20.369133517455204	-12.812160154084328	223.97101613531999	4.253120808097438	-20.369133517455236	4.25312080809748	273.0220799991093	
3.1551536856758404	204.43632113715987	-7.242147163517645	-28.71818239668229	-7.24214716351759	192.76500382376918	7.44609222227188	-28.718182396682323	7.446092222271922	272.42266022714995	
3.203694511609315	176.70035057520022	-1.9734007878318933	-36.07395457800203	-1.9734007878318518	166.55921608445868	9.609174919937903	-36.07395457800206	9.609174919937944	269.6495911362135	
3.2522353375427895	152.5718962638303	3.097167407567075	-42.37784927422966	3.0971674075671087	145.1813014873943	10.614362932570689	-42.37784927422969	10.614362932570732	264.7211288245012	
3.3007761634762636	131.58761132415646	8.071194330211757	-47.54626313882582	8.071194330211776	128.01345091370135	10.449790703040414	-47.54626313882586	10.44979070304045	257.66357805745446	
3.349316989409738	112.99453928003429	13.025798400833331	-51.44966189804362	13.025798400833342	114.08491821095883	9.228163778689664	-51.44966189804365	9.228163778689703	248.5338534031536	
3.3978578153432126	95.9269113299975	17.975396020508814	-53.914088375639245	17.975396020508807	102.22358388443187	7.167755254681177	-53.91408837563927	7.167755254681209	237.46604673742706	
3.446398641276687	79.50341422760073	22.841012397644892	-54.753589745466904	22.841012397644885	91.20049002358263	4.569482910034502	-54.753589745466925	4.569482910034527	224.7411952283627	
3.4949394672101617	62.958572037769045	27.476996828884307	-53.82916840628914	27.476996828884293	79.91316052555305	1.7619662394131907	-53.829168406289156	1.7619662394132058	210.83453140141512	
3.543480293143636	45.74127854245414	31.650527655195074	-51.101974962855806	31.65052765519506	67.51125712368238	-0.9501811425970552	-51.101974962855806	-0.9501811425970437	196.43282721129654	
3.5920211190771107	27.62151778074231	35.094214446916894	-46.701438886312744	35.09421444691687	53.521835460715764	-3.3267496075272596	-46.701438886312744	-3.326749607527261	182.39824597603018	
3.640561945010585	8.696201833059689	37.60017324604252	-40.94715508445425	37.60017324604251	37.91893672561808	-5.213341721045801	-40.94715508445425	-5.213341721045808	169.69393847529216	
3.6891027709440594	-10.642276615970344	39.01544940189156	-34.33921109508119	39.015449401891544	21.04035227834754	-6.542213201784995	-34.33921109508117	-6.542213201785009	159.2754560938814	
3.737643596877534	-29.691328003797704	39.30252562388962	-27.516467334526236	39.30252562388961	3.562249265455673	-7.309058035262555	-27.51646733452622	-7.309058035262572	151.97561370965533	
3.7861844228110084	-47.58959771341035	38.56099087492915	-21.16751121700828	38.560990874929146	-13.626084627621445	-7.533803656541233	-21.16751121700826	-7.53380365654125	148.3804351032666	
3.834725248744483	-63.37848430927456	36.963609170420675	-15.935848285743333	36.96360917042067	-29.585588442011723	-7.2219212165326905	-15.935848285743305	-7.221921216532709	148.75192698919082	
3.8832660746779575	-76.17820659069079	34.75146367537735	-12.324127263150398	34.75146367537736	-43.474224424308446	-6.344335967264272	-12.32412726315037	-6.344335967264289	152.982713957041	
3.931806900611432	-85.19308077485374	32.183264414243055	-10.63219201163259	32.18326441424306	-54.61319646752881	-4.827316574888245	-10.632192011632561	-4.827316574888263	160.60597116308628	
3.980347726544906	-89.8835146165714	29.452398569479563	-10.920862359269046	29.45239856947957	-62.602079596044064	-2.568181662498712	-10.920862359269027	-2.5681816624987244	170.85953654233438	
4.028888552478381	-89.96088869163742	26.69172293049488	-13.022296036772623	26.691722930494898	-67.31989382223513	0.5253256647574904	-13.022296036772598	0.5253256647574869	182.77164184597012	
4.077429378411855	-85.43613190825765	23.9351243948014	-16.587560710640684	23.935124394801427	-68.87133606696784	4.484511149714798	-16.587560710640666	4.484511149714802	195.28096209229295	
4.12597020434533	-76.62565844553107	21.151884362280196	-21.154219722088833	21.151884362280228	-67.53731907704156	9.252881712538734	-21.154219722088815	9.252881712538741	207.35767410953633	
4.174511030278804	-64.09906861112697	18.272674019506482	-26.216373864357998	18.272674019506507	-63.70982163663735	14.65757754952027	-26.21637386435799	14.65757754952029	218.1264218249124	
4.223051856212279	-48.66835231355491	15.20900269903499	-31.287034997748957	15.209002699035022	-57.80831482793421	20.410832585282606	-31.287034997748947	20.41083258528263	226.96415521909069	
4.271592682145753	-31.327604864915607	11.923052632282312	-35.94699170464312	11.92305263228235	-50.25694796097684	26.13597730523863	-35.94699170464311	26.13597730523866	233.5549009905365	
4.320133508079228	-13.158972141766672	8.419510247906219	-39.861250336845195	8.419510247906256	-41.388871341473305	31.421797884676298	-39.861250336845195	31.42179788467633	237.88987569032275	
4.368674334012702	4.756761170128866	4.757712509235883	-42.78013146172886	4.7577125092359225	-31.533943791609317	35.87743920348905	-42.78013146172886	35.87743920348908	240.22950079011505	
4.417215159946177	21.45219453651832	1.0737924434914161	-44.528285820233556	1.073792443491456	-20.89368437813002	39.17701123256663	-44.52828582023356	39.17701123256667	241.02228228186246	
4.465755985879651	36.22528443586833	-2.4735389233339364	-44.989031790399494	-2.473538923333896	-9.582742448776198	41.09529764186876	-44.98903179039951	41.0952976418688	240.80842095231077	
4.514296811813125	48.653863567609136	-5.698666598751003	-44.08596866963077	-5.698666598750963	2.405327344703121	41.53595917518153	-44.08596866963077	41.535959175181574	240.12063566936894	
4.5628376377466	58.73606531157286	-8.425960240093596	-41.787918854992704	-8.42596024009356	15.252745397003235	40.519598899018334	-41.7879188549927	40.519598899018376	239.39964509930093	
4.611378463680074	66.84737983039129	-10.482972802594674	-38.11644574386902	-10.482972802594634	29.291708927536618	38.15776111815579	-38.11644574386901	38.15776111815582	238.93379493709944	
4.659919289613549	73.6560564958379	-11.76736659965293	-33.15902289173332	-11.767366599652899	44.98596614622336	34.62212304437107	-33.15902289173331	34.62212304437111	238.8385490213398	
4.708460115547023	80.03890161858104	-12.220089806451021	-27.097409031175445	-12.220089806451	62.89517274682355	30.11059217335338	-27.097409031175417	30.110592173353407	239.06677927939893	
4.757000941480498	86.94028247270015	-11.865339070627307	-20.21447932311262	-11.865339070627282	83.52377716696203	24.83246941658242	-20.21447932311258	24.832469416582448	239.4506263814007	
4.805541767413972	95.27465531044037	-10.79790249784331	-12.889086342273133	-10.797902497843296	107.29108186591992	18.99566819967729	-12.889086342273085	18.99566819967731	239.74235764849917	
4.854082593347447	105.79960276792843	-9.200250425250774	-5.573110735692291	-9.20025042525077	134.37060600364998	12.818484025816685	-5.573110735692236	12.818484025816705	239.66571052678458	
4.902623419280921	119.11780902718172	-7.301221619655156	1.2537605289383769	-7.301221619655159	164.66397313699557	6.547214580810385	1.25376052893844	6.547214580810406	238.95979679320857	
4.951164245214396	135.63774769142907	-5.37985860932033	7.1301325737661445	-5.379858609320344	197.80506720818008	0.459746879044836	7.130132573766212	0.4597468790448591	237.405691101252	
4.99970507114787	155.56452192138013	-3.731551847624148	11.672319602996126	-3.7315518476241745	233.08422305529774	-5.14665116317636	11.672319602996192	-5.146651163176328	234.8324853907908	
5.048245897081345	178.93723604592043	-2.616085780763523	14.617942476292168	-2.616085780763565	269.6123643390085	-9.978302260158976	14.61794247629223	-9.978302260158937	231.1290413900894	
5.096786723014819	205.5814266315428	-2.2629477235303117	15.854547157884028	-2.2629477235303757	306.25371727572457	-13.788418372194503	15.854547157884085	-13.788418372194457	226.24778003826077	
5.145327548948294	235.12685192120168	-2.8361338221621324	15.421343299766358	-2.8361338221622105	341.83409573259127	-16.42448015186377	15.421343299766406	-16.424480151863712	220.2004138246203	
5.193868374881768	266.9136383864799	-4.416447649169264	13.473709030725075	-4.416447649169367	375.08193939970386	-17.861466894543092	13.473709030725118	-17.86146689454302	213.0752338501968	
5.242409200815242	300.00051450252295	-7.02547072323401	10.251889641915831	-7.025470723234128	404.76804095535624	-18.215862677301025	10.25188964191586	-18.215862677300944	205.05051040287125	
5.290950026748717	333.22175530738946	-10.579200058782266	6.022745132127818	-10.579200058782405	429.7343630550687	-17.725459087682925	6.022745132127839	-17.72545908768284	196.4104716866384	
5.339490852682191	365.1446883677867	-14.959048039766227	1.0319706419278172	-14.95904803976638	448.9479255238532	-16.708314444195217	1.031970641927831	-16.70831444419512	187.5529236897996	
5.388031678615666	394.2580195883294	-19.990013262455943	-4.525869339695288	-19.99001326245611	461.5539146775008	-15.518175319355771	-4.525869339695286	-15.518175319355677	178.9835656300615	
5.43657250454914	418.99284409692365	-25.488406316244326	-10.521839743155923	-25.48840631624449	466.9372731860926	-14.491638359807489	-10.521839743155926	-14.491638359807393	171.27894973561365	
5.485113330482615	437.9342164517399	-31.277384246675656	-16.87698736320564	-31.27738424667582	464.71855228405576	-13.909234119382912	-16.876987363205647	-13.909234119382816	165.03021944226325	
5.533654156416089	449.88320021660337	-37.190133978966855	-23.537326954050233	-37.19013397896702	454.8274977308778	-13.969241361753895	-23.53732695405024	-13.96924136175381	160.7660149529082	
5.582194982349564	453.9817857542651	-43.10983799699161	-30.420258604177675	-43.10983799699178	437.4596600815852	-14.765290031095194	-30.42025860417769	-14.765290031095121	158.878884268744	
5.630735808283038	449.7534936272715	-48.94951286437472	-37.381849649158305	-48.94951286437488	413.09861890025684	-16.276833057548338	-37.38184964915832	-16.276833057548274	159.56002360266407	
5.679276634216513	437.1450918007221	-54.65096694240028	-44.187536248665154	-54.65096694240045	382.52083790783246	-18.36219367698277	-44.18753624866517	-18.362193676982727	162.76481250665842	
5.727817460149987	416.51823570892856	-60.16819281237515	-50.50655484698791	-60.16819281237534	346.7649413059725	-20.755031791613767	-50.506554846987925	-20.75503179161374	168.20149196748346	
5.776358286083462	388.60617596103754	-65.44513029775479	-55.93674865610065	-65.44513029775497	307.08546009629254	-23.081151052025973	-55.93674865610067	-23.08115105202596	175.369385238718	
5.824899112016936	354.44789886473484	-70.41071700673903	-60.05415783580831	-70.41071700673923	264.9236004633356	-24.894741903633484	-60.05415783580834	-24.894741903633488	183.59873300661343	
5.87343993795041	315.34015734795196	-74.96126454316081	-62.477978892859184	-74.96126454316102	221.84775860942045	-25.73875054123792	-62.47797889285923	-25.73875054123795	192.1244503227325	
5.921980763883885	272.68841814435075	-78.9700717502767	-62.93139683439581	-78.97007175027689	179.39656842655674	-25.226166122154552	-62.93139683439586	-25.226166122154595	200.1526167991538	
5.970521589817359	227.980654569205	-82.26688966529402	-61.297632561627644	-82.26688966529422	139.04707920048764	-23.12350025214666	-61.29763256162771	-23.12350025214671	206.93733784165767	
6.019062415750834	182.66452454817602	-84.68742948345111	-57.647568530140205	-84.6874294834513	102.09083610947067	-19.408618621638244	-57.647568530140276	-19.408618621638308	211.84201767984632	
6.067603241684308	138.122665136146	-86.07156699029787	-52.23571025170146	-86.07156699029801	69.5372038677906	-14.295524424717547	-52.23571025170155	-14.295524424717625	214.39160633076764	
6.116144067617783	95.62209134248229	-86.32372146570745	-45.469726309848454	-86.32372146570758	42.07022116285464	-8.217197325991414	-45.46972630984855	-8.217197325991506	214.30155938612663	
6.164684893551257	56.28311353152192	-85.44563182996444	-37.84844150803645	-85.44563182996453	20.028563766934248	-1.7540119699940249	-37.84844150803655	-1.7540119699941226	211.498699814664	
6.213225719484732	21.09091184709589	-83.53871229951024	-29.902549317733573	-83.53871229951035	3.36543907466908	4.456580417177923	-29.90254931773366	4.4565804171778165	206.11092340060307	
6.261766545418206	-9.12267743959326	-80.86199173643692	-22.12612643802867	-80.86199173643695	-8.263016785502002	9.822861680824882	-22.126126438028745	9.822861680824781	198.44454270540578	
6.310307371351681	-33.6887676328387	-77.76447637384419	-14.928266228385514	-77.76447637384419	-15.4985341505127	13.87675769369493	-14.928266228385576	13.876757693694831	188.95058514818783	
6.358848197285155	-52.12199822390518	-74.66347776182984	-8.603313453485434	-74.66347776182984	-19.1173848666418	16.330107534116664	-8.603313453485466	16.330107534116568	178.17589431982907	
6.40738902321863	-64.14947084505386	-71.97422197799656	-3.328278051774282	-71.97422197799654	-19.986198835929287	17.08993846371872	-3.328278051774292	17.089938463718635	166.72005416991172	
6.455929849152104	-69.74845032126511	-70.0118868034251	0.8316194053255905	-70.01188680342507	-18.89049716654024	16.235088406140907	0.8316194053256113	16.235088406140836	155.17858553832554	
6.504470675085579	-69.1081807054263	-68.95787771640964	3.8934539488778075	-68.95787771640961	-16.43962907338026	13.968055945499733	3.893453948877864	13.96805594549968	144.1093688295912	
6.5530115010190535	-62.703072761357056	-68.78322487470938	5.936003085160868	-68.78322487470932	-13.00930609813024	10.571957977838679	5.936003085160957	10.57195797783864	134.00010542446194	
6.601552326952527	-51.22720419435272	-69.31565724895411	7.064859632007714	-69.31565724895407	-8.693598947694369	6.353802931945497	7.064859632007838	6.353802931945474	125.24921321550408	
6.650093152886002	-35.52421044732989	-70.20581602474714	7.390982587482053	-70.2058160247471	-3.3278383871622026	1.6063575448275056	7.39098258748221	1.606357544827493	118.14577755134168	
6.698633978819476	-16.59988972583779	-71.05473840578142	7.023001948041028	-71.0547384057814	3.368446577359183	-3.4128949316999466	7.023001948041213	-3.412894931699949	112.85980022974366	
6.747174804752951	4.509926120885316	-71.48604679358695	6.048120740114023	-71.48604679358695	11.75648219015629	-8.497349269394277	6.048120740114229	-8.497349269394274	109.43452769010612	
6.795715630686425	26.742840570146456	-71.18609186132062	4.5345224601051966	-71.18609186132065	22.062113968826008	-13.478790840024258	4.534522460105413	-13.478790840024251	107.78824970500656	
6.8442564566199	49.12019322080694	-69.95507463887682	2.5317941336017626	-69.95507463887685	34.325711296691566	-18.220967025520615	2.5317941336019825	-18.22096702552061	107.71285094968547	
6.892797282553374	70.68268703690937	-67.7319437741701	0.08139104885354165	-67.73194377417015	48.30291084596146	-22.60465438428534	0.08139104885375437	-22.604654384285343	108.88195105315641	
6.941338108486849	90.61521226378038	-64.55059865768335	-2.772874336830699	-64.55059865768344	63.44631239709871	-26.512787396432486	-2.7728743368305	-26.512787396432486	110.86765390776192	
6.989878934420323	108.23503225144376	-60.515020020160804	-5.982256499424344	-60.51502002016092	79.0587562394965	-29.83069897704568	-5.982256499424167	-29.83069897704568	113.16402158895876	
7.038419760353798	122.97267871105099	-55.75817126498819	-9.486172237599954	-55.758171264988306	94.24541810878273	-32.45085184555634	-9.486172237599806	-32.45085184555634	115.22124933791494	
7.086960586287272	134.46920367005242	-50.39238195018813	-13.211195435228477	-50.39238195018827	108.18056385282415	-34.2854903915472	-13.211195435228362	-34.28549039154721	116.48760763191683	
7.135501412220747	142.52843419702097	-44.49134047335104	-17.069656584479212	-44.491340473351165	120.07301202600215	-35.28006688058913	-17.069656584479134	-35.28006688058914	116.47065135130515	
7.1840422381542215	147.19161756298791	-38.09752496277295	-20.96428197662322	-38.097524962773065	129.4300833368523	-35.427445454816905	-20.96428197662317	-35.427445454816905	114.78463127287776	
7.232583064087696	148.68708641698748	-31.218440852503345	-24.799358995088408	-31.218440852503438	135.9446060700726	-34.77192944900866	-24.799358995088383	-34.77192944900865	111.21202701058542	
7.28112389002117	147.3975841689364	-23.869593753979633	-28.478057169247435	-23.869593753979675	139.63872507379543	-33.41215102749633	-28.478057169247435	-33.412151027496336	105.74368283767251	
7.329664715954644	143.83582168479091	-16.080715755689173	-31.906356507712893	-16.080715755689162	140.73625260818238	-31.488515327699776	-31.90635650771291	-31.48851532769978	98.59447605683805	
7.378205541888119	138.52462759598436	-7.936237734657859	-34.99706818969176	-7.936237734657786	139.660815458453	-29.16165943755339	-34.997068189691795	-29.161659437553407	90.19215190448445	
7.426746367821593	132.01263149782702	0.4194918252858777	-37.665211078567864	0.4194918252860109	136.93232597230826	-26.601949023159865	-37.66521107856789	-26.601949023159886	81.14181318415146	
7.475287193755068	124.7387228204136	8.78770105061708	-39.826761878743625	8.787701050617283	133.13675130352712	-23.969512519677345	-39.82676187874365	-23.96951251967737	72.15955952459095	
7.523828019688542	117.12891482269555	16.916551454043365	-41.393486360986884	16.91655145404362	128.82353809957573	-21.402293366664008	-41.393486360986905	-21.40229336666404	63.994857009413366	
7.572368845622017	109.54137096447512	24.543566989645925	-42.27613122305988	24.543566989646237	124.53913175907851	-19.00876710409666	-42.27613122305988	-19.008767104096695	57.33393218156661	
7.620909671555491	102.35003643876706	31.422978035083613	-42.38811578003525	31.422978035083954	120.76346796360122	-16.857440282904548	-42.38811578003523	-16.857440282904587	52.71744605116455	
7.669450497488966	95.94009404311817	37.32616894643999	-41.654307036358695	37.32616894644034	117.91888275608443	-14.97339621786872	-41.65430703635864	-14.973396217868755	50.47731406028369	
7.71799132342244	90.72550022203815	42.109736609274606	-40.02279229735486	42.10973660927496	116.34813381195639	-13.339555078283096	-40.022792297354776	-13.33955507828313	50.69585189949237	
7.766532149355915	87.10418581583667	45.65966848521799	-37.48483838760047	45.65966848521832	116.31255243379997	-11.901542738697648	-37.48483838760035	-11.901542738697671	53.19977749497121	
7.8150729752893895	85.4331498007835	47.94024397301803	-34.08643256862857	47.94024397301833	117.95751655073799	-10.57904805446043	-34.08643256862841	-10.579048054460445	57.591464357115115	
7.863613801222864	85.89405067664711	48.93906379655205	-29.940522193749096	48.93906379655232	121.20688299463353	-9.288224129753436	-29.9405221937489	-9.288224129753443	63.308821633464724	
7.9121546271563385	88.53164684269238	48.653290993198375	-25.228544556149558	48.65329099319861	125.87830915133179	-7.968116658021454	-25.228544556149334	-7.968116658021447	69.70114526107102	
