# Stress in units of bar (10^5 Pa)
# z	Sxx	Sxy	Sxz	Syx	Syy	Syz	Szx	Szy	Szz
0.0	84.0066856903026	52.59237812394831	-20.49484619319992	52.59237812394847	128.0696324233471	-7.700972926888422	-20.494846193199635	-7.700972926888403	80.68804548958906	
0.04854082593347447	94.04375193412179	50.037280710100255	-13.679019336460504	50.03728071010038	138.50028099931308	-5.664555077675916	-13.6790193364602	-5.6645550776758835	88.96779852244796	
0.09708165186694893	105.32830764425476	46.21053015684382	-7.326130265090064	46.210530156843916	148.77263890862574	-3.2255992177780177	-7.326130265089752	-3.2255992177779707	94.98999818841347	
0.1456224778004234	116.47813203572201	40.9053093572585	-1.8822539877947606	40.905309357258595	157.4233976153854	-0.7628482252204369	-1.8822539877944546	-0.7628482252203761	98.47870607320883	
0.19416330373389787	126.37136133630126	34.01916544573104	2.3930390052303725	34.0191654457311	163.2591258476607	1.2136684024357076	2.393039005230663	1.2136684024357827	99.58211272612294	
0.24270412966737234	134.4671368670251	25.5954750438626	5.455697750214982	25.595475043862635	165.68407187491482	2.159326970795118	5.455697750215243	2.1593269707952047	98.82632018200182	
0.2912449556008468	140.75392924084736	15.911506365082413	7.439836582717838	15.911506365082435	164.7668804895975	1.6010299043468699	7.439836582718065	1.6010299043469651	96.99985425616705	
0.33978578153432126	145.7087884535917	5.481975537852627	8.571466492826932	5.4819755378526125	161.1461119987907	-0.7662921417779245	8.571466492827117	-0.7662921417778259	94.98290885245508	
0.38832660746779574	150.005430090088	-5.007022764279679	9.07159673034872	-5.007022764279721	155.76031470377256	-5.003381886187545	9.071596730348864	-5.003381886187451	93.5662001783445	
0.4368674334012702	154.32527005159318	-14.74465606246952	9.077654354703986	-14.744656062469591	149.5782337586086	-10.877509109418638	9.077654354704093	-10.877509109418556	93.30096918166949	
0.4854082593347447	159.04857620386645	-22.93883752332816	8.616511701268076	-22.93883752332826	143.3015499537172	-17.865176053631288	8.616511701268148	-17.865176053631227	94.41507371158083	
0.5339490852682192	164.17907995442533	-28.90247890493732	7.636344536642655	-28.90247890493744	137.33153243658663	-25.211378478625946	7.636344536642701	-25.211378478625914	96.80660375705591	
0.5824899112016936	169.25188505049132	-32.14240979188649	6.075447160253295	-32.142409791886635	131.66679501823347	-32.03838188251832	6.075447160253321	-32.03838188251832	100.1275952586717	
0.6310307371351681	173.43118535408854	-32.478102836923554	3.931280294102298	-32.478102836923675	126.05532890101216	-37.495001543949556	3.931280294102314	-37.4950015439496	103.91720685859748	
0.6795715630686425	175.62512061158972	-30.034924022778494	1.2995981896337683	-30.03492402277861	120.0008066474275	-40.90903919765	1.299598189633778	-40.90903919765009	107.75083100083972	
0.728112389002117	174.78174286984034	-25.2498354899769	-1.6304247283356488	-25.24983548997698	112.9021037985275	-41.907757802601516	-1.6304247283356403	-41.907757802601644	111.36463664421889	
0.7766532149355915	170.08982442363788	-18.78818965589685	-4.620573134927447	-18.7881896558969	104.11497200361659	-40.46874148827247	-4.620573134927438	-40.46874148827263	114.72585723603824	
0.8251940408690659	161.25660894777056	-11.434230905239687	-7.442117802742729	-11.43423090523971	93.09310197658166	-36.88871849991136	-7.442117802742716	-36.888718499911555	118.02944327470263	
0.8737348668025404	148.64152822015456	-3.918681538190695	-9.91916789501241	-3.918681538190704	79.53512623015953	-31.688780238376403	-9.919167895012393	-31.688780238376616	121.62787032010827	
0.9222756927360148	133.16930872343585	3.1929292411669863	-11.941288416988092	3.192929241167004	63.45307252510984	-25.475847303217215	-11.941288416988062	-25.47584730321743	125.92824867697212	
0.9708165186694894	116.17821683683725	9.55511817252891	-13.451406606580786	9.555118172528918	45.25753568480153	-18.806512471839806	-13.45140660658074	-18.80651247184002	131.27410130903368	
1.0193573446029638	99.01949326825618	15.060091044961979	-14.414856629350613	15.060091044961986	25.587854945116334	-12.09791042946519	-14.41485662935055	-12.097910429465403	137.85527423594004	
1.0678981705364383	82.6803082560986	19.71284208537654	-14.799214982247417	19.71284208537653	5.1874341216869695	-5.600519592832696	-14.799214982247332	-5.600519592832895	145.6590650057139	
1.1164389964699128	67.47262177935109	23.59645863480711	-14.575647082255859	23.596458634807085	-15.371780794805144	0.5698967070360146	-14.57564708225576	0.5698967070358312	154.47570745314286	
1.1649798224033872	53.07751178783734	26.77638091829273	-13.732506035529333	26.776380918292677	-35.71503236368453	6.362961324400281	-13.732506035529216	6.362961324400118	163.94098793740002	
1.2135206483368617	38.64233896734749	29.284237873197767	-12.308592088011602	29.28423787319771	-55.691758098040694	11.723612304384996	-12.308592088011475	11.723612304384856	173.59322144603624	
1.2620614742703362	23.30959201380415	31.195731828882195	-10.412362160676372	31.195731828882128	-75.18900060468154	16.563130004577797	-10.41236216067624	16.56313000457768	182.93779224460576	
1.3106023002038105	6.593416836548954	32.62457388423002	-8.212765117993689	32.62457388422995	-93.95500277491428	20.760901304153997	-8.212765117993563	20.7609013041539	191.4961687036209	
1.359143126137285	-11.256209748090708	33.8126074955549	-5.913150508933428	33.81260749555484	-111.42069512465727	24.18840106297216	-5.913150508933313	24.18840106297209	198.85220650270753	
1.4076839520707596	-29.21557309099522	35.09476469323989	-3.718289714807512	35.094764693239846	-126.7284589451188	26.731833351573655	-3.7182897148074137	26.731833351573606	204.70078355732403	
1.456224778004234	-45.648607530166785	36.82766496558969	-1.7941561329940028	36.827664965589676	-138.78680085344925	28.28940470450038	-1.7941561329939242	28.28940470450035	208.8988520993397	
1.5047656039377084	-58.74891521313254	39.33300984262951	-0.243359860069146	39.33300984262952	-146.51062070937	28.75043601576678	-0.24335986006908672	28.750436015766756	211.5120635825576	
1.553306429871183	-66.93893800499498	42.75038028586709	0.9000108650453729	42.75038028586714	-148.97092398998134	27.979073210668567	0.9000108650454135	27.97907321066856	212.84575879170077	
1.6018472558046575	-69.18029656857952	47.0390725684633	1.6534362119846508	47.039072568463375	-145.5408074149768	25.838074231918263	1.6534362119846764	25.83807423191827	213.43401296687688	
1.6503880817381318	-65.11312156159971	51.94156683860981	2.056388714767773	51.9415668386099	-135.88115495661876	22.238732356573742	2.0563887147677913	22.238732356573756	213.9474075934882	
1.6989289076716063	-54.891284789813255	57.02945900880945	2.152200991939371	57.02945900880954	-119.8366154995937	17.225330896477043	2.152200991939383	17.22533089647706	215.03513416803477	
1.7474697336050808	-38.96355117572192	61.82366608326911	1.9676576980187601	61.8236660832692	-97.40786291283808	11.052016247997672	1.967657698018772	11.0520162479977	217.12853484012155	
1.7960105595385554	-17.804354290587447	65.88375305626444	1.5235502285534597	65.88375305626452	-68.55666179132825	4.203540957451635	1.5235502285534763	4.203540957451665	220.2721793457307	
1.8445513854720297	8.197464444852987	68.82805802293873	0.8665206129260774	68.82805802293876	-33.31122705350589	-2.6576497626062356	0.8665206129261023	-2.6576497626062014	224.06046377343398	
1.8930922114055042	38.88058186985039	70.33990510527308	0.11540417203546127	70.33990510527305	8.320965566143535	-8.7978753850376	0.11540417203549591	-8.797875385037567	227.7131718015911	
1.9416330373389787	74.05070097212126	70.11997187384182	-0.4892570188522969	70.11997187384172	56.1613711456896	-13.556796190930454	-0.4892570188522516	-13.556796190930427	230.29540967856394	
1.990173863272453	113.41769850891473	67.81939041456411	-0.5790175484244982	67.81939041456397	109.7284572843362	-16.48854786734076	-0.5790175484244537	-16.48854786734074	231.00833520883373	
2.0387146892059276	156.42041370463812	63.08836596752188	0.30644424059976094	63.08836596752168	168.07624743546367	-17.475727367886172	0.3064442405998107	-17.47572736788616	229.44813391930396	
2.087255515139402	202.36671358464005	55.62351015171937	2.62671483114865	55.62351015171917	229.79197628874846	-16.770851287406376	2.62671483114869	-16.770851287406376	225.7260058876809	
2.1357963410728766	250.43145057349003	45.318461633286525	6.723504551299962	45.3184616332863	292.96270961991337	-14.970108709799156	6.723504551299989	-14.970108709799163	220.4156641897352	
2.184337167006351	299.85071254778126	32.381011373163155	12.718127837452045	32.38101137316292	355.4237808376982	-12.902162402439469	12.718127837452041	-12.902162402439481	214.31766957797458	
2.2328779929398257	349.900275528608	17.36699407051479	20.459493207246027	17.36699407051458	414.9621385299281	-11.45474221543223	20.459493207246005	-11.454742215432248	208.19226604487378	
2.2814188188733	399.7838680471074	1.1357147640941783	29.54040041832188	1.1357147640940095	469.5863253387322	-11.35700957440515	29.54040041832183	-11.35700957440517	202.5461728225757	
2.3299596448067743	448.3677040607447	-15.28723420299212	39.377191350901406	-15.287234202992252	517.6219920858307	-12.996925267137208	39.37719135090133	-12.996925267137234	197.59330209926495	
2.378500470740249	494.03068803010615	-30.850713218447677	49.29300176175276	-30.850713218447776	557.8291012979805	-16.319360272244577	49.29300176175266	-16.319360272244587	193.36569438084314	
2.4270412966737234	534.6113319330825	-44.60251608484902	58.59132597352924	-44.602516084849086	589.3041866837605	-20.833492690957044	58.59132597352913	-20.833492690957055	189.9241766990375	
2.475582122607198	567.6392021539784	-55.807018435718575	66.59543195553607	-55.80701843571858	611.4018356253717	-25.747219587166622	66.59543195553597	-25.74721958716662	187.53529828266323	
2.5241229485406724	590.7527329142681	-63.95850653918545	72.66511973744477	-63.958506539185414	623.6632152104963	-30.181676485441685	72.66511973744468	-30.181676485441677	186.73011022238182	
2.572663774474147	602.1260448602674	-68.82508738517406	76.21304996788136	-68.82508738517402	625.7528862258985	-33.40119215260839	76.21304996788129	-33.401192152608374	188.19485282641352	
2.621204600407621	600.8686161006484	-70.48089969639778	76.75642749550343	-70.48089969639774	617.5512594659558	-34.96283354109165	76.75642749550337	-34.96283354109162	192.5396957906426	
2.6697454263410956	587.1684251771903	-69.2322709062349	73.98982591333593	-69.23227090623487	599.1929158480531	-34.75829728432881	73.98982591333589	-34.758297284328776	200.05127571535772	
2.71828625227457	562.2026345014061	-65.60312255554271	67.87873887220748	-65.60312255554265	571.1667109005369	-32.953680077767146	67.87873887220746	-32.953680077767096	210.51910752110126	
2.7668270782080446	527.8474069902285	-60.174635781794194	58.713889150721386	-60.17463578179413	534.3822880346657	-29.860150626803954	58.71388915072136	-29.860150626803918	223.2136850982549	
2.815367904141519	486.41477645143425	-53.51372006333875	47.12230437498163	-53.513720063338674	490.2433762527238	-25.79274796214078	47.122304374981624	-25.79274796214074	237.00397595514266	
2.8639087300749937	440.2996401503307	-46.108672656646476	33.98376373467425	-46.10867265664639	440.6533174150738	-20.989596931010624	33.983763734674234	-20.989596931010585	250.56715242777733	
2.912449556008468	391.87798210844903	-38.34100416267998	20.28340931129139	-38.34100416267989	387.9615089110662	-15.597606580928636	20.28340931129138	-15.5976065809286	262.6420288856456	
2.9609903819419423	343.3307948137387	-30.560484842412666	6.9458923096203575	-30.560484842412563	334.773514811834	-9.730953028198961	6.945892309620335	-9.730953028198929	272.2444588345934	
3.009531207875417	296.65362543452414	-23.087181410916486	-5.3205393649400925	-23.087181410916386	283.7176113911838	-3.5570538963558445	-5.320539364940121	-3.557053896355809	278.82478045591404	
3.0580720338088914	253.50575763498497	-16.216521600885272	-16.11619823557481	-16.216521600885187	237.13843132751498	2.631992649495644	-16.11619823557484	2.6319926494956807	282.3166911908019	
3.106612859742366	215.23788246396202	-10.180106101300371	-25.370138001238224	-10.180106101300296	196.8799303390688	8.39310790100167	-25.370138001238256	8.393107901001711	283.05936639613594	
3.1551536856758404	182.68539948389073	-5.0493433036368724	-33.27616085449165	-5.049343303636807	164.09084590808735	13.175234026280227	-33.276160854491685	13.175234026280272	281.59997168572283	
3.203694511609315	156.12800152902173	-0.686876723863301	-40.16888655114289	-0.6868767238632556	139.16279736130835	16.423697086897054	-40.16888655114293	16.423697086897107	278.43670525398807	
3.2522353375427895	135.21317599314656	3.230916972181131	-46.37658223131744	3.23091697218116	121.70054921757868	17.72316655720967	-46.37658223131747	17.723166557209723	273.7919745663532	
3.3007761634762636	118.99215687296167	7.181910706503928	-52.079275437317065	7.181910706503942	110.58699198161119	16.917426606670993	-52.07927543731711	16.917426606671047	267.490666771228	
3.349316989409738	106.01840219683632	11.606752883491254	-57.19924346846422	11.606752883491247	104.08728486896648	14.1760892119229	-57.19924346846427	14.17608921192295	259.0294372116133	
3.3978578153432126	94.62805672858106	16.765025351132373	-61.3609495014901	16.76502535113237	100.01990802055171	9.987584266134961	-61.36094950149014	9.987584266135006	247.8063221085557	
3.446398641276687	83.1127189901928	22.68738679120114	-63.94133000734714	22.68738679120112	96.07721383991762	5.063699223286655	-63.941330007347176	5.063699223286686	233.44749096113418	
3.4949394672101617	69.99590353182003	29.046306096441455	-64.21267105377171	29.04630609644143	90.09865054484268	0.18274421373560568	-64.21267105377173	0.18274421373562078	216.11558702944066	
3.543480293143636	54.27915035599857	35.24584222408344	-61.5677645712848	35.24584222408342	80.47704490565083	-3.9805413501622824	-61.56776457128481	-3.980541350162277	196.66142991072593	
3.5920211190771107	35.53551627854527	40.56487197249152	-55.750346106305386	40.5648719724915	66.40916266575417	-6.995881594710204	-55.7503461063054	-6.995881594710212	176.56588472832988	
3.640561945010585	13.98103895894149	44.3071302800939	-47.03256408184863	44.30713028009387	48.015053976577605	-8.741090075557025	-47.03256408184865	-8.741090075557047	157.69555046706623	
3.6891027709440594	-9.62254134615902	46.01393156857021	-36.264003422617236	46.0139315685702	26.252719299391018	-9.394723023497722	-36.264003422617236	-9.394723023497747	141.9553381216499	
3.737643596877534	-34.003583697526516	45.57182725511032	-24.756526593369745	45.571827255110314	2.71805618444564	-9.334193372463528	-24.756526593369742	-9.33419337246356	130.94573247986614	
3.7861844228110084	-57.632404798633296	43.25375170083217	-14.036292263283269	43.25375170083217	-20.67297751597023	-8.987647319189774	-14.036292263283256	-8.987647319189808	125.7381603800902	
3.834725248744483	-78.83949960906614	39.64791314029523	-5.517427015114732	39.64791314029523	-42.0144091347247	-8.664822366923191	-5.517427015114723	-8.664822366923223	126.76237962921194	
3.8832660746779575	-96.08880194957797	35.489565811716254	-0.2136123098965843	35.489565811716254	-59.70577577669474	-8.429317626749985	-0.21361230989655944	-8.42931762675001	133.80137914731554	
3.931806900611432	-108.12995826977061	31.479549107389424	1.427773803146125	31.479549107389424	-72.68130084365613	-8.045450840633883	1.4277738031461418	-8.045450840633906	146.05086100966204	
3.980347726544906	-114.19269050665338	28.092697274740456	-0.4442864220629662	28.09269727474046	-80.54813668479476	-7.036053707090561	-0.44428642206294733	-7.036053707090579	162.20896135935368	
4.028888552478381	-113.99770013489335	25.484548501447563	-5.202776055887567	25.48454850144757	-83.58489359761441	-4.843189087714785	-5.202776055887552	-4.843189087714792	180.60677795954962	
4.077429378411855	-107.74804302861295	23.489560660900818	-11.931616609483939	23.489560660900835	-82.55978231713043	-1.0243149737182353	-11.931616609483923	-1.0243149737182353	199.37862825667884	
4.12597020434533	-95.95463406333573	21.73444825851761	-19.63361725633906	21.734448258517624	-78.46276078002467	4.578233920718695	-19.633617256339047	4.578233920718707	216.69632642258074	
4.174511030278804	-79.35306213668407	19.75591799710103	-27.3953646446166	19.75591799710105	-72.22353635983336	11.759922125979939	-27.395364644616592	11.759922125979962	231.02537491360545	
4.223051856212279	-58.856036277705265	17.196998629379006	-34.50698322142825	17.19699862937904	-64.4775908903957	19.968256702460373	-34.50698322142824	19.968256702460405	241.3591377531628	
4.271592682145753	-35.606434901686704	13.880649663135344	-40.50811248806251	13.880649663135378	-55.52576726150069	28.416195893821765	-40.5081124880625	28.416195893821808	247.3496644950568	
4.320133508079228	-11.083814803308888	9.848513633696909	-45.177883786268744	9.848513633696951	-45.466354787073755	36.25119462798238	-45.177883786268744	36.25119462798243	249.32402061331715	
4.368674334012702	12.957897367441113	5.326048006195393	-48.480577822087824	5.32604800619544	-34.40844363280355	42.700888228247884	-48.48057782208783	42.70088822824793	248.15199344968167	
4.417215159946177	34.61328801565264	0.6016915034170598	-50.47302516128491	0.6016915034171033	-22.63602632447432	47.18646770571089	-50.47302516128492	47.18646770571095	245.03389713661556	
4.465755985879651	52.20950549814799	-4.010485546313239	-51.205953151120816	-4.010485546313197	-10.650216234653332	49.391805737147806	-51.20595315112082	49.39180573714787	241.24461481741434	
4.514296811813125	64.71506543463909	-8.238760481136985	-50.644670977002534	-8.238760481136946	1.0917988100397622	49.29842086856	-50.64467097700254	49.29842086856006	237.88860237341603	
4.5628376377466	72.05712367782272	-11.85738342398445	-48.65178325025213	-11.857383423984416	12.339728939218407	47.16144392133516	-48.65178325025214	47.16144392133522	235.72736493085227	
4.611378463680074	75.18793919031506	-14.638022979617453	-45.01964470409205	-14.638022979617428	23.41802134456805	43.42831652860388	-45.019644704092045	43.42831652860393	235.082469839081	
4.659919289613549	75.88115001241216	-16.37727117206709	-39.58079230936049	-16.37727117206706	35.2179830025516	38.60826856564562	-39.580792309360476	38.60826856564565	235.85872604942054	
4.708460115547023	76.17487411030486	-16.894062062959417	-32.311511474870656	-16.894062062959396	49.05493304653022	33.13308330452996	-32.31151147487063	33.13308330452999	237.6419769585825	
4.757000941480498	77.97666792327556	-16.11239761497788	-23.439790639770624	-16.112397614977862	66.38466809973531	27.2326436163599	-23.439790639770585	27.232643616359915	239.85215498824468	
4.805541767413972	82.66606511341107	-14.086679912697205	-13.475495839657198	-14.086679912697182	88.40391023347378	20.91358210279434	-13.47549583965714	20.91358210279435	241.888320518133	
4.854082593347447	90.95587078602611	-11.080627952153694	-3.1716088082429783	-11.08062795215368	115.72933713601299	14.059536218334198	-3.171608808242909	14.059536218334204	243.2445738793225	
4.902623419280921	103.0651047081438	-7.5103748751677735	6.572844022694553	-7.510374875167759	148.30602650307742	6.610734260486835	6.572844022694632	6.610734260486845	243.56711735043424	
4.951164245214396	118.95362216865398	-3.881980348526458	14.867481498865132	-3.8819803485264543	185.3876399058429	-1.2461297875984823	14.867481498865217	-1.2461297875984698	242.65568863017722	
4.99970507114787	138.59142661156017	-0.687389685404467	20.97167446550655	-0.6873896854044661	225.79645861560562	-9.000527046649365	20.97167446550663	-9.000527046649342	240.42822496141252	
5.048245897081345	162.07237503545295	1.643460467166963	24.42611466394614	1.643460467166939	268.08385063914716	-15.886061075489941	24.426114663946223	-15.886061075489913	236.87686788543758	
5.096786723014819	189.62767841301684	2.8243391689889172	25.119121490035248	2.8243391689888675	310.78170648018755	-21.09508746533087	25.11912149003532	-21.095087465330824	232.01910430275922	
5.145327548948294	221.40549615331477	2.6716007676708458	23.283871175849576	2.6716007676707747	352.49617993103993	-24.04834369680559	23.283871175849637	-24.04834369680553	225.85397353786493	
5.193868374881768	257.1856812023334	1.083693132264461	19.433523164701377	1.083693132264358	391.8064487834739	-24.601150652015534	19.43352316470142	-24.601150652015463	218.3365817276513	
5.242409200815242	296.20148496422985	-1.9406590220870765	14.233229394420022	-1.9406590220872006	427.339843978915	-23.09749638978159	14.23322939442005	-23.097496389781504	209.4108646670057	
5.290950026748717	336.9959782492609	-6.30222466484204	8.352138921420007	-6.302224664842187	457.6180554113242	-20.24738384870711	8.352138921420023	-20.24738384870701	199.1070173697868	
5.339490852682191	377.5379582777142	-11.781144858552949	2.3157601648032804	-11.781144858553102	481.2932334152489	-16.898004422207634	2.3157601648032835	-16.898004422207528	187.67758312231655	
5.388031678615666	415.4207357230455	-18.037878873982976	-3.593883034954688	-18.037878873983143	497.1367260201799	-13.788801552593322	-3.5938830349546986	-13.78880155259321	175.72226121672685	
5.43657250454914	448.16066597453727	-24.68148422104698	-9.36874681545698	-24.68148422104715	504.31441805456194	-11.410106914958195	-9.368746815456998	-11.410106914958078	164.20284814540335	
5.485113330482615	473.61185514128226	-31.33461675378571	-15.231143876099846	-31.334616753785877	502.433772259119	-9.991941596263509	-15.231143876099871	-9.991941596263395	154.32598257723498	
5.533654156416089	490.05590389643424	-37.7625096096894	-21.522156498417072	-37.76250960968956	491.511748713628	-9.605352645775561	-21.52215649841709	-9.605352645775458	147.290092948865	
5.582194982349564	496.4432306950696	-43.871060907709676	-28.551364694462453	-43.87106090770984	471.8610606917413	-10.301704658891856	-28.55136469446247	-10.301704658891769	144.02129605103903	
5.630735808283038	492.26027439231905	-49.69986247046654	-36.449138596725064	-49.6998624704667	444.02521934845566	-12.168847298475747	-36.44913859672508	-12.168847298475677	144.95572057198814	
5.679276634216513	477.5815868518534	-55.357186356800526	-45.058349548314816	-55.357186356800675	408.69592454306786	-15.287036264428165	-45.058349548314816	-15.287036264428114	149.97930524189405	
5.727817460149987	452.94287340146866	-60.928207013726045	-53.89866282811752	-60.928207013726194	366.8467647777232	-19.585319210965956	-53.89866282811751	-19.58531921096592	158.49027058074557	
5.776358286083462	419.3677956713515	-66.42405204311157	-62.21054493330702	-66.42405204311174	319.8446735973597	-24.67735919858874	-62.210544933307006	-24.677359198588725	169.56331887978547	
5.824899112016936	378.3187017982403	-71.80260537036534	-69.07431891436242	-71.80260537036553	269.49536211455757	-29.778475844079754	-69.07431891436244	-29.77847584407976	182.10896455560774	
5.87343993795041	331.6046503676082	-76.9699899740159	-73.58013165558323	-76.9699899740161	217.96346650193055	-33.78623540528767	-73.58013165558323	-33.786235405287684	194.9881035950213	
5.921980763883885	281.26736132848555	-81.80566729742817	-75.01690546329831	-81.8056672974284	167.5538688517603	-35.52504202366867	-75.01690546329834	-35.5250420236687	207.0795296871621	
5.970521589817359	229.29225237651372	-86.14258355589511	-73.02413949152435	-86.14258355589531	120.40051779601002	-34.0739294899017	-73.02413949152441	-34.07392948990176	217.33564718801722	
6.019062415750834	177.4824855113507	-89.71916157776784	-67.69113373402111	-89.71916157776803	78.24153353857494	-29.080972130190005	-67.69113373402116	-29.08097213019007	224.836543991661	
6.067603241684308	127.32069889716378	-92.1839789749254	-59.55085712196869	-92.18397897492555	42.36319656477913	-20.91715975349785	-59.550857121968775	-20.917159753497934	228.87839141389165	
6.116144067617783	79.95112751805736	-93.10141201267288	-49.48264491899738	-93.10141201267301	13.461598917635897	-10.62573998244083	-49.48264491899748	-10.625739982440928	229.0601978701303	
6.164684893551257	36.32401039327906	-92.0900807088125	-38.53167304298232	-92.09008070881256	-8.146407607440423	0.338881279829927	-38.53167304298244	0.3388812798298222	225.33462712279012	
6.213225719484732	-2.7064282263064925	-89.00455819268852	-27.710343586725745	-89.00455819268855	-22.609171746355536	10.470311387946529	-27.710343586725852	10.470311387946415	218.00781857563328	
6.261766545418206	-36.28570244638604	-84.05825387903565	-17.820908879782245	-84.05825387903565	-30.476212621648898	18.54938254084829	-17.820908879782348	18.549382540848168	207.6679778442981	
6.310307371351681	-63.52835317252647	-77.92567180551474	-9.372003312738213	-77.92567180551471	-32.740335848439464	23.849261641547713	-9.372003312738293	23.849261641547592	195.085777155936	
6.358848197285155	-83.67451999425008	-71.62942563520129	-2.5694248858226514	-71.62942563520123	-30.813181327802763	26.183136093283586	-2.5694248858227065	26.183136093283473	181.1034146416705	
6.40738902321863	-96.18689014428682	-66.32643377506604	2.6019721447490847	-66.32643377506598	-26.392323340685486	25.79763527633277	2.601972144749058	25.797635276332667	166.55193745484806	
6.455929849152104	-100.83815502443889	-62.9729359800794	6.285560278470991	-62.97293598007933	-21.1722102772571	23.201989973751303	6.285560278471004	23.201989973751218	152.1938926137311	
6.504470675085579	-97.8236464428515	-62.08900655067984	8.684542809371193	-62.08900655067977	-16.515797402158384	19.002116236254306	8.684542809371246	19.002116236254246	138.7012693715145	
6.5530115010190535	-87.74411952484091	-63.595188822452926	10.007149769777062	-63.59518882245289	-13.119986644838288	13.7753689668966	10.007149769777156	13.775368966896568	126.64514674033666	
6.601552326952527	-71.57732404404861	-66.85001242732952	10.45547718778469	-66.85001242732946	-10.87266067577374	8.014777283983534	10.455477187784826	8.014777283983523	116.49141608432518	
6.650093152886002	-50.56219447720518	-70.83599884491144	10.212082572197023	-70.83599884491139	-8.885931870714824	2.0967669151734576	10.212082572197202	2.0967669151734705	108.57658308934768	
6.698633978819476	-26.1426518412404	-74.46806779519113	9.429988157170957	-74.46806779519109	-5.805168826665653	-3.7250481209064796	9.429988157171175	-3.7250481209064548	103.08973183788257	
6.747174804752951	0.25140925167946016	-76.81534691006901	8.212874287057407	-76.81534691006897	-0.20346079376679782	-9.312772376510123	8.212874287057653	-9.312772376510093	100.06945238556622	
6.795715630686425	27.30553681364519	-77.3408404899564	6.597190722695718	-77.34084048995638	9.063096728169375	-14.627862393839786	6.597190722695982	-14.62786239383976	99.41530332760561	
6.8442564566199	53.90914422642167	-75.92692616769202	4.561821032205063	-75.92692616769202	22.442920820802065	-19.690027074223643	4.5618210322053345	-19.69002707422363	100.89547416592205	
6.892797282553374	79.17621501215422	-72.79186007456902	2.059984305822049	-72.79186007456907	39.668497658972484	-24.510297036559543	2.059984305822312	-24.510297036559543	104.1595166610459	
6.941338108486849	102.3679087958583	-68.39076497837657	-0.9408390155618904	-68.39076497837665	59.69389673032455	-29.029511544508065	-0.9408390155616515	-29.029511544508072	108.73445172913257	
6.989878934420323	122.80120154587176	-63.21482975089449	-4.425419495968297	-63.214829750894616	81.01573686863689	-33.08487113509256	-4.425419495968093	-33.08487113509258	114.0031201058716	
7.038419760353798	139.7839296208403	-57.66422389904966	-8.327390876510613	-57.66422389904983	101.83005079312173	-36.423403249659316	-8.327390876510451	-36.42340324965933	119.20870603649875	
7.086960586287272	152.57468994017805	-51.98448196343343	-12.531585743560889	-51.98448196343363	120.424362643626	-38.771446380704255	-12.531585743560772	-38.77144638070426	123.49143411994982	
7.135501412220747	160.6805951443348	-46.20006543083378	-16.89894444060553	-46.20006543083399	135.3990210794821	-39.91715887478374	-16.898944440605455	-39.91715887478374	125.9745202591711	
7.1840422381542215	163.92686629872168	-40.198039531160504	-21.292700439782536	-40.1980395311607	145.91985114586822	-39.783349578847904	-21.292700439782507	-39.78334957884789	125.88153036997478	
7.232583064087696	162.70970195246616	-33.748871344007156	-25.59024767120285	-33.748871344007334	151.7633928906464	-38.46267561260803	-25.59024767120286	-38.46267561260802	122.6797323574755	
7.28112389002117	157.91690355084273	-26.619264206324402	-29.686720182972834	-26.61926420632452	153.32699883094847	-36.187959004754795	-29.686720182972863	-36.18795900475478	116.18593141994153	
7.329664715954644	150.76783355019032	-18.657889247518252	-33.4880443059691	-18.6578892475183	151.40250695810857	-33.266086219608866	-33.48804430596914	-33.26608621960885	106.63612495400054	
7.378205541888119	142.47294107864462	-9.839718968479154	-36.917120147449175	-9.839718968479106	147.02472732853823	-30.00023970933616	-36.91712014744924	-30.000239709336164	94.67554322692845	
7.426746367821593	133.9095844937319	-0.32212961468514933	-39.90897932839402	-0.3221296146850001	141.16774145653275	-26.63352882013065	-39.90897932839409	-26.633528820130667	81.30168518136188	
7.475287193755068	125.50492374870396	9.57062812917647	-42.409361937934136	9.570628129176725	134.6654069332187	-23.338307377408693	-42.409361937934186	-23.338307377408732	67.75391244305008	
7.523828019688542	117.19973395802604	19.371523416010096	-44.36617979491243	19.371523416010465	128.08349413999568	-20.24172411050381	-44.366179794912476	-20.241724110503856	55.356497936103025	
7.572368845622017	108.76873231809304	28.568610841353753	-45.712070058804265	28.568610841354165	121.82777085144593	-17.456815887888578	-45.7120700588043	-17.456815887888638	45.346841063421216	
7.620909671555491	100.07505369084245	36.6826922555696	-46.341081164284034	36.68269225557006	116.20942505062236	-15.096659802842417	-46.341081164284034	-15.096659802842478	38.70952291988904	
7.669450497488966	91.31327308677312	43.351267252393825	-46.10070490474383	43.351267252394294	111.54650662156924	-13.25863708149537	-46.10070490474379	-13.258637081495424	36.03295487743197	
7.71799132342244	83.17664777325116	48.39471321743202	-44.808095731371964	48.39471321743247	108.2860396513812	-11.97542472944187	-44.808095731371886	-11.975424729441915	37.43108956793281	
7.766532149355915	76.66891032011941	51.816278525236676	-42.291268316248605	51.81627852523709	106.96353570882538	-11.167793211714004	-42.29126831624848	-11.167793211714036	42.53204956676062	
7.8150729752893895	72.92061179298724	53.772742980781125	-38.45673275235889	53.77274298078147	108.10840372443985	-10.628267257729297	-38.456732752358725	-10.628267257729318	50.54457467784788	
7.863613801222864	72.7818082134641	54.45076084824527	-33.35736879055075	54.45076084824555	112.09921232110113	-10.059153823478363	-33.35736879055054	-10.05915382347837	60.382685827236195	
7.9121546271563385	76.60258274834186	54.041282057819046	-27.230912674943305	54.04128205781928	118.93017731197001	-9.15430707019285	-27.23091267494305	-9.154307070192843	70.82664493502688	
