# Stress in units of bar (10^5 Pa)
# z	Sxx	Sxy	Sxz	Syx	Syy	Syz	Szx	Szy	Szz
0.0	152.9975652302713	-26.290519489900202	-24.123452705018053	-26.29051948990043	9.005497419517889	-55.62349477088746	-24.123452705017574	-55.62349477088723	66.71451093164858	
0.04854082593347447	-79.68881420695176	99.21452089827706	-6.761001665553393	99.21452089827717	130.37696081100498	-10.610127705820766	-6.761001665553641	-10.610127705819957	123.4307615423706	
0.09708165186694893	260.8240804427092	80.21135935178904	4.177712274279188	80.21135935178872	305.4867483999647	16.36382514825026	4.17771227428005	16.36382514824978	122.70134317195266	
0.1456224778004234	282.0836327096972	81.82561961392051	50.505172475829404	81.8256196139201	96.77874868654014	5.527867664145551	50.50517247582944	5.527867664145362	180.25073479076227	
0.19416330373389787	233.2479573204573	16.074682724156826	32.89137189002411	16.074682724158045	560.5129425901462	5.453857464561641	32.89137189002493	5.45385746456162	149.46026079807552	
0.24270412966737234	-100.87255245967266	11.58133540382176	15.825958708149502	11.5813354038213	-82.71282638477732	12.83878762912411	15.825958708149754	12.838787629124537	91.05969423302317	
0.2912449556008468	397.2031545118805	161.39201253477185	10.803745275435507	161.39201253477222	424.671592354503	31.9652764288563	10.803745275435958	31.965276428856114	85.880156849001	
0.33978578153432126	-49.30326527934563	-96.98160753681717	-1.304486296030784	-96.9816075368169	71.17461125069293	22.163122002554438	-1.3044862960306516	22.163122002555347	70.77775649946953	
0.38832660746779574	165.49275773525713	61.8028855370781	-22.244813435043163	61.80288553707771	14.915566719448398	12.336790959509278	-22.24481343504315	12.336790959509296	54.53869316338762	
0.4368674334012702	323.2865950483836	-80.46556978236002	-0.6552015920857334	-80.46556978236005	164.44373015816066	25.389204565801602	-0.6552015920855823	25.389204565801307	72.69363340250051	
0.4854082593347447	-86.92052523973754	-92.9397386822677	24.685263332148885	-92.93973868226729	235.15306450897555	7.079710580297011	24.68526333214876	7.079710580296812	57.186106490374804	
0.5339490852682192	307.57532864947825	13.835765491584825	15.508436850459844	13.835765491584317	-44.798164571841575	-12.267509250303371	15.508436850459372	-12.26750925030288	85.22723075153152	
0.5824899112016936	-61.32024466686907	-139.2321416422305	36.31377806350084	-139.23214164223168	244.59093832331538	-57.188534526205956	36.313778063500905	-57.188534526205586	107.14871120725397	
0.6310307371351681	357.54821810065084	137.8947014991078	36.414619363748876	137.89470149910773	207.40157525852098	-100.57008010305633	36.41461936374916	-100.57008010305637	111.23584222265487	
0.6795715630686425	122.71486844613896	-367.3811022771982	-3.5742402298688574	-367.38110227719807	165.21347789223898	-96.18868268864117	-3.574240229869261	-96.188682688641	126.06073599360433	
0.728112389002117	420.9950388358696	138.12873758541753	-1.8330517139590492	138.12873758541727	-24.10037933834601	-61.15067747548578	-1.8330517139585463	-61.15067747548634	148.5133053358092	
0.7766532149355915	-66.57500602798031	-128.95059820611857	-39.78228379627652	-128.95059820611849	-175.60219781069225	-59.825599128404505	-39.782283796276566	-59.82559912840489	139.48120326981947	
0.8251940408690659	427.6646349061172	3.377354584156251	-26.678698966684475	3.3773545841566723	594.787306560395	-69.44828190114191	-26.678698966684205	-69.448281901142	78.76680819751293	
0.8737348668025404	30.747725764276247	170.7030571881913	-1.019571952244482	170.70305718819105	-114.831689994712	-41.45167887176218	-1.019571952244732	-41.45167887176269	120.41255071897977	
0.9222756927360148	646.0386920035382	-117.88934459013338	-7.545667069138128	-117.88934459013342	471.59706077146654	-1.560127116629741	-7.545667069138544	-1.5601271166304067	129.14206226602957	
0.9708165186694894	-399.1739481482471	144.28304745275366	-20.97058962952696	144.28304745275412	-297.3694945944072	4.215929372147748	-20.970589629527097	4.2159293721477145	87.5177227144059	
1.0193573446029638	301.867678983932	-15.117996532778085	-3.735659979239154	-15.117996532777642	154.89863897378484	10.459370407665165	-3.7356599792388003	10.459370407665308	91.03296085863394	
1.0678981705364383	-112.81535942676501	-87.37521696950216	-3.79281879409057	-87.375216969502	-49.52047242269413	7.099515081433071	-3.7928187940906772	7.099515081433053	145.00436727587788	
1.1164389964699128	44.47998767628998	16.53089314157007	-42.048417024523026	16.53089314156909	-57.922988704191674	-3.4333097728046154	-42.04841702452271	-3.4333097728051625	167.84850528592418	
1.1649798224033872	-246.9003673632075	144.91347828958206	-42.92429055270683	144.91347828958217	-226.19619421078278	-39.65083591700306	-42.924290552706374	-39.65083591700351	167.39820889439633	
1.2135206483368617	377.5598511249978	12.363198934470583	-5.46197104119337	12.363198934470711	212.59072154987945	-16.44603056525497	-5.461971041193381	-16.446030565255004	162.41072664102526	
1.2620614742703362	152.4273964252265	-2.0084045428060904	-19.40993097522657	-2.008404542806359	-218.64829191456263	45.046867209958414	-19.409930975226644	45.04686720995854	206.23247683244603	
1.3106023002038105	29.625603503819196	59.80560343489509	-8.880576839365451	59.80560343489529	134.96168237023517	66.67120842702217	-8.880576839364945	66.67120842702182	190.13693401776985	
1.359143126137285	11.258573420624726	90.27497448702051	2.1902683293556464	90.27497448701972	-297.01985809835554	43.56195410151984	2.1902683293558702	43.56195410151986	210.41680132852596	
1.4076839520707596	58.8069413760723	-3.751159479570606	4.319362648621854	-3.7511594795700143	83.17554602628363	42.44764696592129	4.3193626486219845	42.44764696592131	233.18248199312706	
1.456224778004234	-185.76034281046591	24.99779462544757	4.164785907824948	24.99779462544687	-438.8519413487278	39.75997614353918	4.164785907825348	39.75997614353909	225.45850176839022	
1.5047656039377084	-202.44984216349374	-44.37213344987816	12.66493297240114	-44.372133449878056	-113.59188329684568	-7.846390602705887	12.664932972400663	-7.84639060270574	212.56206942659793	
1.553306429871183	-160.26351473865623	177.77423450890728	9.386334135451191	177.77423450890757	-425.9093568494407	-16.0350156339736	9.38633413545109	-16.03501563397342	258.7943085785334	
1.6018472558046575	-176.12678522107262	-135.79668157065367	-8.132512691429364	-135.79668157065453	-99.79135947904956	49.58742619303199	-8.132512691429287	49.58742619303166	247.6466142240733	
1.6503880817381318	54.84869868990135	74.66549468122234	-20.14627824332473	74.66549468122383	206.83247216496434	111.43819783605741	-20.146278243324932	111.43819783605754	220.01354091970165	
1.6989289076716063	-268.53020869147684	141.2612297056357	24.69862115348332	141.26122970563503	-519.7366880361634	60.993790185999885	24.698621153483813	60.99379018599947	160.7082349337457	
1.7474697336050808	-138.81693181242255	-77.22792127090058	28.625063031420755	-77.22792127089963	-233.32422469810373	23.933849950582406	28.62506303142067	23.933849950583117	175.97938110649073	
1.7960105595385554	110.10891674709872	353.56245941796465	-15.112266526453435	353.56245941796504	-95.05498552893621	-2.7359912550071983	-15.112266526453595	-2.7359912550074057	169.21335603650581	
1.8445513854720297	268.7190511719281	-93.96092128458339	-11.352572809363258	-93.96092128458342	123.01852399801045	-49.953304030304764	-11.352572809363512	-49.95330403030486	160.7273346225299	
1.8930922114055042	-294.6921710159014	147.38245473351128	-46.66804665041754	147.38245473351137	20.874175296983903	-33.18480683631947	-46.66804665041763	-33.184806836319495	217.4347094844439	
1.9416330373389787	102.51450467367155	58.63259987934331	54.16286032038807	58.63259987934305	-170.8106601298062	6.7425931192999	54.162860320388	6.742593119300422	302.3339900781603	
1.990173863272453	-297.1609267783999	-93.500438551816	95.7932168916094	-93.50043855181569	-98.13329974133015	-60.017490998110276	95.79321689161023	-60.01749099811017	323.652864387253	
2.0387146892059276	355.98709626403155	296.6812920339806	-24.11336913290822	296.6812920339797	292.2850275290922	-62.7442128275798	-24.113369132908304	-62.7442128275799	370.07709242281743	
2.087255515139402	111.61122002271232	-42.98722966527954	-118.75693020854327	-42.987229665280225	98.11348725047426	-47.39822351175536	-118.75693020854344	-47.398223511755546	278.1148855905578	
2.1357963410728766	714.775312931114	141.46291015338537	-55.15202358735994	141.46291015338517	396.79051930011406	-37.60377900056361	-55.15202358735942	-37.603779000563904	154.10675904463318	
2.184337167006351	-148.1921641768909	192.29335974072703	14.163397721032208	192.29335974072728	294.98879741813334	-13.544280812891738	14.16339772103255	-13.544280812891385	96.59292197567866	
2.2328779929398257	633.8748785439683	35.842527375131695	19.679970118850235	35.842527375130544	529.4400393050676	28.74608452010979	19.679970118849887	28.746084520109548	173.9623845697995	
2.2814188188733	188.11090094899507	-52.45121824849597	2.9187268035507516	-52.451218248496204	481.92605985928316	58.67795544644385	2.918726803550566	58.677955446443846	224.01753959757303	
2.3299596448067743	461.1828902338061	-143.34045134111437	78.12686339204646	-143.34045134111474	820.3074391573442	-8.05804669959115	78.12686339204633	-8.0580466995911	157.54685574897672	
2.378500470740249	503.12923735737024	-261.20897309401767	98.14894762291263	-261.20897309401767	579.9274990304161	61.13328033878387	98.14894762291242	61.13328033878383	188.17492771136952	
2.4270412966737234	520.4594308670064	329.6542895120518	22.52011960158931	329.6542895120522	562.6222742892392	47.870883369711166	22.52011960158915	47.87088336971124	235.9053407155323	
2.475582122607198	349.21721005501956	0.017278359233403665	69.01446738477945	0.01727835923346806	528.7510124677951	-86.53085817504412	69.01446738477904	-86.53085817504427	331.83580684077646	
2.5241229485406724	1294.0294929958768	-466.28274137368953	74.95194620272636	-466.28274137368896	640.7511288291191	-144.3331548090344	74.95194620272608	-144.3331548090346	235.31986538502954	
2.572663774474147	918.9130445601427	116.77439281411965	108.8923434779734	116.77439281411964	1189.9676221640332	-72.69777886704033	108.8923434779735	-72.69777886704048	10.917802925959702	
2.621204600407621	329.52663887602984	-213.47778371289115	150.87238875978588	-213.47778371289138	626.725651907884	-40.50138097664862	150.87238875978596	-40.50138097664833	-2.2599572513503583	
2.6697454263410956	769.6600679399558	-227.93509448370173	75.83772088502117	-227.93509448370185	463.9100727684099	-35.7363241499701	75.83772088502118	-35.7363241499698	117.88171353207952	
2.71828625227457	628.943028278006	152.59429809972846	111.61230702657072	152.59429809972866	601.2428438073657	-43.17991511725667	111.61230702657079	-43.179915117256485	265.83527007696233	
2.7668270782080446	798.5751042447836	-126.15503737575746	128.72519338352924	-126.15503737575756	705.5281287828084	4.4153029886200414	128.72519338352913	4.415302988620054	332.77799715434463	
2.815367904141519	155.1210823454701	20.533200353823975	115.96320555180627	20.533200353824036	471.3624925002512	-30.570076507549174	115.9632055518064	-30.57007650754925	275.26422109323704	
2.8639087300749937	674.789793818696	-54.01241684624099	2.5243401514803647	-54.012416846240924	768.1588233717794	-19.87299210009751	2.5243401514803843	-19.872992100097466	97.75120909201284	
2.912449556008468	328.9070360002304	-134.21681610390152	-50.196027751794404	-134.21681610390098	467.2037345582608	-29.697477806673405	-50.19602775179443	-29.69747780667347	244.04924875625227	
2.9609903819419423	380.4568252510748	-40.430080372964035	-24.687483127584805	-40.43008037296424	-33.56720222698628	-2.832190325367942	-24.687483127584887	-2.832190325368083	375.6953923775148	
3.009531207875417	177.933704997257	-63.050210899443094	6.477550445285865	-63.05021089944293	174.89930783936663	-65.58171505835196	6.477550445285834	-65.58171505835172	487.2649622266382	
3.0580720338088914	305.701689680542	125.53892680469043	-74.52914415616715	125.53892680469056	355.8347404047883	-9.232216069912917	-74.52914415616708	-9.232216069912877	313.62083903637813	
3.106612859742366	52.85843521956332	-54.61971182951237	-22.08355802997598	-54.61971182951211	116.62730198873307	67.74264759761407	-22.083558029976082	67.74264759761407	236.32783160675308	
3.1551536856758404	211.7901013394223	31.706829462203352	-24.187110091000736	31.7068294622035	-82.60562732556181	18.20275666618565	-24.187110091000875	18.20275666618563	234.31082829556217	
3.203694511609315	-16.711711525110182	76.17352999945965	-60.808898868343036	76.1735299994596	168.044448593326	-5.357824416927821	-60.80889886834313	-5.357824416927802	281.92663315666834	
3.2522353375427895	-15.731060160558874	-38.87621767904769	-66.81673509936883	-38.87621767904772	119.98929796304678	36.03951672778971	-66.81673509936886	36.03951672778968	256.9950585811041	
3.3007761634762636	198.3825989919606	-91.30283204505037	4.505531892402155	-91.30283204505034	-12.82474972521626	137.98427397854482	4.505531892402169	137.9842739785451	221.35987733697604	
3.349316989409738	165.3787015327299	66.60196990137455	-57.91369103848715	66.60196990137445	-10.330252740276707	87.39970544563307	-57.91369103848708	87.39970544563324	280.7951511495477	
3.3978578153432126	42.154552118395245	20.469664451107125	-55.23984301000437	20.46966445110707	66.32368428507205	-42.95479437668561	-55.239843010004336	-42.95479437668558	281.62896627872425	
3.446398641276687	40.81402304927753	-4.363355091470534	-73.39639770284278	-4.363355091470651	152.11125081273084	-54.528843577091536	-73.39639770284288	-54.52884357709145	368.4930759215451	
3.4949394672101617	93.8428037868337	-55.63688735351773	-66.08399842303203	-55.63688735351781	248.43318718359845	17.579076960629177	-66.08399842303221	17.579076960629244	356.63094365296683	
3.543480293143636	201.95151170173995	18.76786422254503	-139.71078339803475	18.76786422254507	163.6579249145027	-25.685757407902287	-139.7107833980347	-25.685757407902425	253.55219861292886	
3.5920211190771107	262.6539026424331	104.8634133228751	-141.40328252590325	104.86341332287519	228.25956778505795	-50.550313290791664	-141.4032825259033	-50.55031329079161	129.19839468340479	
3.640561945010585	-94.77037631331953	153.34835917135132	-116.86666002150075	153.3483591713513	80.63704215405156	-27.255548675217234	-116.86666002150075	-27.2555486752174	22.948944664298395	
3.6891027709440594	-167.90612706264668	70.2195485718769	-103.66136503385474	70.21954857187686	-133.06809322092343	4.925093013909942	-103.66136503385462	4.925093013909908	35.49770037523683	
3.737643596877534	-18.71802546726669	60.87342296452468	15.453377204984642	60.87342296452459	57.849389656836024	-24.10410633747557	15.453377204984564	-24.104106337475624	47.918063467382936	
3.7861844228110084	93.62915085956226	15.750731911929714	41.027629064897326	15.750731911929751	48.50849343422405	-49.02099204916401	41.027629064897404	-49.02099204916406	78.50614745943042	
3.834725248744483	-60.17331736626126	126.82306176059426	108.36181985372139	126.82306176059419	-128.81224960049025	29.182382358251804	108.3618198537214	29.182382358251804	136.1748362172033	
3.8832660746779575	-185.67548164564877	-5.2109159847868805	105.52121275316328	-5.210915984786785	-169.95183416390375	91.88390424441411	105.5212127531634	91.88390424441404	134.2391550116488	
3.931806900611432	-288.6308052423134	-30.05628837953644	47.62320433200302	-30.056288379536333	-75.3800596726222	23.15899330837006	47.62320433200301	23.158993308370018	38.431316046393434	
3.980347726544906	-319.14341710969813	33.70731030948005	-38.59234303343778	33.70731030948006	-185.61767297389525	-47.109884009717945	-38.59234303343776	-47.10988400971794	28.958989283430874	
4.028888552478381	-156.12949990397325	-81.7643390314384	-51.023735136356024	-81.76433903143845	-202.43738860677243	-84.06057417819902	-51.023735136356024	-84.06057417819899	166.49802115049602	
4.077429378411855	29.313499298840302	58.80136708505801	37.90945598744423	58.80136708505786	-192.18975343514344	-68.13376242654735	37.90945598744433	-68.13376242654749	260.0873458191617	
4.12597020434533	-152.41027264774942	128.78742762700034	11.161934981531937	128.78742762700043	43.80152492102384	-41.33545664992708	11.161934981531864	-41.33545664992701	306.56733086064213	
4.174511030278804	-100.01495368227114	-113.66291319781178	-28.764007951361915	-113.66291319781173	-32.23438936012292	13.663274049908406	-28.764007951361805	13.663274049908381	320.27275876203186	
4.223051856212279	-77.1581868693839	127.63360442871749	-98.91128069806328	127.63360442871759	132.3017375415807	30.644759240501312	-98.9112806980633	30.644759240501273	303.48993979496464	
4.271592682145753	-33.85822418203145	112.4593296479206	-92.89754288644336	112.45932964792058	-90.60623813514155	63.07399521587846	-92.89754288644338	63.073995215878675	292.64179972791186	
4.320133508079228	-167.01782260369626	-10.7242147340288	-40.183579634074434	-10.724214734028775	-160.92444074554146	94.9798204735213	-40.183579634074505	94.97982047352137	299.96264601084715	
4.368674334012702	-93.24757329843247	-104.97909030050451	-44.80917279370617	-104.97909030050451	-292.5526596635432	41.26213053142524	-44.809172793706274	41.26213053142533	250.46702690423373	
4.417215159946177	88.25783890548148	-29.308573546691587	-51.1316904976469	-29.308573546691363	-115.16698877956514	38.272485900768835	-51.13169049764666	38.27248590076887	214.40061251313878	
4.465755985879651	195.69236536561826	48.36560464187016	-88.73156964465703	48.36560464187022	252.76774764595146	37.88156140917415	-88.731569644657	37.88156140917414	234.30449729439968	
4.514296811813125	482.32424249371854	10.722063148775675	12.571924361873641	10.722063148775831	90.55615992560885	97.86247321538062	12.571924361873544	97.86247321538082	238.02957268352918	
4.5628376377466	71.14667595262135	5.221868860210688	-41.476389434316665	5.221868860210714	-10.22106520775235	146.08019410144402	-41.47638943431671	146.08019410144408	177.46150135048822	
4.611378463680074	160.54934276466733	-38.547226701218676	-106.37550674851994	-38.547226701218726	172.94251343405296	99.91005121083835	-106.37550674852004	99.91005121083838	206.9183936812051	
4.659919289613549	-143.29262158663894	-69.20198867331015	-88.5468173941953	-69.2019886733102	-48.34845914981879	13.410925496947362	-88.54681739419537	13.410925496947518	136.73455565524182	
4.708460115547023	-34.06418588454826	-53.31476170761444	-63.07105022921529	-53.314761707614515	-133.44353580529926	-84.78806550626882	-63.07105022921528	-84.78806550626894	279.6854633313016	
4.757000941480498	0.7124007355571665	102.40046318019543	-39.292614506886736	102.40046318019539	115.1324174494945	-52.518091426645185	-39.292614506886665	-52.51809142664511	298.95364773348047	
4.805541767413972	206.10795706660554	-27.645391421731592	-36.64533275819408	-27.645391421731492	72.76599786083295	53.285155293503905	-36.64533275819411	53.28515529350373	332.3442345083545	
4.854082593347447	-111.91978499692017	-310.95700285640675	20.461470451277197	-310.9570028564067	-149.62152075352213	90.27982069969387	20.46147045127724	90.27982069969381	222.17209927014446	
4.902623419280921	172.07302114590462	143.6941575479899	22.512516948415367	143.69415754799002	117.10220558477852	36.194264863152405	22.512516948415797	36.19426486315244	189.25137953700315	
4.951164245214396	82.31246636805287	30.99194117166113	38.740418726816465	30.99194117166132	177.8314613292592	79.54575021119891	38.7404187268166	79.54575021119894	205.0693037757454	
4.99970507114787	132.70402832053114	135.9182904445842	75.73207862594515	135.91829044458416	270.6314523612118	59.89498569088367	75.73207862594529	59.89498569088362	273.90989845426765	
5.048245897081345	406.68478374635765	11.366393652625572	44.77004074339604	11.366393652625565	335.80582441218877	-110.02147699886538	44.770040743396216	-110.0214769988654	301.13177441337604	
5.096786723014819	-216.62185730661398	-195.84723768299264	85.99572002999408	-195.84723768299244	306.34624467643334	-126.5637572843019	85.99572002999385	-126.56375728430162	340.12558268690094	
5.145327548948294	248.93888582649245	187.8301618383033	35.888789942055084	187.83016183830318	276.154251649024	-118.66080799328138	35.88878994205515	-118.66080799328137	209.2266492966861	
5.193868374881768	232.20404673730727	-146.0908720279302	51.79160009540417	-146.09087202793012	691.7412852935785	-32.87181292980291	51.79160009540426	-32.87181292980294	98.97027774576628	
5.242409200815242	191.84164360199276	56.4550111442027	-2.612710486594633	56.45501114420217	-68.10631062794765	-72.69286242149872	-2.6127104865943775	-72.6928624214988	135.26845639067525	
5.290950026748717	407.82905864187916	148.0484347967155	-6.227105570254255	148.0484347967151	953.8104445797877	-22.18291487331236	-6.2271055702542055	-22.182914873312203	224.1007701290778	
5.339490852682191	335.0664473478284	-114.87736286909114	-53.8274331486895	-114.87736286909124	216.3179322189166	83.77253955729803	-53.82743314868954	83.77253955729815	382.01826223777965	
5.388031678615666	109.88639609495414	102.17085094081577	12.466869994800353	102.1708509408154	706.6124297386446	112.09166244456449	12.466869994800174	112.09166244456489	290.2867705264639	
5.43657250454914	1189.6909618501347	-51.76799969505086	-43.53730905774392	-51.7679996950507	915.9933925315623	-39.864064612128296	-43.53730905774411	-39.86406461212841	167.39013575978586	
5.485113330482615	386.83631996770447	-101.3348283398463	39.30859002408998	-101.33482833984603	463.7379093511417	-48.34847651198558	39.30859002409006	-48.34847651198515	1.0349112142074075	
5.533654156416089	407.4952120129315	-297.314433871679	-26.496954641295993	-297.3144338716801	508.80226872324016	-71.7410629958755	-26.496954641296092	-71.74106299587513	-0.603955364351138	
5.582194982349564	813.4745120565724	258.3451250002988	-71.04288147954874	258.3451250002981	513.7795796506996	-41.59338427821949	-71.04288147954874	-41.59338427821966	62.33532527588876	
5.630735808283038	411.83516463946523	-68.9680634053196	46.74135984154419	-68.96806340531965	123.91769605742758	34.06501091726713	46.74135984154402	34.06501091726713	120.87102149975317	
5.679276634216513	522.5435497083057	-51.080031938942966	10.989278185355513	-51.08003193894264	760.6575440811262	3.0845247372859195	10.98927818535543	3.0845247372860936	130.30659743493013	
5.727817460149987	502.56025658029864	-135.12823434400931	-23.80150924333891	-135.12823434400823	445.05018399738924	57.08381712354626	-23.80150924333875	57.08381712354613	209.12832230547832	
5.776358286083462	872.2230304973444	10.114237180549987	-138.9193003135836	10.114237180549981	784.1636868913063	26.774329138118425	-138.91930031358325	26.77432913811852	202.66907501807498	
5.824899112016936	187.242478749868	-161.34912906303373	-150.48500066567914	-161.3491290630346	137.77847804064396	-26.62335609143679	-150.4850006656792	-26.623356091437067	131.93851812102943	
5.87343993795041	300.87076719525845	-39.7192551315036	-50.341823440699	-39.71925513150399	-370.98082819830614	-31.70180199109454	-50.34182344069912	-31.70180199109415	119.39580089622895	
5.921980763883885	526.9718564947057	0.8180181109321338	-76.57875699368797	0.8180181109321738	660.2677583354206	-69.92542579455339	-76.57875699368799	-69.92542579455352	236.23563693598504	
5.970521589817359	36.4799189729463	-282.69624901016005	-135.61499825398246	-282.6962490101615	-378.3404517593797	-167.64018668695726	-135.6149982539821	-167.64018668695738	258.58725662922734	
6.019062415750834	147.0079909915265	-58.6032054012092	-186.84961477056515	-58.60320540120868	574.4059514154426	-190.38346771473374	-186.8496147705656	-190.38346771473402	280.21922408231273	
6.067603241684308	-219.67750518558174	66.67422301449783	-124.76111138272283	66.67422301449749	-663.0278556333401	-96.80679354737784	-124.76111138272235	-96.80679354737771	331.74311156316105	
6.116144067617783	363.5132540983048	-86.05222405390977	17.884224049725553	-86.05222405391078	403.13452548983184	12.083745454804882	17.88422404972501	12.083745454804701	241.52756545867354	
6.164684893551257	311.57158097289295	-109.74822198200809	-32.056723508876864	-109.74822198200836	-203.0335029803338	144.87596364787223	-32.056723508877255	144.87596364787206	236.04073336179667	
6.213225719484732	-500.18320153744264	-400.2707819389705	14.884928236499052	-400.2707819389701	-40.9895857620063	95.18884152028735	14.8849282364986	95.18884152028727	264.9075682666173	
6.261766545418206	272.4947516328993	21.968867285628036	70.95775130781955	21.96886728562841	-110.30148892219755	34.32211413119337	70.95775130781914	34.32211413119313	271.9910359631848	
6.310307371351681	-578.9488959501984	-199.74491251099377	11.870165334658418	-199.74491251099303	-86.74670637338524	78.8865268403783	11.870165334658457	78.88652684037852	185.7108608325056	
6.358848197285155	243.91272395848898	30.996861908845485	-47.46098853294823	30.996861908846174	-319.3589546762353	5.998112663647469	-47.460988532947496	5.998112663646928	128.05834297144708	
6.40738902321863	-400.45484478173796	76.77951483801291	-56.24863177574864	76.77951483801219	211.19387119769866	23.115468951188998	-56.24863177574879	23.11546895118878	126.85614175870438	
6.455929849152104	-131.20811936850916	-162.55204562000745	48.65839945318788	-162.55204562000688	-97.47136112309637	35.2148174765058	48.6583994531872	35.214817476505694	204.6141753892346	
6.504470675085579	-98.17081682283549	90.1282946037431	56.64141360582267	90.12829460374256	150.4254526841628	14.605563841646264	56.641413605822805	14.60556384164618	161.16642333993403	
6.5530115010190535	-220.87226122652626	8.657491307022777	40.924330431094745	8.65749130702258	138.02634611703894	44.12317125616679	40.924330431095186	44.123171256166465	93.92991091996483	
6.601552326952527	-37.074319300764884	-51.075479246427534	15.762839767003522	-51.07547924642708	-23.092353626040126	36.50976719282826	15.762839767002916	36.5097671928284	85.16049044838482	
6.650093152886002	-249.3778721233608	-140.5200144226735	-6.50976785910107	-140.52001442267422	-157.20436041504914	-22.5511246354616	-6.509767859100586	-22.55112463546146	59.64483047597814	
6.698633978819476	78.55304946506321	-215.3081039238738	-22.898363392630664	-215.30810392387366	130.06447735609862	-41.30027985111371	-22.89836339263028	-41.300279851113515	41.83786963892271	
6.747174804752951	76.28450499556133	-8.416674511781604	7.165968401798672	-8.4166745117808	-58.08068889384402	-11.889614815530768	7.165968401799378	-11.889614815530546	95.54441055441906	
6.795715630686425	-154.9057758822855	-150.09487580174465	30.90998411136965	-150.09487580174468	-459.82715779125044	-20.164753405328	30.909984111369543	-20.16475340532774	113.05553336259476	
6.8442564566199	244.4936890630097	-133.2398626904178	8.856744796432121	-133.23986269041703	286.6485114706368	-31.54661104758342	8.85674479643292	-31.54661104758285	112.61863526629574	
6.892797282553374	134.2408187689925	-1.783097945097704	0.726420165288271	-1.7830979450988724	8.906585066837533	-10.443996394354379	0.726420165288482	-10.443996394354723	81.60395318972319	
6.941338108486849	185.38702938549324	-37.508092273129265	18.960678819178657	-37.508092273128256	-86.41167466815932	21.458865435917694	18.960678819179027	21.458865435917176	68.01262875237504	
6.989878934420323	-69.84666083255705	-149.40114799556997	18.32238611889938	-149.40114799556991	223.88094489476836	-25.29262284486404	18.322386118899814	-25.292622844864233	76.02382800723409	
7.038419760353798	163.45900949863992	-7.480824749106804	-13.148603337704351	-7.480824749107323	95.6713971574181	-72.61771254686873	-13.148603337703873	-72.61771254686873	136.99989437686838	
7.086960586287272	22.906787598854923	-45.09585838553897	-43.698103421251126	-45.09585838554045	-65.52951254134842	-73.57752874263106	-43.69810342125104	-73.57752874263139	141.69105981873622	
7.135501412220747	516.122456589886	-50.54736111451478	-12.035747376716945	-50.54736111451496	456.8167113742486	-71.0186267490803	-12.035747376717218	-71.0186267490805	147.2997330194798	
7.1840422381542215	315.58926952273714	19.35568147870411	2.598493725676474	19.355681478704636	266.82150629534175	-57.919952792482476	2.5984937256760974	-57.91995279248239	189.99432271125056	
7.232583064087696	167.87477958472545	-124.08009273117464	-48.033798351776646	-124.08009273117511	80.50503111765441	-52.28083198480602	-48.033798351776596	-52.28083198480516	188.20144603464206	
7.28112389002117	218.61603116788876	-3.266345872555846	-35.50858749778606	-3.266345872556289	361.14654792516666	-35.087973883975835	-35.50858749778645	-35.087973883975465	153.69716299255452	
7.329664715954644	56.50390061997377	-75.98927166018576	-16.820982026751125	-75.98927166018612	-42.664057940319125	-27.618803233518484	-16.820982026750926	-27.61880323351923	106.48994157043464	
7.378205541888119	-9.679177188475238	1.1223978596145396	-26.749039158659883	1.1223978596135589	176.6420863618008	3.9199580775300626	-26.749039158659333	3.9199580775304823	122.52403859600564	
7.426746367821593	151.30252058803134	73.83605937856758	-69.91211910328965	73.83605937856774	137.78529080726202	-4.631047494312402	-69.91211910329038	-4.631047494312219	113.89807807203812	
7.475287193755068	28.449718912181147	-202.2959910802277	-65.3828453149015	-202.29599108022734	119.41307607421417	-48.297478118970865	-65.38284531490187	-48.29747811897128	53.87520189814307	
7.523828019688542	263.6509617909471	261.1659575313478	-46.84906481674816	261.16595753134925	188.58476076023655	-44.68780691659946	-46.849064816747884	-44.68780691659929	18.343258210482006	
7.572368845622017	82.49976763637493	-80.99533887927467	-24.276818923251742	-80.99533887927464	12.521401012138185	-24.24161634345243	-24.27681892325154	-24.24161634345315	15.440283286123757	
7.620909671555491	301.1491086735601	-71.03404910692456	-52.262382886178706	-71.03404910692339	298.1658307262166	-19.370227507881513	-52.26238288617929	-19.370227507881456	-24.111575074397553	
7.669450497488966	-46.9492538456724	349.34248152769027	-46.77632235351391	349.34248152769214	-61.05830670179241	16.26572934831248	-46.776322353514274	16.26572934831216	-47.553732085984876	
7.71799132342244	134.56525702988156	-51.45719710925542	-45.73965266502893	-51.45719710925489	94.9607707086371	9.768375773310112	-45.739652665028416	9.76837577331001	-20.56774940223586	
7.766532149355915	-96.38052333478329	25.791089322856394	-67.1390866345283	25.791089322856138	174.7772733044488	18.859976484697597	-67.13908663452841	18.859976484698123	24.98712514105866	
7.8150729752893895	349.16701260972576	105.3091800133024	-72.4030678587232	105.30918001330234	75.47169895467133	7.7413217761354565	-72.40306785872308	7.741321776135852	41.631369350997645	
7.863613801222864	-199.3950156008394	42.35117750425167	-55.78507244329261	42.35117750425216	231.34047523883203	-37.321401336624405	-55.7850724432925	-37.32140133662485	56.20723361166886	
7.9121546271563385	-125.4945483114756	74.95349118721954	-43.296707324728025	74.95349118721984	-165.95476679657207	-38.35141440027977	-43.296707324727095	-38.35141440028037	109.20435938142309	
