# Stress in units of bar (10^5 Pa)
# z	Sxx	Sxy	Sxz	Syx	Syy	Syz	Szx	Szy	Szz
0.0	70.94660294811264	55.29911367085739	-21.022979848569314	55.29911367085751	118.99981478159575	-11.846355170262155	-21.022979848568983	-11.846355170262147	88.5571212062989	
0.04854082593347447	89.66286545411424	54.16794671717916	-11.121132067222014	54.16794671717924	137.7439833033025	-8.83355989673001	-11.12113206722166	-8.833559896729989	99.93072825906282	
0.09708165186694893	109.52912564945815	51.98656777557878	-2.2779461833708057	51.98656777557885	157.4423353438467	-4.325423747030955	-2.2779461833704433	-4.325423747030919	107.29375430906191	
0.1456224778004234	126.5588553824327	47.94699451372941	4.41364067197986	47.94699451372948	173.50918527785083	0.7626682641983882	4.413640671980218	0.7626682641984455	110.05289718761207	
0.19416330373389787	138.3223567269284	41.37406057613736	8.445344498791505	41.37406057613743	182.3688723540137	5.39628797941887	8.445344498791842	5.396287979418949	108.3954379617852	
0.24270412966737234	144.59975979936405	32.02453118605315	10.043100094314134	32.02453118605323	182.85959019607583	8.635218280679933	10.043100094314433	8.635218280680034	103.38678148699091	
0.2912449556008468	146.8135344567967	20.143749769162252	10.041498769637338	20.1437497691623	176.37444261811288	9.70287978298953	10.041498769637585	9.702879782989646	96.78501184759057	
0.33978578153432126	147.13318638211476	6.505816810300587	9.51331925191004	6.505816810300612	166.06950780405703	7.995515993889467	9.51331925191023	7.995515993889591	90.58455901278732	
0.38832660746779574	147.50869242400913	-7.664295497838491	9.311220072854711	-7.664295497838525	155.24677217129036	3.14618667093149	9.311220072854839	3.1461866709316126	86.48806668839427	
0.4368674334012702	149.4529896998855	-21.013800141252947	9.719845719070804	-21.013800141253032	146.19807378054787	-4.8204997252753	9.719845719070879	-4.820499725275189	85.50447618964049	
0.4854082593347447	153.83330592374512	-32.27682479819643	10.38235307306579	-32.27682479819656	139.57836104939466	-15.30415439220629	10.38235307306582	-15.304154392206193	87.78209783598841	
0.5339490852682192	160.9121115886977	-40.4481970861214	10.536775813220704	-40.44819708612157	134.76441114196285	-27.057167885931644	10.53677581322071	-27.057167885931573	92.67948844318657	
0.5824899112016936	170.08166569448917	-44.794336090953564	9.441505216609894	-44.79433609095376	130.71405208740705	-38.343748461140436	9.441505216609892	-38.34374846114039	99.01880681429418	
0.6310307371351681	179.88359841430685	-44.83560853030633	6.772202012194793	-44.835608530306494	126.75388429711631	-47.325217354175365	6.772202012194793	-47.32521735417538	105.44354934522158	
0.6795715630686425	188.13095777570942	-40.47482689775142	2.7939850623995857	-40.474826897751534	122.74226100414822	-52.54745149410477	2.7939850623995923	-52.54745149410485	110.79573021247096	
0.728112389002117	192.34607139912868	-32.24890926407501	-1.765289475277346	-32.248909264075095	118.56701206143359	-53.31623346487146	-1.7652894752773367	-53.3162334648716	114.43566290355432	
0.7766532149355915	190.30711575938926	-21.489105801083234	-6.0651181898763316	-21.489105801083255	113.35140941714363	-49.82919047517302	-6.065118189876326	-49.82919047517321	116.40260392768441	
0.8251940408690659	180.57127011157866	-10.088116752460888	-9.518217408338554	-10.088116752460863	105.3172610411867	-43.04802337606732	-9.518217408338554	-43.04802337606754	117.37420228298006	
0.8737348668025404	163.05460317822326	0.11904642897820494	-11.983373864787984	0.11904642897826356	92.52713179195923	-34.39244475640763	-11.983373864787989	-34.392444756407876	118.42871467471504	
0.9222756927360148	139.48901457465928	8.036545374953533	-13.694959537067367	8.0365453749536	74.12134704058604	-25.34810972860382	-13.694959537067366	-25.34810972860407	120.70610804415654	
0.9708165186694894	113.41299901320359	13.662072421160502	-15.008703868677225	13.662072421160566	51.125104093460465	-17.065249181012586	-15.008703868677204	-17.065249181012824	125.07521418990218	
1.0193573446029638	89.22067877038887	17.799771117198656	-16.128333281096634	17.799771117198702	26.12257692254503	-10.060658159108197	-16.12833328109658	-10.06065815910842	131.89971180195718	
1.0678981705364383	70.60398326035924	21.475289477212034	-16.968267370734864	21.475289477212044	2.0270619981490636	-4.150310688919323	-16.96826737073478	-4.150310688919531	140.98759682761394	
1.1164389964699128	58.86147911295672	25.255804904149848	-17.209496611330724	25.255804904149826	-19.347170302778668	1.3096570656104438	-17.209496611330607	1.3096570656102502	151.72068898389242	
1.1649798224033872	52.15404243457197	29.019777977578798	-16.502678692583984	29.019777977578737	-37.98500582007078	6.957018392526839	-16.50267869258384	6.957018392526665	163.2947705619709	
1.2135206483368617	46.23333379560034	32.20251630476213	-14.68450577567777	32.20251630476204	-55.47693351853065	12.975504683191254	-14.684505775677607	12.975504683191101	174.94739581689913	
1.2620614742703362	36.30136358022169	34.180349995871076	-11.8878125479975	34.18034999587098	-73.88737207309107	18.945894699560498	-11.887812547997335	18.945894699560373	186.07428371851435	
1.3106023002038105	19.25031413811324	34.739597883790196	-8.51500861467984	34.7395978837901	-94.46024360477394	24.110286340773992	-8.51500861467968	24.110286340773897	196.213339148133	
1.359143126137285	-4.93072958219501	34.14713703488099	-5.0919627543943475	34.1471370348809	-116.6986439236467	27.870085749773963	-5.09196275439421	27.870085749773892	204.95050834563725	
1.4076839520707596	-33.174452814384956	33.164703702304394	-2.097133777733243	33.16470370230432	-138.3686069688976	30.16282530948228	-2.0971337777331325	30.162825309482237	211.8353653781083	
1.456224778004234	-60.576540688555525	32.80197922989569	0.1672990761284081	32.80197922989564	-156.40408596740718	31.439243809292247	0.1672990761284865	31.43924380929222	216.38802890434022	
1.5047656039377084	-82.19137409795944	34.035689410295376	1.6321140830089302	34.035689410295376	-168.15761024830607	32.22662299029425	1.6321140830089775	32.22662299029424	218.22607880663168	
1.553306429871183	-94.54586506745099	37.54077690970054	2.421721922461589	37.54077690970058	-172.3227537443038	32.59578865795287	2.4217219224616118	32.595788657952866	217.3269551163882	
1.6018472558046575	-96.38901206763349	43.37545345262157	2.7510254184823335	43.37545345262166	-168.87790914943844	31.934446244475787	2.7510254184823397	31.934446244475794	214.30717638129806	
1.6503880817381318	-88.61499527833683	50.89301838821788	2.8287443280512474	50.89301838821804	-158.48697770357393	29.2290005936527	2.8287443280512425	29.229000593652714	210.55647092693692	
1.6989289076716063	-73.56720311949778	58.8518976188557	2.806595081577126	58.851897618855865	-141.74786370520502	23.691615442449372	2.8065950815771172	23.691615442449397	208.0369973720047	
1.7474697336050808	-53.99394630115404	65.85507943140135	2.75770191283277	65.85507943140153	-118.9950389753862	15.310190971378296	2.757701912832761	15.31019097137833	208.688698771391	
1.7960105595385554	-31.831152786239535	70.92289190102996	2.6295955239695483	70.9228919010301	-90.40262546246622	4.987601170028086	2.6295955239695474	4.98760117002813	213.6020315082011	
1.8445513854720297	-7.316735309203866	73.90997716795327	2.1933827330824345	73.90997716795336	-55.97252877286968	-5.781504761305421	2.193382733082448	-5.78150476130537	222.30661600748988	
1.8930922114055042	21.0972421406341	75.36382040931983	1.0980832870291364	75.36382040931983	-15.293141195864447	-15.403280306535553	1.0980832870291675	-15.4032803065355	232.60606874555313	
1.9416330373389787	55.63800257512143	75.97327871752609	-0.8822482641914604	75.973278717526	32.47603324900557	-22.55639300032086	-0.8822482641914027	-22.556393000320817	241.1905969985911	
1.990173863272453	97.46123484209122	75.83336268029724	-3.4578596076172556	75.83336268029707	88.20483838722114	-26.35426671499434	-3.457859607617174	-26.35426671499431	244.9033736742001	
2.0387146892059276	145.53872869325932	73.96891901745829	-5.607930907760099	73.96891901745806	151.84555422523252	-26.40804392967118	-5.607930907760007	-26.408043929671166	242.12683676255273	
2.087255515139402	196.99789868383615	68.66152613702243	-5.817088821804792	68.66152613702215	221.88999712002985	-22.917339944252895	-5.817088821804707	-22.9173399442529	233.5477674959892	
2.1357963410728766	248.67341188463618	58.360039215285624	-2.71608757750567	58.36003921528531	295.27167860944996	-16.797036244094517	-2.7160875775056077	-16.797036244094535	221.85866048301241	
2.184337167006351	298.92376548566006	42.658473110530224	4.239933390284896	42.658473110529926	368.0226255339863	-9.690725472392922	4.239933390284923	-9.69072547239295	210.50900424044792	
2.2328779929398257	348.2763979569583	22.800456597765194	14.516499990653408	22.800456597764924	436.13758349839065	-3.724713254823289	14.516499990653388	-3.72471325482332	202.15646490566368	
2.2814188188733	398.69414607543683	1.1477065646804352	26.803663553590148	1.147706564680215	496.55688156580567	-0.9687317474643313	26.803663553590077	-0.9687317474643624	197.58790937067454	
2.3299596448067743	451.7607869441531	-19.87734791727573	39.64524474590273	-19.877347917275884	547.704364040541	-2.7634430705030137	39.64524474590262	-2.763443070503042	195.61693381305057	
2.378500470740249	506.9517578955478	-38.73295493823507	51.97028912093742	-38.73295493823515	589.3961928988483	-9.164678624740011	51.970289120937295	-9.164678624740045	193.91913866994662	
2.4270412966737234	560.8060609613761	-54.867634393430755	63.23958260936783	-54.86763439343076	622.1405496277348	-18.78885054789696	63.23958260936768	-18.788850547896985	190.4481314073521	
2.475582122607198	607.5388775901531	-68.00631550448563	73.20958616376919	-68.00631550448558	646.0442397816805	-29.210550196618158	73.20958616376906	-29.210550196618165	184.7353312959584	
2.5241229485406724	640.8823938462826	-77.5627001705547	81.55463109121152	-77.56270017055465	660.3206201262012	-37.82909240958962	81.5546310912114	-37.82909240958961	178.41700198541787	
2.572663774474147	656.3214293257302	-82.61039069765286	87.58830239916105	-82.61039069765282	663.7219765565371	-42.812844027401646	87.58830239916097	-42.812844027401624	174.5748132533943	
2.621204600407621	652.5524963191406	-82.63951479119271	90.28395167231105	-82.63951479119264	655.4570688113037	-43.66079018177986	90.28395167231099	-43.660790181779824	176.2024661574651	
2.6697454263410956	631.3786639718859	-78.2313944627207	88.55468868079399	-78.23139446272066	635.645685998638	-41.14162873024718	88.55468868079393	-41.14162873024712	184.7139394515782	
2.71828625227457	596.5143631240466	-70.99092831841274	81.67857975911133	-70.99092831841268	604.9786917169847	-36.699647600217986	81.67857975911133	-36.69964760021793	199.43232614096593	
2.7668270782080446	551.995964803828	-62.796127453243585	69.69591152840405	-62.796127453243535	564.0700503714027	-31.717020887612144	69.69591152840405	-31.717020887612087	218.21149051452574	
2.815367904141519	501.2955615865577	-54.82157711634377	53.61624325112295	-54.82157711634369	513.4985184894304	-26.978810587540163	53.61624325112295	-26.97881058754012	238.5080440336787	
2.8639087300749937	447.00803339326734	-47.14398769107267	35.272400537554574	-47.14398769107258	454.5855744416541	-22.5216268647511	35.27240053755456	-22.521626864751063	258.05223971833084	
2.912449556008468	391.19827111162317	-39.13843508764541	16.84825034140113	-39.138435087645306	390.2519704988416	-17.83602104568465	16.848250341401116	-17.836021045684625	274.875713625071	
2.9609903819419423	335.68453947073385	-30.300078677674886	0.2541190560865907	-30.300078677674776	324.90665071260014	-12.260245575091647	0.2541190560865685	-12.26024557509162	287.2052291455386	
3.009531207875417	282.3986370666474	-20.891203298782663	-13.345459275561321	-20.891203298782553	263.3703022877056	-5.375650479170613	-13.34545927556135	-5.375650479170587	293.7589982029201	
3.0580720338088914	233.44380594377742	-11.964047285836582	-23.67957481645635	-11.964047285836475	209.46558746763367	2.734946352373776	-23.679574816456384	2.7349463523738056	294.38695300118536	
3.106612859742366	190.9580093031003	-4.76760905411453	-31.198535596341962	-4.767609054114438	165.33583704312684	11.402702178449642	-31.198535596341998	11.40270217844968	290.4426053435	
3.1551536856758404	156.67536814282698	-0.07310591374094244	-36.75509412344401	-0.0731059137408745	131.65508197675393	19.46311766769628	-36.755094123444046	19.46311766769633	284.40330884963373	
3.203694511609315	131.46871532248957	2.2445288946464235	-41.351394919691685	2.244528894646466	108.28871015119053	25.49554298852462	-41.35139491969173	25.495542988524676	278.8216995911693	
3.2522353375427895	114.93065406326377	3.1838546838557886	-45.954631971809775	3.1838546838558073	94.80714242993061	28.186893796673896	-45.9546319718098	28.186893796673964	275.16120273516555	
3.3007761634762636	105.41883341147957	4.131807185496038	-51.33985157776024	4.13180718549604	90.3730282589684	26.764818810069016	-51.339851577760285	26.764818810069077	273.07933530787534	
3.349316989409738	100.44260875967872	6.441551251419764	-57.87385787104224	6.441551251419746	93.27178287677592	21.365558146105798	-57.87385787104228	21.36555814610587	270.4354954778209	
3.3978578153432126	97.07999768220361	11.092138999451798	-65.2482298862332	11.092138999451771	100.43009622832594	13.115443956765134	-65.24822988623325	13.11544395676519	264.0547552218401	
3.446398641276687	92.42328509082029	18.418892186210527	-72.30741937730232	18.418892186210496	107.53850616755096	3.8117769742208956	-72.30741937730235	3.8117769742209373	251.02913215182707	
3.4949394672101617	83.9054337189736	27.993041397412963	-77.1303613359457	27.993041397412934	109.95179057996518	-4.663754808004255	-77.13036133594572	-4.66375480800423	230.1069001355061	
3.543480293143636	69.81549957270084	38.53633941964477	-77.48960901477672	38.53633941964474	104.11200799874993	-10.882934935526464	-77.48960901477673	-10.88293493552646	202.55050149407035	
3.5920211190771107	49.6647197537793	48.14109289646933	-71.61388858973119	48.14109289646932	88.61493098720508	-14.143738470958809	-71.6138885897312	-14.143738470958823	171.9698426968966	
3.640561945010585	24.25675822562914	54.84483807394872	-59.03102035231676	54.84483807394871	64.46363243831121	-14.470152023403966	-59.03102035231676	-14.470152023403998	143.08902160352687	
3.6891027709440594	-4.7943098852102075	57.26640707671943	-41.09157871261485	57.26640707671942	34.37822072765654	-12.498878217629033	-41.09157871261483	-12.49887821762907	120.09876248790665	
3.737643596877534	-35.64319567711734	55.09693007513906	-20.84649211672899	55.09693007513906	1.7238799699989968	-9.348599698697495	-20.846492116728975	-9.348599698697537	105.45521173083324	
3.7861844228110084	-66.41626245215987	49.13959859890906	-2.1898643427894413	49.13959859890906	-30.304898077681397	-6.439007962209394	-2.189864342789418	-6.439007962209439	99.72646535212763	
3.834725248744483	-94.89901417490066	41.03108251953556	11.399827876958799	41.03108251953556	-58.91066439981814	-5.120111642035947	11.39982787695882	-5.120111642035984	102.32586765922628	
3.8832660746779575	-118.3702731482966	32.74650216408459	17.95287768055515	32.746502164084596	-81.63069828845828	-6.114948092749815	17.952877680555176	-6.114948092749843	112.4273394994988	
3.931806900611432	-134.07294287835484	26.07466313192226	17.42147819134641	26.07466313192227	-96.48644603777441	-9.022655608303406	17.421478191346438	-9.022655608303435	129.32670590601904	
3.980347726544906	-140.32618715209014	22.15441079880008	11.263763549494088	22.154410798800086	-102.45874572395628	-12.25441842846931	11.263763549494113	-12.254418428469329	152.06990033592572	
4.028888552478381	-137.34300128299412	21.1536644195606	1.564729080894917	21.153664419560613	-100.1370803160545	-13.59374605755357	1.564729080894941	-13.59374605755358	178.80864043896446	
4.077429378411855	-127.06972541962614	22.21547922409099	-9.736726999355245	22.21547922409101	-91.98465721870866	-11.154608454739222	-9.736726999355223	-11.154608454739224	206.54355401278215	
4.12597020434533	-111.92407647258298	23.778000269467775	-21.172572617675744	23.778000269467796	-81.65641149239819	-4.229261995903476	-21.172572617675723	-4.229261995903464	231.65040697478838	
4.174511030278804	-93.38201720683978	24.17090038063761	-31.664517953209376	24.170900380637644	-72.4602217938671	6.4449663251499	-31.664517953209366	6.444966325149924	250.8866299930395	
4.223051856212279	-71.33358558733015	22.263910081668325	-40.38612327215115	22.263910081668364	-65.7358565050271	19.09771114341768	-40.38612327215115	19.097711143417715	262.34397393040854	
4.271592682145753	-44.76134952305749	17.889396774670942	-46.793201424974384	17.889396774671	-60.185555417336445	31.728143045322994	-46.79320142497437	31.728143045323044	265.83952561294535	
4.320133508079228	-13.315754013070878	11.832602627028828	-50.798797723987654	11.832602627028885	-52.8421820351266	42.79178743774595	-50.79879772398765	42.79178743774601	262.69204349616564	
4.368674334012702	21.124084496620846	5.299045425537856	-52.84760800126272	5.299045425537918	-41.219854144493816	51.42065968804148	-52.84760800126273	51.42065968804155	255.12721537140322	
4.417215159946177	54.08478511281511	-0.7044870500946185	-53.729777413395624	-0.704487050094559	-25.17578870027718	57.170627290945085	-53.729777413395624	57.170627290945156	245.65431643574564	
4.465755985879651	79.80877197255253	-5.808352452610577	-54.19281564843558	-5.808352452610523	-7.267242733159955	59.66600165743914	-54.192815648435584	59.66600165743921	236.61580639726628	
4.514296811813125	93.71946837300625	-10.203562517418106	-54.516636175663706	-10.203562517418057	8.69019180189834	58.56201394645398	-54.51663617566372	58.56201394645404	229.9086864330333	
4.5628376377466	94.79281438807158	-14.224641900041426	-54.307964433656316	-14.224641900041393	19.848812382417695	53.90989143785578	-54.30796443365632	53.909891437855826	226.74693828724648	
4.611378463680074	86.17678441472435	-17.963889058856495	-52.607019211268565	-17.963889058856466	25.925916324534562	46.61692530654631	-52.60701921126857	46.61692530654635	227.4336437524069	
4.659919289613549	73.83351608369335	-21.054056700159162	-48.300410680420114	-21.054056700159144	29.29289433842885	38.452127653398094	-48.30041068042013	38.45212765339812	231.25193478244157	
4.708460115547023	63.96695317828676	-22.795920983775105	-40.630536269262365	-22.795920983775098	34.01337045303754	31.355808156020373	-40.63053626926235	31.35580815602038	236.67648398188712	
4.757000941480498	60.72591555610239	-22.414101404743604	-29.578099535636568	-22.41410140474359	44.218346079304524	26.367520413159085	-29.578099535636525	26.367520413159088	241.96591648426983	
4.805541767413972	65.27932075464781	-19.421540337444462	-15.951215746837233	-19.42154033744443	62.9783821556476	22.91096997873892	-15.95121574683717	22.910969978738912	245.86209623554782	
4.854082593347447	76.40679245118677	-14.052000235770926	-1.1944682681831704	-14.052000235770892	91.50810005018852	19.018219107447393	-1.1944682681830832	19.01821910744738	247.96074875008173	
4.902623419280921	91.71542544237087	-7.364126864572661	12.964151852126577	-7.3641268645726115	129.02285370357353	12.46853342540092	12.96415185212668	12.468533425400912	248.47612396444399	
4.951164245214396	109.10818178935018	-0.9403065652749163	24.854504811153014	-0.9403065652748737	173.11503622022377	2.1849834701257596	24.85450481115312	2.1849834701257613	247.66113500475197	
4.99970507114787	127.69551970451485	3.880624197695324	33.143649645428866	3.880624197695348	220.59454331185742	-10.910481245874799	33.14364964542898	-10.910481245874788	245.42379099934175	
5.048245897081345	148.1061402773089	6.587552174905758	37.02790856010518	6.587552174905763	268.5427289197567	-24.095023955939126	37.027908560105274	-24.095023955939098	241.50338463381325	
5.096786723014819	172.1886179662347	7.569298658827467	36.35153163908389	7.569298658827432	315.1960518270069	-33.99060131895085	36.35153163908397	-33.99060131895081	235.9770156072367	
5.145327548948294	202.1224169095237	7.472394384239919	31.656721501504588	7.472394384239841	360.0355245755017	-38.06360536159207	31.65672150150465	-38.06360536159201	229.46677174126066	
5.193868374881768	239.44106933521098	6.475180075632963	24.10619734633711	6.47518007563286	403.187306725713	-35.74594818826906	24.10619734633716	-35.745948188269	222.6442645288747	
5.242409200815242	284.15070703330167	4.031895034237704	15.236420135562692	4.0318950342375555	444.2871062588583	-28.645430873089282	15.236420135562728	-28.6454308730892	215.38597772289629	
5.290950026748717	334.4497931098043	-0.658878743224717	6.58224895320963	-0.658878743224899	481.6423990630424	-19.784215776241766	6.582248953209643	-19.784215776241663	206.43427839886436	
5.339490852682191	386.77763411947274	-7.883625852269528	-0.7263779232918124	-7.8836258522697165	512.2094884652993	-12.245495703839612	-0.7263779232918196	-12.245495703839497	194.11680287691104	
5.388031678615666	436.4568281015238	-16.924860399942528	-6.235449833966939	-16.924860399942737	532.5194715764177	-7.883930999940286	-6.235449833966966	-7.883930999940152	177.81208501768467	
5.43657250454914	478.81071846857077	-26.239602560514957	-10.222195676114278	-26.23960256051517	540.4137420893919	-6.723571457952756	-10.222195676114318	-6.72357145795262	159.05422900680162	
5.485113330482615	510.3370198032677	-34.29938009830497	-13.547700784993268	-34.29938009830518	535.9833704204225	-7.341840375681789	-13.54770078499331	-7.341840375681652	141.35206643503548	
5.533654156416089	529.433155077186	-40.44250697980014	-17.38875213530848	-40.442506979800314	521.445870443026	-7.988529842578395	-17.38875213530852	-7.988529842578274	128.6927780716958	
5.582194982349564	536.1567646297278	-45.112340074255414	-22.92443992938811	-45.11234007425558	499.37635933385343	-7.770828763846066	-22.92443992938814	-7.77082876384597	123.73387332312474	
5.630735808283038	531.2283213608035	-49.45460532377634	-30.96816161974607	-49.45460532377645	470.9191724516653	-7.237876080659219	-30.968161619746084	-7.237876080659149	126.80326082837269	
5.679276634216513	515.1405974621342	-54.44397933311885	-41.64209610864976	-54.44397933311895	435.1526577438866	-8.076025299604154	-41.64209610864976	-8.076025299604106	136.23341211327954	
5.727817460149987	487.81457293753624	-60.37348780346515	-54.21835476613684	-60.37348780346527	390.3639797812824	-12.134224935940974	-54.21835476613683	-12.134224935940953	149.59297575542905	
5.776358286083462	449.2798347443269	-66.80947680101211	-67.22819297616022	-66.80947680101224	336.2120147151998	-20.28722042299707	-67.22819297616019	-20.28722042299707	164.90357650257624	
5.824899112016936	400.57191318290336	-73.00795124990901	-78.82492693009834	-73.0079512499092	275.1381219444269	-31.660920896615455	-78.82492693009833	-31.660920896615472	181.09061033558342	
5.87343993795041	344.3126290910922	-78.45123394020803	-87.17953658350234	-78.45123394020827	211.87056407663533	-43.560632696806096	-87.17953658350231	-43.560632696806124	197.6138082011088	
5.921980763883885	284.3483884070677	-83.0888396028694	-90.78907095432832	-83.08883960286968	151.5420879261432	-52.19820869862548	-90.78907095432834	-52.19820869862553	213.7594829806418	
5.970521589817359	224.68112017660587	-87.37329373707524	-88.69363771529599	-87.37329373707557	97.92708599871987	-54.013574434210774	-88.69363771529603	-54.01357443421084	228.22977518060978	
6.019062415750834	168.18967523044432	-91.89855148687226	-80.74191334166107	-91.89855148687256	52.628560061750335	-47.13707903369772	-80.74191334166113	-47.1370790336978	239.316193107155	
6.067603241684308	115.89012382554108	-96.76399608859057	-67.83748932055188	-96.76399608859082	15.674980324542432	-32.31286258046065	-67.837489320552	-32.312862580460745	245.44959425377812	
6.116144067617783	67.36496144491733	-101.07451538694127	-51.94757295673131	-101.07451538694144	-13.47665949868211	-12.756905587519238	-51.94757295673145	-12.756905587519348	245.74667258076084	
6.164684893551257	21.803195628168744	-102.95941986650195	-35.628792035541046	-102.95941986650202	-35.118217143717935	7.07673352520059	-35.628792035541196	7.076733525200463	240.2331116442199	
6.213225719484732	-20.712522583580053	-100.43199118918214	-21.209190461797114	-100.43199118918216	-48.93430334287482	23.191923425258032	-21.20919046179727	23.191923425257897	229.73993412817495	
6.261766545418206	-58.77831055423984	-92.55493982528971	-10.011879852776413	-92.55493982528961	-54.30444132728573	33.36236202042006	-10.011879852776552	33.362362020419916	215.6085138227337	
6.310307371351681	-90.28840248684283	-80.33494299902063	-2.0831945406409544	-80.33494299902051	-51.209917662727705	37.457306836021075	-2.0831945406410646	37.45730683602093	199.33423192763254	
6.358848197285155	-113.31792850308776	-66.57250543717964	3.410909431180274	-66.5725054371795	-41.01920907673387	36.8095128083941	3.4109094311801984	36.80951280839397	182.2273807547482	
6.40738902321863	-126.815584424899	-54.864398775287064	7.439268366330304	-54.86439877528696	-26.90283491805024	33.18257973825	7.43926836633026	33.18257973824986	165.1952736442832	
6.455929849152104	-130.60504808125262	-48.24595677315965	10.50191163676587	-48.24595677315959	-13.183955750058416	27.947174833155678	10.501911636765861	27.947174833155564	148.7517171715688	
6.504470675085579	-125.16258942235885	-48.18818694478535	12.544994580722191	-48.188186944785315	-3.951213916081967	21.815729122222827	12.54499458072222	21.81572912222275	133.2649217452116	
6.5530115010190535	-111.25592376635366	-54.173728753841516	13.33276371191343	-54.173728753841495	-1.466253643293701	15.067792896166775	13.332763711913504	15.067792896166738	119.25860815636383	
6.601552326952527	-89.97105161932379	-63.98967354595561	12.884623196064858	-63.98967354595559	-5.246012252524386	7.943951906685422	12.88462319606499	7.943951906685431	107.49305725411563	
6.650093152886002	-62.850887927033114	-74.56084126221194	11.623663999231796	-74.5608412622119	-12.356136878740015	0.8762046185748824	11.623663999231988	0.8762046185749326	98.71923596604887	
6.698633978819476	-31.94059956455309	-82.95410495662547	10.15050931964157	-82.95410495662541	-18.403503068570288	-5.585714844626671	10.150509319641818	-5.5857148446265965	93.31718222743886	
6.747174804752951	0.32163112745145206	-87.29345295937524	8.867674386729805	-87.29345295937517	-19.279710079761607	-11.06505692783296	8.8676743867301	-11.06505692783288	91.1202524340234	
6.795715630686425	31.64242733640022	-87.13381970601216	7.75816168332889	-87.13381970601208	-12.266584116910256	-15.6224174490087	7.758161683329213	-15.622417449008637	91.5824403010844	
6.8442564566199	60.477643977177976	-83.2405804673853	6.438703633741832	-83.24058046738526	3.218075362597297	-19.77197735945358	6.438703633742166	-19.77197735945355	94.1655086541339	
6.892797282553374	86.45126842984617	-77.02699076134388	4.431844229548057	-77.02699076134388	25.949107189180868	-24.205823263046984	4.431844229548382	-24.205823263046998	98.61379617186164	
6.941338108486849	110.31570820588648	-69.86755217105164	1.4367698334864634	-69.8675521710517	53.577558350513016	-29.352281345478644	1.4367698334867551	-29.352281345478698	104.89467500143715	
6.989878934420323	132.91460788113278	-62.821167981858935	-2.5352247729392032	-62.821167981859084	83.31460579417056	-35.03632241222883	-2.535224772938961	-35.0363224122289	112.83978861642966	
7.038419760353798	154.10734111213233	-56.46410145730619	-7.198912330617656	-56.4641014573064	112.26578079051222	-40.46103292622035	-7.198912330617479	-40.46103292622042	121.7648503392043	
7.086960586287272	171.95492025466436	-50.968270259387836	-12.155753141592301	-50.9682702593881	137.54827032213348	-44.51690733514545	-12.155753141592193	-44.51690733514549	130.34743687047907	
7.135501412220747	183.4119598030099	-46.20030768514395	-17.074023564255327	-46.20030768514423	156.55484418410765	-46.28174422963376	-17.07402356425528	-46.28174422963376	136.86222245224317	
7.1840422381542215	185.93564712421067	-41.6912021370387	-21.796659602763196	-41.691202137038985	167.58355593378496	-45.430939915830876	-21.796659602763206	-45.43093991583085	139.63797143129256	
7.232583064087696	179.26655821767278	-36.77506387857818	-26.318266142489005	-36.77506387857844	170.45603007859296	-42.36408044432153	-26.31826614248905	-42.36408044432147	137.51355461755043	
7.28112389002117	165.98425816439948	-30.760715842941885	-30.67563225933449	-30.760715842942098	166.68528333373592	-38.01052514481971	-30.67563225933455	-38.010525144819646	130.09326393622433	
7.329664715954644	150.52096091014485	-23.144063886895538	-34.829926842141795	-23.144063886895662	158.85933308140693	-33.41807711295124	-34.829926842141866	-33.41807711295119	117.74941769564572	
7.378205541888119	137.15081863633026	-13.76063277909461	-38.62300214234709	-13.760632779094614	149.65034869448428	-29.32689231607436	-38.623002142347175	-29.326892316074346	101.46977631942562	
7.426746367821593	128.11448724132939	-2.7850107234250316	-41.84284154994509	-2.785010723424893	140.87022783045614	-25.922812065041715	-41.842841549945184	-25.92281206504174	82.70425763167718	
7.475287193755068	122.97178396004335	9.279445482109054	-44.35888524740253	9.279445482109345	133.1804840390606	-22.900744924487608	-44.35888524740262	-22.90074492448766	63.24701471368078	
7.523828019688542	119.28949425581308	21.666223886317148	-46.22000823245378	21.66622388631759	126.43617531910627	-19.793171471701946	-46.220008232453864	-19.793171471702028	45.137308060210714	
7.572368845622017	114.12909069913368	33.39772272697318	-47.62282465854074	33.39772272697373	120.20583247721949	-16.38075454990135	-47.62282465854081	-16.380754549901447	30.454393561654438	
7.620909671555491	105.52128850265957	43.42833117862637	-48.73752360321848	43.428331178626976	114.14793855702405	-12.937403756591513	-48.73752360321852	-12.937403756591602	20.98709313416748	
7.669450497488966	93.25982821233077	50.915633382038145	-49.50038626600592	50.915633382038735	108.22351106208248	-10.147192631771814	-49.50038626600592	-10.147192631771883	17.847076875559395	
7.71799132342244	78.862453820111	55.50811193923289	-49.510383425184315	55.508111939233416	102.6270253046052	-8.72336823144693	-49.51038342518427	-8.723368231446976	21.191995460819477	
7.766532149355915	65.0817959209963	57.49802371064504	-48.114231951365205	57.49802371064547	97.98640326863698	-8.94874338915729	-48.114231951365085	-8.948743389157318	30.20005409005411	
7.8150729752893895	55.19822263772784	57.671600064928185	-44.65326235292887	57.67160006492852	95.60355129785302	-10.414210528049992	-44.6532623529287	-10.414210528050004	43.3192555086412	
7.863613801222864	52.129072928177266	56.97892635213749	-38.77050952516123	56.978926352137734	97.34629501482473	-12.117555819080442	-38.77050952516099	-12.117555819080446	58.65421889670245	
7.9121546271563385	57.533476204675395	56.12249469837631	-30.640843211622595	56.12249469837647	104.96956375236368	-12.878373962090338	-30.640843211622304	-12.878373962090336	74.30682111918844	
