# Stress in units of bar (10^5 Pa)
# z	Sxx	Sxy	Sxz	Syx	Syy	Syz	Szx	Szy	Szz
0.0	75.34107593698444	-61.47365127667231	-22.87014792844987	-61.47365127667161	214.10746100900639	49.612954091967374	-22.870147928450262	49.61295409196785	-344.47907974543193	
0.0523721640968285	-11.384444254341702	-56.52324332179084	-44.32984794034206	-56.523243321790275	77.0636237165212	29.286369593911246	-44.32984794034243	29.286369593911765	-326.2949457437188	
0.104744328193657	-131.68165722866505	-59.38496875829349	-68.13479451996939	-59.3849687582928	-77.93100829284367	8.740479696514845	-68.13479451996969	8.740479696515411	-302.0918067165965	
0.15711649229048552	-261.4467919371406	-71.40878831224501	-88.1075383306859	-71.40878831224406	-234.56662770520919	-10.98017577362255	-88.10753833068611	-10.980175773621943	-268.88981023298174	
0.209488656387314	-372.7239438740885	-94.71901693983092	-98.86408786771221	-94.71901693982961	-371.41404134062617	-28.569381108394907	-98.86408786771236	-28.56938110839428	-224.41443553165402	
0.2618608204841425	-444.3438450286261	-132.18826898347504	-97.84723819708194	-132.18826898347336	-468.7994694519857	-42.66686285751671	-97.84723819708202	-42.66686285751611	-168.92622692921282	
0.31423298458097104	-468.94604498201267	-186.9776524505487	-86.28472371475883	-186.97765245054669	-514.8223940811579	-52.45813548686982	-86.28472371475885	-52.4581354868693	-106.42475486925161	
0.36660514867779953	-453.4743987284838	-260.9910527160627	-68.58166576065905	-260.9910527160606	-508.46294292723974	-58.24619739257031	-68.58166576065905	-58.24619739256996	-44.51798360267307	
0.418977312774628	-414.54053123224924	-352.1051899993256	-50.373220087634884	-352.10518999932344	-458.70420418579465	-61.38504625852062	-50.37322008763479	-61.38504625852049	7.427678785119991	
0.4713494768714565	-371.6234534788154	-452.76638665566156	-36.13554498509913	-452.7663866556595	-381.2623312293713	-63.31835248968542	-36.135544985098875	-63.318352489685545	41.48249059676475	
0.523721640968285	-340.6640906001143	-550.7132239639615	-27.432597730930876	-550.7132239639596	-294.49520630867414	-64.21968842904265	-27.432597730930397	-64.21968842904296	54.408288257596155	
0.5760938050651135	-330.05051075825463	-631.5247630407698	-22.573093549708553	-631.5247630407681	-215.44358314493692	-62.25706359016295	-22.573093549707814	-62.257063590163376	49.28985299366928	
0.6284659691619421	-338.79254705910984	-682.6535828863575	-17.689329923274663	-682.653582886356	-155.7986725760705	-54.156502377803776	-17.68932992327366	-54.156502377804244	34.432686833586885	
0.6808381332587705	-358.0088703260902	-696.5017838520921	-8.620873963365236	-696.501783852091	-120.24076627435272	-36.8285849527898	-8.620873963364012	-36.82858495279029	19.680920767948365	
0.7332102973555991	-374.80119961145016	-672.7081968471722	7.284428938599312	-672.7081968471713	-106.14080075503907	-8.939928139851954	7.284428938600687	-8.939928139852459	11.93324791442333	
0.7855824614524275	-377.8444048779363	-618.2342069966489	30.276752515244304	-618.2342069966483	-106.93649268563608	28.407518983603058	30.276752515245715	28.40751898360253	12.27860238233205	
0.837954625549256	-361.90222937515375	-545.5547557646083	58.54931300476018	-545.554755764608	-115.97645126457734	71.97463278337106	58.5493130047615	71.9746327833705	16.332201267011534	
0.8903267896460846	-328.64524713234806	-469.35661372400193	89.54252570024981	-469.35661372400205	-128.84676782575437	116.99450350574627	89.54252570025088	116.99450350574563	17.50894616115042	
0.942698953742913	-283.34578658205885	-402.7087340038406	121.5343984686623	-402.7087340038411	-143.5897571066223	157.75984115982916	121.53439846866299	157.75984115982848	11.298321527797825	
0.9950711178397416	-230.03588248804294	-353.83859083961113	154.7498380513968	-353.83859083961204	-159.07147265548736	188.30719734419458	154.74983805139703	188.30719734419384	-2.1352214554703126	
1.04744328193657	-168.9018911692688	-324.5621311112742	191.3380715413784	-324.56213111127545	-175.30625401402574	203.56092197350597	191.33807154137804	203.56092197350526	-18.292487184485772	
1.0998154460333986	-97.41514333741222	-310.34346536649406	234.18058599084083	-310.3434653664958	-194.4846462650426	200.70473359477134	234.18058599083994	200.70473359477063	-30.98113179640914	
1.152187610130227	-13.960892109924572	-302.951726909708	284.85539770511787	-302.95172690971	-221.46260855260212	180.0481865795453	284.8553977051166	180.04818657954465	-35.20214510713091	
1.2045597742270555	79.8761493099146	-294.367382999611	341.5088437256709	-294.3673829996132	-260.48005809542326	144.84247450092462	341.50884372566935	144.84247450092403	-28.632292508722138	
1.2569319383238842	179.9628429447137	-281.17339458045933	397.6117180591222	-281.17339458046183	-309.62777845690164	99.952138035798	397.6117180591207	99.95213803579745	-11.49023294135533	
1.3093041024207126	282.85483528909907	-266.39475490751613	442.48086927632517	-266.39475490751875	-355.7526778799686	50.31326188713925	442.4808692763236	50.313261887138765	14.44192804579426	
1.361676266517541	387.8602329030593	-258.26548536424895	464.10024211172197	-258.26548536425156	-376.3289932119212	-0.06719703378826836	464.1002421117207	-0.06719703378873199	46.48950173672893	
1.4140484306143695	496.2344673193626	-265.04428274147494	453.40568875169413	-265.04428274147745	-349.09909408947647	-48.125875307016344	453.40568875169316	-48.12587530701684	81.10803373959364	
1.4664205947111981	607.5048025280719	-289.44306695454884	408.3445869864162	-289.4430669545513	-265.36520998856895	-90.91865370238617	408.3445869864156	-90.91865370238673	113.45606132130897	
1.5187927588080266	715.8245116462365	-325.5892536951502	335.39397742831284	-325.5892536951525	-138.98305305476657	-124.76966159317669	335.3939774283124	-124.76966159317732	137.24439688504205	
1.571164922904855	810.2303710234582	-360.60605247386746	247.68742772340084	-360.60605247386945	-2.0829498582791643	-145.17120179690457	247.68742772340062	-145.17120179690522	145.55933492348888	
1.6235370870016836	877.7717208314576	-379.43540587706786	160.5268614563866	-379.43540587706974	111.06761982166388	-148.22941823518727	160.52686145638648	-148.2294182351879	133.2996617601725	
1.675909251098512	909.3939838379215	-370.79136929080124	86.65203344672067	-370.7913692908029	183.26558903388496	-133.18217431774963	86.65203344672055	-133.1821743177501	100.66410656248772	
1.7282814151953405	905.3174368070936	-331.3700122494753	33.478711591079616	-331.37001224947664	224.44965087551446	-104.44401210006194	33.47871159107937	-104.44401210006234	56.00353673959485	
1.7806535792921692	876.9263696677142	-265.92898079219515	2.934167646185685	-265.9289807921963	264.9460320570325	-71.05434107617839	2.934167646185351	-71.05434107617874	15.552337944448972	
1.8330257433889976	843.8187587014138	-184.709889001033	-6.930892109777015	-184.7098890010338	337.66570326115993	-43.04578857674308	-6.930892109777472	-43.04578857674338	-1.1230726016063528	
1.885397907485826	824.8180081467997	-99.0153540093458	0.037447499563683095	-99.01535400934631	459.9533422911255	-26.516993661374855	0.03744749956315019	-26.51699366137518	21.398818324662855	
1.9377700715826547	828.0181957076285	-17.974508519282764	19.39908800562601	-17.974508519283063	625.6414116609782	-20.587839151604513	19.399088005625458	-20.587839151604882	87.51885926984586	
1.9901422356794831	846.5782515657953	52.103582275051814	46.65720481229182	52.10358227505177	809.5426505162652	-18.144141234146566	46.65720481229131	-18.144141234146915	187.95754692768395	
2.0425143997763118	863.5075669157814	107.25039052069508	77.17265481323292	107.25039052069513	978.6496786917872	-9.855702539882708	77.17265481323254	-9.855702539883008	302.45523761585935	
2.09488656387314	862.785663619947	145.18431986769644	105.67839747861811	145.1843198676965	1104.4824877585907	11.361723950458007	105.67839747861785	11.361723950457773	406.24946959420714	
2.1472587279699686	839.493660926045	166.29537888253236	125.7639080528333	166.29537888253228	1170.6837371055578	47.86563242090453	125.76390805283322	47.86563242090434	477.334004798907	
2.1996308920667973	800.7331526032929	174.9235246725696	129.99341523542495	174.9235246725695	1174.929271889441	97.33773382130912	129.99341523542503	97.33773382130894	501.89717224907855	
2.2520030561636255	759.8350602615393	178.483512826735	111.34636771608481	178.48351282673477	1125.7372398348032	154.3060116433313	111.34636771608501	154.30601164333112	477.045826335337	
2.304375220260454	727.5538951880461	184.2779551559995	65.80072745534534	184.27795515599922	1036.2183379178314	211.744032987453	65.80072745534568	211.74403298745275	411.4584075588881	
2.356747384357283	706.9432375341775	196.1756898824533	-5.156860182138949	196.17568988245296	918.9758578140462	262.0827884937804	-5.156860182138516	262.0827884937801	323.9095845621472	
2.409119548454111	693.546670035271	213.18826384408897	-93.9439979314318	213.18826384408874	784.3255277004541	298.0285768716743	-93.94399793143131	298.0285768716739	239.27416398797348	
2.4614917125509397	679.5928110514388	230.65209066461364	-188.9683513032196	230.6520906646134	642.1674151903645	313.68360194411093	-188.96835130321904	313.6836019441105	181.43178982882557	
2.5138638766477683	659.2384376392242	242.01173943919503	-278.2021997419423	242.01173943919486	503.6775932594997	305.9088885829919	-278.20219974194174	305.90888858299144	164.8375179254797	
2.5662360407445965	631.9615110075838	240.41439585223293	-352.27333971073654	240.4143958522328	380.780357293335	275.57669294680693	-352.27333971073597	275.5766929468066	188.58210669631066	
2.618608204841425	601.4945014251432	220.09936829410321	-405.60006483962354	220.0993682941032	282.8486270448784	227.8226975369562	-405.60006483962303	227.8226975369559	236.69033579103774	
2.6709803689382534	571.6186621535234	178.5878386147279	-435.53399240319624	178.58783861472796	213.61940455603389	171.1204192235692	-435.5339924031957	171.12041922356903	285.6244155807927	
2.723352533035082	541.2017605477191	118.81435790192123	-440.524853405381	118.81435790192124	169.57782778534553	115.2482014165642	-440.5248534053805	115.24820141656407	315.32458747377365	
2.7757246971319107	503.40860367214674	50.028143077912894	-418.7976246483638	50.02814307791286	140.74424043420555	68.90445137336103	-418.7976246483634	68.90445137336096	317.68603579432266	
2.828096861228739	449.49254583783465	-14.234136230280537	-368.44122530380025	-14.234136230280612	113.37391069874545	37.774893107809284	-368.44122530379985	37.77489310780928	297.8228548518522	
2.8804690253255676	374.79287406058756	-60.634576020724026	-289.34423459941047	-60.6345760207241	74.11903583300993	23.388914428052555	-289.34423459941024	23.38891442805256	268.46005063607015	
2.9328411894223962	283.02347521133396	-81.06533664763046	-185.9851394077462	-81.0653366476306	15.218926006678657	23.116726202706843	-185.9851394077461	23.11672620270688	241.83383681402432	
2.9852133535192245	185.34501062648346	-75.2227705920273	-69.271998036008	-75.22277059202744	-61.72511707806609	31.163222921872258	-69.27199803600794	31.1632229218723	224.1586206767539	
3.037585517616053	95.79403696390915	-49.71523252590898	44.4436591750044	-49.71523252590914	-145.67424610326728	40.517776946815864	44.4436591750044	40.51777694681593	214.7707153507463	
3.0899576817128818	25.761036577292145	-14.345108668186327	137.6008743019881	-14.345108668186427	-219.3160845231101	45.33845428101887	137.60087430198806	45.33845428101895	209.10612401216991	
3.14232984580971	-20.20592040603369	22.209092949319732	196.95717577102553	22.209092949319597	-265.60970181569274	43.07112007969042	196.9571757710255	43.07112007969049	202.84498417628993	
3.1947020099065386	-44.75347423120287	54.81200638116694	217.47558847281172	54.81200638116678	-273.54140074156027	35.29755488794299	217.4755884728117	35.297554887943086	195.12015603898385	
3.2470741740033673	-55.89564648712784	82.23821302187537	202.51780927390274	82.23821302187524	-242.5301678154566	26.900510168274003	202.51780927390269	26.900510168274103	189.51131822503268	
3.2994463381001955	-64.202048108167	106.4319645251365	160.80145655923837	106.4319645251363	-183.0189050278466	23.75173285932001	160.80145655923835	23.751732859320118	192.54172036748605	
3.351818502197024	-79.87146622347367	131.13588343077674	102.48095299418404	131.13588343077657	-113.88519413621144	30.132734652544006	102.48095299418407	30.132734652544098	210.58846017896968	
3.404190666293853	-110.45275331367272	160.35415829197896	36.721291813494744	160.35415829197876	-56.55218818126737	47.00746355250588	36.72129181349477	47.00746355250597	246.75349356997785	
3.456562830390681	-158.37072927940557	195.7444009266282	-28.386428890365288	195.74440092662795	-28.187950234886372	71.8207057217565	-28.38642889036525	71.82070572175654	299.5755519480613	
3.5089349944875097	-217.65217909038105	234.19933616616873	-85.00644861458787	234.19933616616845	-35.53275784877351	99.6262801920991	-85.00644861458778	99.62628019209916	364.17828353014716	
3.5613071585843383	-273.1725956367411	267.51870465645084	-125.73271644023376	267.5187046564505	-71.7513654092252	124.62224634560958	-125.73271644023369	124.62224634560957	434.75973778962043	
3.6136793226811665	-303.9087021596921	285.2433109604851	-145.65280394746742	285.24331096048473	-117.52925534792999	141.2604584426784	-145.65280394746736	141.26045844267838	506.3441807694216	
3.666051486777995	-291.4061390974705	279.28618780176123	-145.0651257408631	279.2861878017609	-147.21944003692127	144.62806438173362	-145.06512574086304	144.6280643817336	575.1568435133323	
3.718423650874824	-229.3037993270692	248.23956769367877	-130.41838544559826	248.23956769367857	-138.87476741938033	130.42718897680976	-130.41838544559823	130.42718897680973	638.0044490323274	
3.770795814971652	-128.40969323796946	198.72092103951428	-111.9955771058736	198.72092103951405	-83.72873547144007	95.41459394733074	-111.9955771058736	95.41459394733073	692.0411646915222	
3.8231679790684807	-13.912945330711977	143.2143995173053	-99.21937651850874	143.21439951730514	9.305314320284168	38.79105546954408	-99.21937651850874	38.79105546954408	735.0446018799523	
3.8755401431653094	85.05214963695488	94.8564838014997	-96.1444124251579	94.8564838014996	116.79528720455625	-36.113479844824745	-96.14441242515788	-36.113479844824695	765.8084742576324	
3.9279123072621376	148.01238401652796	61.744586083511294	-99.85700883080756	61.744586083511194	210.0892979870689	-121.1780464106113	-99.85700883080752	-121.17804641061124	784.3011998144804	
3.9802844713589662	171.1067504795962	43.70764082211846	-102.40487769608909	43.707640822118385	265.3028482117587	-205.1274660542952	-102.40487769608905	-205.12746605429516	791.816976686685	
4.032656635455795	166.22020386738967	33.63946308431862	-94.68965929718665	33.63946308431855	270.55040919183307	-276.98542479339915	-94.68965929718658	-276.9854247933991	791.1892305739418	
4.0850287995526235	151.180146111093	23.213799582294982	-70.14620177860931	23.213799582294897	228.48138803170303	-329.4764324834051	-70.14620177860922	-329.47643248340506	786.6251450787673	
4.137400963649451	138.00545344743625	9.027533496068216	-26.92097429991502	9.027533496068141	154.1902360282914	-360.62213609809663	-26.9209742999149	-360.6221360980965	782.15182199159	
4.18977312774628	126.01335000571149	-4.670728431949638	31.635734671470058	-4.670728431949696	70.31792869559422	-372.9609057366798	31.63573467147019	-372.9609057366797	778.5717166554357	
4.242145291843109	104.9425613467827	-8.98696948173378	97.8249314511149	-8.986969481733823	-0.09538840542631988	-371.5484156707478	97.82493145111505	-371.5484156707476	770.8703931808421	
4.294517455939937	65.2930676777317	3.573656019375509	161.59525705249635	3.573656019375491	-40.13816555296776	-361.81272009147347	161.5952570524965	-361.81272009147335	748.7659591211411	
4.346889620036766	8.632241488874186	33.9977705496005	213.5097798200482	33.99777054960053	-42.240681507971715	-347.7623937361587	213.50977982004835	-347.7623937361586	701.7734437666549	
4.399261784133595	-50.46435605113569	75.56794699214223	247.78942870512282	75.5679469921423	-7.927773690195039	-330.9452806110838	247.78942870512293	-330.9452806110838	626.8712692177578	
4.451633948230422	-91.4990319082809	116.99693127773398	263.9858180240068	116.9969312777341	55.17747723102008	-310.6326617609792	263.9858180240069	-310.63266176097926	534.2027965981382	
4.504006112327251	-100.05363170200162	146.8936201758185	266.010430224728	146.89362017581865	135.5716267092514	-285.7201105762806	266.0104302247281	-285.7201105762808	446.24894178523544	
4.55637827642408	-77.1301313402324	157.31648738980985	259.00330538948157	157.31648738981	220.30041310905543	-257.32038370163957	259.0033053894817	-257.3203837016398	389.6762160700972	
4.608750440520908	-37.964829193179355	144.80447096567434	245.65775643302504	144.80447096567454	297.75361554480725	-229.8600289695814	245.65775643302516	-229.86002896958166	383.6972356288708	
4.661122604617737	-3.579291374562814	110.18426775889961	224.49881866461703	110.18426775889976	360.13492366886214	-209.32278372244667	224.49881866461718	-209.32278372244696	431.05832759128754	
4.713494768714566	12.267465364708187	57.93904802399828	191.26314440006337	57.93904802399837	404.5877379422359	-199.63568825484785	191.26314440006354	-199.6356882548482	516.285098004896	
4.765866932811393	9.876946806899767	-4.6953547670405555	142.7218174624758	-4.695354767040442	430.3845330294856	-199.7522689309981	142.721817462476	-199.75226893099855	611.1882488073243	
4.818239096908222	1.5265990810699606	-68.58991125501902	80.88221630113003	-68.58991125501888	435.66443934232024	-203.80549229799288	80.88221630113021	-203.8054922979934	684.4327577974589	
4.870611261005051	1.4876992287884718	-125.13112398836743	14.606926011262896	-125.13112398836734	415.7994731850922	-204.0863550604734	14.606926011263074	-204.08635506047403	710.9631481175442	
4.922983425101879	16.229046345964292	-168.49362252960623	-42.5470427112894	-168.49362252960609	368.06105253678083	-194.7125343727115	-42.54704271128925	-194.7125343727122	678.2764058677594	
4.975355589198708	40.77375373416359	-196.74614076254488	-77.6421883223934	-196.74614076254468	297.8824564885628	-173.64385568026262	-77.64218832239328	-173.64385568026344	588.300184991087	
5.027727753295537	63.3041591334669	-210.1992773194469	-84.19845781018908	-210.19927731944668	222.32018658959203	-142.30068415841828	-84.19845781018897	-142.30068415841924	455.28636920141037	
5.080099917392364	72.48228356733495	-209.71720555704275	-65.57199312576695	-209.7172055570424	165.59928819298696	-103.34193235537313	-65.57199312576684	-103.34193235537417	300.7738536965059	
5.132472081489193	64.09455965514468	-195.75382672964102	-34.05293929706481	-195.75382672964056	148.6238870051417	-58.02720476061112	-34.05293929706471	-58.02720476061223	147.88559366089527	
5.184844245586022	42.23072329651984	-170.2669579380188	-5.802024840350111	-170.2669579380182	177.7498475433876	-4.6921798708829705	-5.802024840350036	-4.692179870884171	16.937508826792264	
5.23721640968285	17.203013701849954	-139.51166384000544	6.094404397911475	-139.5116638400047	239.36316233936887	60.4618014198007	6.094404397911532	60.461801419799436	-76.73836927896673	
5.289588573779679	1.6679180513337428	-114.51933386432935	-2.776461872074435	-114.5193338643285	304.45439912736384	140.277176972774	-2.7764618720743783	140.27717697277268	-123.62226927875935	
5.341960737876507	5.849741381807291	-107.59640353990162	-26.60984737990622	-107.59640353990059	340.5436536673793	232.92794003349724	-26.609847379906164	232.9279400334959	-121.11204637599292	
5.3943329019733355	33.74214051755422	-126.73287602893072	-52.69547237220273	-126.73287602892975	326.20484340702967	330.21498731642504	-52.69547237220263	330.21498731642373	-75.41774574105959	
5.446705066070164	80.49665482587072	-171.1010410597154	-67.63337548969895	-171.10104105971456	260.79963553680545	419.6327113552245	-67.63337548969884	419.63271135522336	-2.4025456067866156	
5.499077230166993	133.74667832412388	-230.89522974512528	-63.06957056472286	-230.8952297451246	164.22077607490132	489.30008058742976	-63.069570564722724	489.30008058742874	75.05239792480637	
5.5514493942638214	178.11927073697157	-290.8315692630372	-38.11718114342403	-290.83156926303667	67.86714584372044	532.8163918634464	-38.117181143423906	532.8163918634455	133.71946591554865	
5.60382155836065	202.0530661716786	-335.1260415877413	1.7602499928434057	-335.1260415877408	1.3591560580268052	550.984325217193	1.7602499928435025	550.9843252171923	158.2835952287691	
5.656193722457478	201.72729905391975	-351.398448458144	47.65603408174248	-351.3984484581437	-18.234740096135425	549.4621638107063	47.656034081742504	549.4621638107059	146.87998984819166	
5.7085658865543065	179.71800273009615	-333.48927822699955	90.0508442308308	-333.4892782269991	10.60279622534459	534.4348207727503	90.05084423083072	534.4348207727501	110.82140101788383	
5.760938050651135	138.56561536849148	-283.38216460990975	120.93414837929815	-283.3821646099094	76.9073558977814	509.27073819155225	120.934148379298	509.2707381915523	68.73868532788205	
5.813310214747964	76.11958449871634	-211.46859215181053	135.54452239065841	-211.46859215181007	164.14349814846398	474.25339857739016	135.5445223906582	474.2533985773904	38.269525101428776	
5.8656823788447925	-12.747079689050622	-133.997670100434	133.5768026757118	-133.99767010043354	255.3284483856449	428.9453512571099	133.57680267571163	428.94535125711036	29.201303000791526	
5.918054542941621	-129.47710764160698	-67.5966847937342	119.34517854950965	-67.5966847937336	336.11469627747863	375.14886896957125	119.34517854950955	375.1488689695719	40.85454399547324	
5.970426707038449	-264.64747176579993	-23.2624856377172	100.16591796739172	-23.26248563771632	396.44402342528895	318.2521642698718	100.16591796739176	318.25216426987254	64.3005078145275	
6.022798871135278	-399.45658639978603	-2.900175017285566	83.44116814931076	-2.9001750172843153	430.978321758763	266.0945281219486	83.44116814931095	266.0945281219494	87.84487394455968	
6.075171035232106	-512.5033429159295	-0.39731446847153506	73.81626705706753	-0.3973144684698937	440.90010600682933	226.09282756455144	73.81626705706788	226.09282756455227	103.16933118094528	
6.127543199328935	-590.0674258339282	-7.029981845462302	72.01427353334158	-7.029981845460455	433.9187414733995	202.63231021027104	72.01427353334202	202.63231021027192	109.13723182466751	
6.1799153634257635	-629.801290782254	-16.739154854762603	76.00065240024861	-16.739154854760763	425.22474428133984	195.95275917177224	76.00065240024914	195.95275917177318	111.51517872122169	
6.232287527522592	-638.2996824844204	-28.90132739866442	83.30631819061388	-28.901327398662843	434.2165082132238	202.59712943078586	83.30631819061443	202.59712943078682	119.16185666007793	
6.28465969161942	-623.960782158472	-46.861051362298326	92.7699367390143	-46.86105136229715	479.74151110783976	216.62554986837608	92.76993673901488	216.6255498683771	138.8820060995553	
6.337031855716249	-591.4574908779815	-74.35618422330376	104.53871735137484	-74.35618422330295	572.3428181585894	231.08320926607576	104.5387173513755	231.08320926607678	171.98018718414912	
6.389404019813077	-540.437846434338	-111.85124553210875	118.64135828092319	-111.85124553210818	708.0258124402465	239.6780170412251	118.64135828092398	239.67801704122607	214.16258347919074	
6.441776183909906	-469.6015353351564	-155.48532549813063	133.61505712072892	-155.48532549813018	866.5637831266807	238.73313034823622	133.61505712072994	238.7331303482372	258.231724719756	
6.494148348006735	-381.6849812943028	-197.75340300281334	146.55133195814744	-197.75340300281283	1016.624001417852	228.54537190136597	146.55133195814875	228.545371901367	297.54724011082243	
6.546520512103563	-287.1564161483382	-229.46221888338528	154.69245828586526	-229.46221888338476	1126.6720570837974	213.00564877151925	154.6924582858669	213.00564877152027	328.08741593659175	
6.598892676200391	-202.9871741374198	-242.0924856135307	157.19790294253193	-242.09248561353022	1175.7774555234007	197.17056697977793	157.1979029425338	197.1705669797789	348.18971715478824	
6.65126484029722	-147.176238038983	-230.1184782471925	155.68979089770255	-230.11847824719217	1160.002013534188	183.9115447288063	155.68979089770454	183.91154472880712	356.8363501571413	
6.703637004394048	-131.44800847037214	-192.414459677575	153.1420266309493	-192.41445967757497	1090.8324089956232	171.84977142146488	153.14202663095128	171.84977142146542	352.2008434946146	
6.756009168490877	-156.1240634707852	-132.61431010603818	151.98545168592844	-132.6143101060385	988.4645979634854	156.05757595603282	151.98545168593026	156.0575759560329	331.7522206706595	
6.808381332587706	-209.2305906328859	-57.62808692713925	152.67697447701335	-57.628086927139904	872.8318513518628	131.15361407650167	152.67697447701494	131.15361407650124	294.0770340698952	
6.860753496684533	-270.234288158362	24.934058904451604	153.48044635275576	24.934058904450694	757.0142431199769	94.87255665354537	153.48044635275704	94.87255665354454	241.1086970959983	
6.913125660781362	-316.9787126537542	108.50582116281566	151.39958265740535	108.50582116281464	644.5121268020762	49.87683464613295	151.3995826574063	49.8768346461318	179.17908609761346	
6.965497824878191	-332.28185162626005	187.8031984134525	143.57897792349237	187.80319841345147	531.2322040903096	3.0049806977656814	143.57897792349303	3.004980697764413	117.97547185746204	
7.017869988975019	-308.0295686534946	258.0561317329732	128.5657841358367	258.0561317329724	411.0443130432253	-37.42730574640789	128.56578413583705	-37.42730574640912	67.71969664783182	
7.070242153071848	-246.10864718719264	313.884342907513	107.0225568801547	313.8843429075125	282.2417268928236	-64.57901601573553	107.02255688015472	-64.57901601573657	35.78510254827905	
7.122614317168677	-156.5113018073915	349.61345819855114	81.63803954363641	349.61345819855114	151.13243113883968	-74.97400914854019	81.63803954363618	-74.97400914854097	24.289350509579734	
7.174986481265504	-54.4633782727642	360.45010931645993	56.267777296963764	360.4501093164604	30.62212961718069	-68.9272456527839	56.267777296963295	-68.92724565278439	29.583681052844877	
7.227358645362333	43.36632732769847	344.2215122856901	34.50012744546446	344.22151228569123	-65.65381342090282	-49.93004303464316	34.50012744546385	-49.93004303464336	43.73391448507893	
7.279730809459162	122.90265003063743	302.6161255037487	18.328338781560035	302.61612550375014	-130.4612269486205	-23.535655069612062	18.328338781559367	-23.535655069611995	57.35611854134167	
7.33210297355599	175.94015134653387	241.41636339025405	7.590785460897743	241.4163633902558	-166.89559270960743	3.980458760332697	7.5907854608971075	3.9804587603329846	62.87103799727048	
7.384475137652819	200.2889899273794	169.28567601334146	0.41020075589500493	169.28567601334348	-188.1453540493836	27.152359346317745	0.41020075589442495	27.15235934631819	57.002179445506826	
7.436847301749648	198.2944861423884	95.3920692624653	-5.687209001239852	95.39206926246746	-211.6528456747083	42.77388927781304	-5.687209001240351	42.77388927781355	41.65871329364221	
7.4892194658464755	173.07965183127402	26.769212938574796	-12.661476675332517	26.769212938577034	-251.23300919449662	50.614112551067706	-12.661476675332937	50.61411255106825	22.777419349674396	
7.541591629943304	127.76786722340816	-33.5653851922856	-21.331838268816373	-33.56538519228339	-308.5538154011601	53.03275520036658	-21.33183826881671	53.032755200367106	7.453625012026276	
7.593963794040133	66.25615497867975	-86.36377707804988	-31.293766034257388	-86.36377707804762	-369.8535463449835	53.57628145006008	-31.29376603425765	53.576281450060605	0.5178501104907909	
7.646335958136961	-4.683865859643561	-134.53219928657975	-41.32932475284239	-134.53219928657754	-410.0546135602915	55.39590987540326	-41.3293247528426	55.3959098754038	2.065237175092957	
7.69870812223379	-74.73135504932932	-181.04795044403656	-50.14986455890048	-181.04795044403446	-404.00611876968264	60.24818758402765	-50.14986455890067	60.24818758402824	7.25157182617931	
7.751080286330619	-132.32137769856251	-228.0246570313717	-57.26466453592901	-228.02465703136988	-338.8937537825514	68.43109601166168	-57.26466453592918	68.43109601166236	8.502681446054368	
7.8034524504274465	-167.83409098101805	-276.88087627501517	-63.43127268529407	-276.8808762750136	-220.30402189915543	79.37051147771619	-63.43127268529423	79.37051147771689	-1.017223677387669	
7.855824614524275	-176.5344314433716	-328.32568198453845	-70.17969666419646	-328.32568198453725	-68.86894670047826	92.16375251057924	-70.17969666419658	92.16375251057988	-24.574610927660544	
7.908196778621104	-159.29865291461846	-381.1817045797215	-78.50044850330802	-381.18170457972076	90.67142989604102	105.68865386586108	-78.50044850330805	105.68865386586157	-61.1218678879051	
7.9605689427179325	-121.77848499628959	-430.5770318819775	-87.59616878530895	-430.57703188197695	239.25815621142345	118.4588152109902	-87.59616878530888	118.45881521099048	-106.63598250986044	
8.012941106814761	-72.85290600780229	-467.5286717312074	-94.75073651500074	-467.52867173120694	367.10254843655724	128.73713368510187	-94.75073651500057	128.73713368510192	-156.29296191150485	
8.06531327091159	-22.948961444980995	-481.13086623109587	-96.60748323596923	-481.1308662310953	470.2783529005616	135.0673830870508	-96.60748323596894	135.06738308705067	-206.0338573758142	
8.117685435008418	18.466903769878883	-463.42969701503324	-90.98227970016642	-463.4296970150324	545.7878931323096	136.9087553700955	-90.98227970016607	136.90875537009524	-252.92921799467248	
8.170057599105247	45.951817692295165	-414.15944911370207	-77.98024441949966	-414.1594491137009	590.0320553443319	134.7689413686037	-77.98024441949933	134.7689413686034	-294.6573631266857	
8.222429763202076	60.89995507600648	-342.2931060731297	-59.856889804648546	-342.2931060731281	601.3001332414034	129.6696581781807	-59.85688980464827	129.66965817818053	-329.0168898197457	
8.274801927298903	71.0052841982479	-262.79054276227885	-40.01743555054718	-262.7905427622771	582.7365268084262	122.34242853151736	-40.017435550547006	122.34242853151731	-354.0050936195913	
8.327174091395731	84.96606824776086	-190.5943715447959	-22.028869213422247	-190.59437154479411	541.5854337271339	112.85939247581271	-22.02886921342221	112.85939247581284	-368.4693219351864	
8.37954625549256	104.97901691960594	-134.83933281424197	-9.142312088483301	-134.83933281424044	484.8078685819616	100.86613980149131	-9.142312088483408	100.86613980149158	-372.7300535299571	
8.431918419589389	121.88877147267803	-97.2304987870723	-4.085997709921148	-97.23049878707107	414.23373715916796	86.1215818931331	-4.085997709921383	86.12158189313345	-368.6085178548782	
8.484290583686217	117.76418288320232	-74.23145313270012	-8.645573848039268	-74.23145313269923	325.9675024418855	68.8281536129717	-8.645573848039609	68.82815361297212	-358.58960408947866	
