# Stress in units of bar (10^5 Pa)
# z	Sxx	Sxy	Sxz	Syx	Syy	Syz	Szx	Szy	Szz
0.0	-63.62619299483841	-142.39464170170635	-46.49429964000929	-142.39464170170518	130.76376221860494	44.545615780207555	-46.49429964000944	44.545615780207925	-294.28337131800646	
0.0523721640968285	-106.62154535955614	-139.25874162739007	-50.21075467129961	-139.25874162738884	46.22302071834071	30.02904247025046	-50.21075467129976	30.029042470250847	-275.29421438223255	
0.104744328193657	-153.5754873272035	-146.0121925968038	-54.1550044476236	-146.01219259680255	-37.79767369526817	15.708140471666946	-54.15500444762374	15.708140471667349	-250.9248567420005	
0.15711649229048552	-201.12409015254437	-162.82164989717057	-57.4739648242354	-162.82164989716918	-116.26444789083081	2.1324997997055126	-57.47396482423551	2.132499799705914	-222.13890055849373	
0.209488656387314	-245.85653100727973	-189.41640859063713	-59.40315854384669	-189.41640859063577	-184.4414463009082	-10.144241836346616	-59.403158543846764	-10.14424183634625	-190.19302660784462	
0.2618608204841425	-284.8390939397141	-224.75629876687668	-59.37354018391707	-224.75629876687523	-238.7524592578293	-20.612293293140027	-59.37354018391707	-20.612293293139714	-156.59839036649817	
0.31423298458097104	-316.16509785008975	-267.24521111997484	-57.07839668448214	-267.24521111997325	-276.82615601375716	-28.788712228106405	-57.07839668448206	-28.788712228106164	-123.03181487117851	
0.36660514867779953	-338.9290416294742	-314.57614288760647	-52.46127694437573	-314.5761428876049	-298.09810933630257	-34.23153896662777	-52.46127694437554	-34.231538966627596	-91.16322617245235	
0.418977312774628	-353.4161797676363	-363.7979917792563	-45.621220675100545	-363.7979917792546	-303.67391625863877	-36.528368438280886	-45.62122067510025	-36.52836843828082	-62.483874133686555	
0.4713494768714565	-360.5950738396001	-411.57113258631773	-36.71806128332758	-411.57113258631614	-296.0110009818168	-35.32571492489492	-36.718061283327174	-35.32571492489495	-38.14661520454583	
0.523721640968285	-361.8796230556647	-454.46548806221034	-25.883095162318455	-454.4654880622089	-278.75170505177084	-30.35259824663956	-25.883095162317936	-30.352598246639698	-18.805963144966945	
0.5760938050651135	-358.48192689790994	-489.3319010510136	-13.12555464606267	-489.3319010510121	-255.85501788099702	-21.488901692881317	-13.125554646062046	-21.48890169288154	-4.60055290591697	
0.6284659691619421	-351.27278308155604	-513.7577098509485	1.6618592288401146	-513.7577098509472	-231.32589081463328	-8.83472274698444	1.6618592288408145	-8.834722746984752	4.804104834656915	
0.6808381332587705	-340.307478834496	-526.3546534229934	18.688156211257223	-526.3546534229923	-208.51185617211723	7.228934299583438	18.688156211257965	7.2289342995830435	10.055235462006667	
0.7332102973555991	-325.19168675424936	-526.9658816520812	38.209431875286455	-526.9658816520805	-189.94073126217626	25.93482098756028	38.209431875287194	25.934820987559824	11.99573462424748	
0.7855824614524275	-304.97220400902114	-516.6160055664333	60.44024788386072	-516.6160055664329	-177.0754415341677	46.150067353869815	60.44024788386141	46.150067353869304	11.547421404041895	
0.837954625549256	-278.60403295075514	-497.35761183943856	85.49500157799264	-497.3576118394384	-170.5809321185026	66.3816904845115	85.49500157799326	66.38169048451094	9.582084701939909	
0.8903267896460846	-244.95730082602768	-471.7771343683289	113.27616961273523	-471.7771343683291	-170.24465840898708	84.93198438497303	113.27616961273569	84.93198438497247	6.930436105220323	
0.942698953742913	-203.28911122987378	-442.86771332681883	143.4527745930687	-442.86771332681917	-175.37907391452356	100.05671262294547	143.45277459306897	100.05671262294486	4.367289801834854	
0.9950711178397416	-153.13768832406026	-413.29587640323314	175.35137233395423	-413.2958764032339	-184.76376012542363	110.16447127796748	175.35137233395426	110.16447127796684	2.639164743624454	
1.04744328193657	-94.50287510502375	-385.332094173497	207.93400246745944	-385.332094173498	-196.68016383352173	114.04287963526804	207.93400246745927	114.04287963526741	2.434898197331126	
1.0998154460333986	-27.933407391058402	-360.62066730764695	239.74430488213227	-360.6206673076482	-209.17077807751798	111.01248067273917	239.74430488213187	111.01248067273856	4.339502117534284	
1.152187610130227	45.85648159570759	-340.2475573460483	268.98444290544563	-340.24755734604986	-219.8912656147558	101.04689791805944	268.984442905445	101.04689791805882	8.735067807827573	
1.2045597742270555	125.5101199676126	-324.5913779994312	293.62700170903014	-324.59137799943295	-226.19997655569625	84.78080246404599	293.6270017090295	84.78080246404538	15.726868891506523	
1.2569319383238842	209.40315383534087	-313.5330478400549	311.60484442481356	-313.5330478400567	-225.62185064296787	63.484238586505015	311.60484442481277	63.48423858650443	25.03176278438048	
1.3093041024207126	295.58799311706497	-306.5450281920507	321.1160105066689	-306.5450281920527	-215.61110921722374	38.88780554607333	321.11601050666803	38.887805546072755	35.99394033238893	
1.361676266517541	381.66558774502676	-302.6158086810701	320.9372260586128	-302.6158086810722	-194.47266645270415	13.009979261518808	320.937226058612	13.00997926151825	47.65699500627032	
1.4140484306143695	465.2359220774934	-300.3696035409203	310.70024635535424	-300.3696035409224	-161.19438174902	-12.069575599057739	310.70024635535356	-12.069575599058293	58.96471960114899	
1.4664205947111981	543.7518804134196	-298.0685788396818	291.05869694958676	-298.0685788396838	-115.7580708510952	-34.42775956546132	291.0586969495861	-34.427759565461855	68.98795184394632	
1.5187927588080266	614.8380683396297	-293.67688905538853	263.655419418835	-293.67688905539046	-58.86007090161212	-52.52026425334843	263.6554194188344	-52.52026425334895	77.20278061149652	
1.571164922904855	676.6293805074527	-285.24448461434787	230.9672718974769	-285.2444846143497	8.155807361004833	-65.29027830034217	230.96727189747642	-65.29027830034269	83.72273791224195	
1.6235370870016836	727.8839005752733	-271.0047361664462	195.9648735019	-271.00473616644786	83.79892794219685	-72.24534555623062	195.9648735018996	-72.24534555623114	89.39218674904697	
1.675909251098512	768.0982102329193	-249.80866980684848	161.68400658793436	-249.80866980685	166.46265053914777	-73.42918397049438	161.68400658793402	-73.42918397049483	95.67955073646063	
1.7282814151953405	797.7071422365602	-221.21826697818497	130.79462688258107	-221.21826697818628	254.82497168459233	-69.29053668973846	130.79462688258073	-69.29053668973891	104.42459497040852	
1.7806535792921692	817.6722243425149	-185.74234772976988	105.21806269253622	-185.74234772977107	347.4426928187494	-60.51796623585946	105.2180626925359	-60.51796623585989	117.44614542838869	
1.8330257433889976	829.3649554831012	-144.69523111632554	85.90131034375246	-144.6952311163265	442.4727699503362	-47.842687299124016	85.90131034375214	-47.8426872991244	136.02468224089668	
1.885397907485826	834.3607567686752	-100.0762127270038	72.704166905434	-100.07621272700457	537.5119588453944	-31.852635372453513	72.70416690543368	-31.85263537245389	160.47922233244356	
1.9377700715826547	833.9391297035806	-54.12507732303723	64.47359553159195	-54.125077323037935	629.0788424057802	-12.954965374716412	64.47359553159167	-12.95496537471675	189.88933999468554	
1.9901422356794831	829.1939364436054	-9.134131511117644	59.25573906815231	-9.134131511118131	712.9922470432108	8.605315861757646	59.25573906815208	8.605315861757326	222.14454200289276	
2.0425143997763118	820.8196087421949	32.91261401153768	54.5439161464444	32.91261401153726	784.5724270931996	32.62903907724167	54.54391614644421	32.62903907724137	254.27095918378458	
2.09488656387314	809.2951721356077	70.60663836452049	47.670026895030084	70.60663836452014	839.2916270874853	58.779909825096496	47.67002689502996	58.77990982509619	282.97969218361493	
2.1472587279699686	794.9117758801253	103.00254117664076	36.2039317065396	103.00254117664046	873.352424352101	86.4097492579104	36.20393170653955	86.40974925791014	305.3451050623559	
2.1996308920667973	777.9890533555551	129.7799172470946	18.276943879838775	129.77991724709432	884.4347898676058	114.45137897195693	18.27694387983881	114.45137897195663	319.42987587257375	
2.2520030561636255	758.8075940873825	150.89360303372686	-7.090075243417573	150.89360303372663	872.0226025602109	141.43583520159817	-7.090075243417445	141.43583520159785	324.6623405377916	
2.304375220260454	737.7106246883794	166.4329679472169	-39.793159464447946	166.43296794721664	837.5669314360116	165.60755383280346	-39.79315946444776	165.60755383280315	321.918755182264	
2.356747384357283	714.8547850638425	176.50744610739827	-78.5926542930627	176.50744610739804	783.9999214767499	185.14793306836145	-78.59265429306245	185.14793306836117	313.249252456454	
2.409119548454111	690.3291466049238	181.02773903408155	-121.21332902518323	181.0277390340813	715.7082825832103	198.49328034247577	-121.21332902518293	198.4932803424755	301.34723726606586	
2.4614917125509397	664.000461611114	179.91420025874996	-164.55719566007278	179.91420025874976	637.4565718808725	204.57066801023848	-164.55719566007244	204.5706680102382	288.90211817616716	
2.5138638766477683	635.3646911490638	173.1011730475524	-205.04371390177698	173.10117304755224	554.170166607353	203.0332146183786	-205.04371390177664	203.03321461837834	278.0203566086032	
2.5662360407445965	603.8485043096236	160.71549202628253	-239.02522956673636	160.71549202628236	470.01838240576484	194.3277448874878	-239.02522956673596	194.32774488748757	269.88126485369753	
2.618608204841425	568.7605014458	143.3289184417054	-263.2068862061569	143.32891844170527	388.2312320145029	179.63995354152163	-263.2068862061565	179.6399535415214	264.6623184866748	
2.6709803689382534	529.5278243309448	122.06779636353939	-275.0333568999573	122.06779636353923	310.98867230611177	160.7087201319153	-275.0333568999569	160.7087201319151	261.69482524441173	
2.723352533035082	485.77393713575873	98.56928292987871	-273.03435538299135	98.56928292987858	239.22557171289736	139.5672265799139	-273.034355382991	139.56722657991375	259.8464084483859	
2.7757246971319107	437.46512060602555	74.928773965492	-257.00193134301287	74.92877396549187	173.28339313238723	118.20276583455723	-257.00193134301253	118.20276583455713	257.9382862719729	
2.828096861228739	385.0847295714933	53.3127256774772	-228.11723718910665	53.31272567747705	112.90160748860531	98.30532787994775	-228.11723718910636	98.30532787994771	255.1345493588068	
2.8804690253255676	329.6115737195946	35.83653997578992	-188.84319855349685	35.83653997578982	57.8637772673768	81.09247968639292	-188.84319855349656	81.09247968639286	251.09299263221243	
2.9328411894223962	272.40970966969314	24.09589883435862	-142.70360620714604	24.095898834358476	8.166391719494069	67.22276702503439	-142.70360620714584	67.22276702503439	246.0502219451187	
2.9852133535192245	215.16857126630765	19.10921198862409	-93.94008417277185	19.109211988623933	-35.596119343528194	56.900346011277264	-93.94008417277168	56.900346011277286	240.74791607074604	
3.037585517616053	159.44845123872415	21.101073448597003	-46.970343904866056	21.101073448596857	-72.5637579983166	49.96067333842133	-46.97034390486593	49.96067333842137	236.26242352757095	
3.0899576817128818	106.71020615947455	29.703400417078484	-5.930831579853674	29.703400417078328	-101.75550672723432	46.0471848909625	-5.930831579853603	46.047184890962555	233.85525276708069	
3.14232984580971	57.91488541398069	43.923837877988234	25.89134421794421	43.92383787798808	-122.4735457283144	44.76030171903382	25.891344217944265	44.7603017190339	234.84072176515426	
3.1947020099065386	13.681859466420855	62.470043281948406	46.38333403092436	62.470043281948236	-134.61847091327175	45.73257113422099	46.383334030924416	45.732571134221054	240.44468372861633	
3.2470741740033673	-25.845662585222858	83.89936159290437	54.8536993851572	83.8993615929042	-138.75692256784723	48.650538266025485	54.85369938515723	48.65053826602556	251.7170852001151	
3.2994463381001955	-60.80033014604585	106.7331134994974	51.98668165469978	106.73311349949725	-136.237296010089	53.136929767942334	51.98668165469981	53.13692976794241	269.4107527384949	
3.351818502197024	-90.98422934280259	129.38070790869625	39.63870839942274	129.38070790869605	-128.78906100969837	58.64065647584918	39.638708399422754	58.640656475849255	293.893414658362	
3.404190666293853	-115.94247645541545	150.36207964115098	20.48848128510835	150.3620796411508	-118.06550353940726	64.32689335618436	20.488481285108378	64.32689335618443	325.06969150462146	
3.456562830390681	-134.86405771392123	168.2490746917724	-2.4078114449914487	168.24907469177222	-105.55654798288901	69.04232069419719	-2.4078114449914105	69.04232069419723	362.32090016824327	
3.5089349944875097	-146.4366232066265	181.70912667651513	-26.080302459301993	181.70912667651493	-91.66555487865068	71.36112630721632	-26.080302459301972	71.36112630721637	404.5383332785729	
3.5613071585843383	-149.60817966781573	189.72853557339505	-47.99491404727735	189.72853557339488	-76.3210113806349	69.70336727516431	-47.99491404727731	69.70336727516437	450.2001170722764	
3.6136793226811665	-143.38880267063863	191.59302023013413	-66.28992504246622	191.59302023013404	-58.87758808329836	62.53082915916372	-66.28992504246617	62.53082915916375	497.47746210901494	
3.666051486777995	-127.80251032498074	187.17051415728378	-79.7945294046676	187.1705141572836	-38.6830010559235	48.643039056869334	-79.79452940466757	48.643039056869384	544.4198907928854	
3.718423650874824	-103.83589683656578	176.89266533650866	-87.99379067451333	176.89266533650851	-15.525981749067398	27.35935675926077	-87.9937906745133	27.35935675926082	589.1316040856988	
3.770795814971652	-73.5640094852185	161.76985435973188	-90.83119179936878	161.76985435973177	10.05443937191501	-1.2454976066965386	-90.83119179936874	-1.2454976066964853	629.9189782396826	
3.8231679790684807	-39.83634824070447	143.23042909304704	-88.47043930192042	143.23042909304698	36.62384155061942	-36.2738996021799	-88.47043930192038	-36.273899602179846	665.42726998311	
3.8755401431653094	-6.085304322736848	122.98518138752401	-81.11808731117864	122.98518138752391	61.871393339332194	-76.09617350209277	-81.1180873111786	-76.09617350209271	694.6473837889599	
3.9279123072621376	24.652956665936955	102.79987232110209	-68.92041094075891	102.79987232110203	83.45014873309802	-118.4780630041763	-68.92041094075887	-118.47806300417622	716.8973772243903	
3.9802844713589662	49.501767397773534	84.2399996243651	-51.99954483046401	84.23999962436503	99.22448074724596	-160.8929346511554	-51.99954483046396	-160.89293465115531	731.790091209514	
4.032656635455795	66.64864560812916	68.6334561424662	-30.534059941466538	68.63345614246614	108.1951133917492	-200.8055736606479	-30.534059941466474	-200.80557366064778	739.158500233247	
4.0850287995526235	75.43371932287766	56.88459044385087	-4.96118342255248	56.88459044385082	110.66310989663405	-235.9867723507516	-4.961183422552388	-235.98677235075155	739.0296543633384	
4.137400963649451	75.8845031209349	49.51896510221572	23.91428767034027	49.518965102215695	108.20550817971309	-264.76067263470406	23.914287670340364	-264.76067263470395	731.5936712388296	
4.18977312774628	69.29076384961984	46.54705152373275	54.87058513923955	46.54705152373275	103.65674891418027	-286.13974245119874	54.87058513923965	-286.1397424511987	717.2987801395949	
4.242145291843109	57.22571252857042	47.5048991575131	86.26854846741705	47.50489915751313	100.25201756983566	-299.81291610628426	86.26854846741715	-299.8129161062842	696.9691620037224	
4.294517455939937	41.94211065009725	51.53351689080638	116.18292702825832	51.53351689080641	101.23281046238247	-306.12828344289045	116.18292702825843	-306.1282834428905	671.9395790359866	
4.346889620036766	25.609768213464456	57.093815457254365	142.62001276772043	57.093815457254436	108.81217078572752	-305.91305717133883	142.62001276772054	-305.9130571713389	644.0996875924025	
4.399261784133595	10.328352750217803	62.48104479051706	163.76790533274183	62.48104479051715	124.26542268432917	-300.33156951680866	163.76790533274195	-300.3315695168087	615.7918576666821	
4.451633948230422	-2.2738105759123215	65.7765070809915	178.17434080292844	65.77650708099162	147.18302652947932	-290.6918160585754	178.17434080292858	-290.69181605857557	589.5320096740204	
4.504006112327251	-11.053720104131017	65.24531394626386	184.87674859698578	65.245313946264	175.98514968929186	-278.30568580221944	184.8767485969859	-278.3056858022196	567.517330829177	
4.55637827642408	-15.68249003837792	59.402477297875535	183.51013561943728	59.40247729787567	207.97260069383492	-264.3099615323013	183.51013561943742	-264.30996153230154	551.11840806424	
4.608750440520908	-16.20650090089117	47.59873189495921	174.35174874917215	47.59873189495936	239.99380761793213	-249.5407446032777	174.35174874917226	-249.54074460327797	540.4598151534656	
4.661122604617737	-13.403942284369634	29.79333893565471	158.29146331242913	29.793338935654873	268.81986878211075	-234.46019549833562	158.2914633124293	-234.46019549833605	534.1547469658434	
4.713494768714566	-8.064072784056549	6.909988848519973	136.74024172226567	6.909988848520172	291.76408482488387	-219.1008954782926	136.7402417222658	-219.10089547829307	529.396039705596	
4.765866932811393	-1.1601654287665752	-19.47888796394237	111.5440560340753	-19.478887963942157	307.04129583284	-203.06786543212138	111.54405603407548	-203.06786543212183	522.4427142247816	
4.818239096908222	6.416609474943506	-47.4005902404699	84.77745595762434	-47.40059024046973	313.9944936916062	-185.58183274272815	84.77745595762448	-185.58183274272875	509.3332071561323	
4.870611261005051	13.965684281131956	-74.75697834684262	58.52537229470866	-74.7569783468424	313.19766530033746	-165.62922626463134	58.525372294708795	-165.629226264632	486.7604229813493	
4.922983425101879	20.999910787496702	-99.6262604199094	34.60461362055166	-99.62626041990916	306.13761532465287	-142.08961614076327	34.604613620551795	-142.089616140764	452.82556576784754	
4.975355589198708	27.15728100567432	-120.62579252419624	14.36228635897153	-120.62579252419599	294.98159747262343	-113.90331514868532	14.362286358971645	-113.90331514868613	407.52240349385033	
5.027727753295537	32.45441245050311	-137.15721526559585	-1.4960350321408526	-137.15721526559557	282.0430669000983	-80.22777405291427	-1.4960350321407532	-80.22777405291512	352.86866524911136	
5.080099917392364	37.12743853638247	-149.31883939538713	-12.90945259819468	-149.31883939538676	269.2195581996646	-40.59164086504667	-12.909452598194576	-40.59164086504762	292.5698520491137	
5.132472081489193	41.55857013722914	-157.96922159341898	-20.29658418034839	-157.96922159341855	257.55929320920734	4.95974981409055	-20.29658418034829	4.959749814089578	231.39338123415337	
5.184844245586022	46.39245260669793	-164.47136893858186	-24.369841890187153	-164.47136893858135	247.213876533046	55.81998459927286	-24.369841890187047	55.819984599271834	174.28801808160327	
5.23721640968285	52.24956036301893	-170.3479208343977	-25.81887421362302	-170.34792083439717	237.50334784748983	110.79093421818726	-25.818874213622934	110.79093421818622	125.53807723935094	
5.289588573779679	59.48373630076452	-176.97298172493186	-25.12265971834126	-176.97298172493132	227.31469078670364	168.1023390854403	-25.12265971834119	168.10233908543927	88.03457519712833	
5.341960737876507	68.0547047876378	-185.196466596727	-22.43226875288315	-185.19646659672637	215.5868506175037	225.51060348195205	-22.432268752883076	225.51060348195105	62.92747918250306	
5.3943329019733355	77.30173184410003	-195.07019341259291	-17.616145208312012	-195.07019341259235	202.0053736718002	280.4686257895709	-17.61614520831197	280.46862578956996	49.574132019097874	
5.446705066070164	85.7857519446515	-205.78773493517764	-10.442401422400287	-205.78773493517704	187.21365206054804	330.3900756202299	-10.442401422400238	330.390075620229	45.88766007406251	
5.499077230166993	91.46497953461703	-215.81096504018558	-0.7780139024542123	-215.81096504018504	172.91073768647664	372.9133313941335	-0.7780139024541626	372.91333139413274	48.893551586645025	
5.5514493942638214	91.96743263520649	-223.23080815645386	11.198806260313994	-223.2308081564533	161.55468169008898	406.14044796714575	11.198806260314004	406.1404479671452	55.458944025087604	
5.60382155836065	84.69404022640532	-226.08768616068605	24.906688775263728	-226.0876861606856	155.6914691840346	428.84141593469894	24.906688775263767	428.8414159346985	62.87181097085003	
5.656193722457478	67.60432819974994	-222.92424516489768	39.41723732084022	-222.92424516489717	157.55054251245798	440.5448116894984	39.41723732084025	440.5448116894981	69.27399445631104	
5.7085658865543065	39.195453782154345	-213.09434054068709	53.59911520278462	-213.09434054068655	168.34912129392706	441.5879865376416	53.599115202784645	441.5879865376413	73.83600962855317	
5.760938050651135	-0.9316780456141629	-196.96991767951	66.35297539674448	-196.9699176795094	188.22931865373712	433.05283302613225	66.35297539674451	433.05283302613225	76.6848605687961	
5.813310214747964	-51.91953434707612	-175.90537080206803	76.82433676873922	-175.90537080206744	216.0122495536996	416.58928724439227	76.82433676873924	416.5892872443924	78.6022371192431	
5.8656823788447925	-111.84313026347883	-151.9804830945641	84.58869380504905	-151.98048309456334	249.96486503069542	394.29159668185656	84.58869380504913	394.29159668185684	80.64098685580208	
5.918054542941621	-177.4828748501316	-127.67463147094625	89.70073565281336	-127.67463147094543	287.99428697572245	368.4498531638445	89.70073565281348	368.4498531638449	83.85544088474168	
5.970426707038449	-244.95060647163754	-105.45735656104452	92.63856200359783	-105.45735656104364	328.4062462801905	341.3348806661792	92.63856200359803	341.33488066617974	89.06520456418264	
6.022798871135278	-309.88695927746323	-87.38945436552856	94.17412829411545	-87.38945436552758	370.36830542649614	315.0122321467394	94.1741282941157	315.0122321467401	96.78321750424917	
6.075171035232106	-368.0840153215856	-74.99190412404667	95.1872921464128	-74.99190412404558	413.77531838503745	291.11170972730116	95.18729214641314	291.11170972730196	107.24832141674949	
6.127543199328935	-415.6950980248336	-68.94283246796641	96.48678773254409	-68.94283246796539	459.53369458621773	270.70336898102283	96.4867877325445	270.7033689810237	120.48609646173331	
6.1799153634257635	-449.95348351877857	-69.2330975946336	98.67051019008503	-69.23309759463255	508.628057024157	254.19641302032008	98.67051019008552	254.19641302032096	136.34824252080446	
6.232287527522592	-469.426025634086	-75.18396011465862	102.07407145126068	-75.18396011465755	562.0285956110256	241.4129912953558	102.07407145126129	241.41299129535668	154.52798875235382	
6.28465969161942	-473.76419189807905	-85.4910499359385	106.71664689561703	-85.49104993593751	619.6580523487293	231.6831009764504	106.7166468956178	231.68310097645133	174.51925814804605	
6.337031855716249	-464.3132401575499	-98.33779986164869	112.37321978533241	-98.33779986164782	680.1722433177009	223.98472185448776	112.37321978533326	223.9847218544887	195.54451362883864	
6.389404019813077	-443.3062118968388	-111.6149405686646	118.63378556854043	-111.61494056866377	740.8303480803361	217.13232877471063	118.63378556854141	217.13232877471148	216.55235861683332	
6.441776183909906	-414.12943402493795	-123.01308324544166	125.00636381560207	-123.01308324544101	797.5698164433028	210.00384503569825	125.0063638156032	210.0038450356991	236.20840436698506	
6.494148348006735	-380.414542436812	-130.04920841472517	130.99314197158733	-130.04920841472466	845.7821381691549	201.61409532657086	130.99314197158856	201.61409532657163	253.00378992925812	
6.546520512103563	-345.9798040183032	-130.66702470987744	136.11971627523985	-130.66702470987704	880.5740269071634	191.22371171508527	136.1197162752412	191.22371171508593	265.430922356367	
6.598892676200391	-314.01636294740354	-123.14648244037441	140.0117597494589	-123.14648244037416	898.1418856657983	178.3534988224999	140.01175974946028	178.3534988225004	272.16196164591184	
6.65126484029722	-286.8214948928995	-106.60089983694132	142.3968562415459	-106.6008998369412	895.7700184441306	162.81288588068202	142.39685624154728	162.81288588068236	272.2777125407842	
6.703637004394048	-265.22956905680337	-80.85156602845399	143.06423221882014	-80.851566028454	872.5640268905919	144.65836757492414	143.0642322188215	144.6583675749243	265.41877361685954	
6.756009168490877	-248.870766777203	-46.87689948176578	141.8446537885455	-46.87689948176594	829.1539332728353	124.23978647058584	141.8446537885468	124.23978647058584	251.84572549103768	
6.808381332587706	-235.82915151661538	-6.352745327387524	138.61186409922374	-6.352745327387758	767.8040335187586	102.19401136342297	138.61186409922493	102.19401136342279	232.48655077494465	
6.860753496684533	-223.66371241827386	38.0763512488794	133.28866369044755	38.07635124887913	691.6335781676505	79.45327513360569	133.28866369044857	79.45327513360536	208.82979766780187	
6.913125660781362	-209.44658515983693	83.34534729195867	125.8547563753371	83.34534729195838	604.4092561594383	57.1788744878375	125.85475637533796	57.17887448783706	182.72336392055382	
6.965497824878191	-190.72132556332264	126.15649719377804	116.38697009215329	126.15649719377788	510.0852119276453	36.6331913698847	116.38697009215393	36.63319136988416	156.12980599899203	
7.017869988975019	-165.95212430900835	163.2994192202855	105.09532825734262	163.29941922028542	412.50300996448294	19.064722601540385	105.09532825734307	19.06472260153983	130.8348599304432	
7.070242153071848	-134.9906503892132	191.9431797341869	92.3291533908173	191.94317973418694	315.20330490868946	5.493257207685531	92.32915339081757	5.493257207685005	108.20331815042704	
7.122614317168677	-99.01329294012831	209.95253871130043	78.54028562470694	209.95253871130075	221.1940760092483	-3.441071038762253	78.54028562470702	-3.441071038762729	89.03907962290378	
7.174986481265504	-60.48667427687566	216.05952647727287	64.24282498635097	216.05952647727344	132.91240845091028	-7.564800441665675	64.24282498635088	-7.564800441666048	73.53215732551548	
7.227358645362333	-22.6463992129219	209.8687322758619	49.946304995637696	209.86873227586273	52.174441114767134	-7.185682630578391	49.946304995637504	-7.185682630578636	61.34809447783621	
7.279730809459162	11.129258695771199	191.8770286058174	36.08457426736588	191.87702860581845	-19.75003102834441	-3.005065673244001	36.08457426736559	-3.0050656732441032	51.784423099724755	
7.33210297355599	37.695653218081105	163.4334531390268	22.969887874705787	163.43345313902807	-82.02534272408523	4.009488549807224	22.969887874705442	4.009488549807245	43.97785529516815	
7.384475137652819	54.857135921336685	126.3060577559665	10.764803715577514	126.306057755968	-133.92988668766432	12.824051570039778	10.764803715577136	12.824051570039925	37.081468042846595	
7.436847301749648	61.4940278273431	82.64083425510756	-0.5007980048639094	82.64083425510924	-174.80033362278	22.50725062202776	-0.500798004864293	22.50725062202801	30.37931995536684	
7.4892194658464755	57.79849217390189	34.56493373033538	-10.886415063396537	34.56493373033713	-203.62245358527855	32.34825274786064	-10.88641506339691	32.348252747860975	23.294158044845453	
7.541591629943304	45.148824175892464	-15.917279063144882	-20.506790422655204	-15.917279063143077	-219.13440669519775	41.9189447560978	-20.50679042265554	41.91894475609821	15.340671839699894	
7.593963794040133	26.01696393592485	-67.11970984152023	-29.46428086199368	-67.11970984151844	-219.94049177591253	51.05685255955994	-29.464280861993984	51.056852559560404	6.064526869718556	
7.646335958136961	3.3913641425188104	-117.60301147100317	-37.815956020318254	-117.60301147100142	-204.80460664631403	59.77681068341742	-37.81595602031852	59.7768106834179	-5.024436283676117	
7.69870812223379	-19.459937606777093	-166.12132283146252	-45.551835971945735	-166.1213228314609	-173.27614234911175	68.17918932675195	-45.55183597194596	68.17918932675245	-18.473157291846984	
7.751080286330619	-39.42058063419658	-211.474655025041	-52.58273422609957	-211.47465502503937	-125.7911494265596	76.35090937358812	-52.582734226099724	76.35090937358859	-34.803346046463176	
7.8034524504274465	-54.1731020265055	-252.46947846897467	-58.741832109882026	-252.46947846897325	-64.38911249365522	84.29362573058432	-58.74183210988213	84.29362573058476	-54.41839036201914	
7.855824614524275	-62.054294522254516	-287.7437434026847	-63.793104759152584	-287.7437434026834	7.736910320634692	91.8805891136996	-63.793104759152655	91.88058911370001	-77.46182813159204	
7.908196778621104	-62.62136861095411	-315.90132371682824	-67.46890028212394	-315.90132371682705	86.02458554189694	98.85853070169848	-67.46890028212394	98.85853070169883	-103.72951235680488	
7.9605689427179325	-56.28375283356063	-335.6108289070633	-69.52122291032838	-335.61082890706217	165.36084952148138	104.89105262059496	-69.52122291032835	104.89105262059526	-132.62540842817808	
8.012941106814761	-44.31453464304542	-345.8178304732389	-69.78216067800369	-345.81783047323785	240.28328833565257	109.58474232269869	-69.7821606780036	109.58474232269893	-163.16800643968736	
8.06531327091159	-28.67566025927161	-345.9995131451667	-68.22743740236447	-345.9995131451656	305.7808326122497	112.55911726246478	-68.2274374023644	112.55911726246495	-194.10112520651137	
8.117685435008418	-11.507156682697826	-336.3660888755022	-65.0324150572261	-336.3660888755012	357.6085168317916	113.50447994088421	-65.03241505722599	113.50447994088432	-224.00310880728108	
8.170057599105247	4.75501630452311	-317.9924607653213	-60.59413013123109	-317.99246076532023	392.47937119978224	112.19825772560287	-60.59413013123099	112.19825772560299	-251.4373701333619	
8.222429763202076	17.859117623936108	-292.6769110310276	-55.50836084232749	-292.6769110310264	408.4835256578796	108.53795004890145	-55.50836084232741	108.53795004890158	-275.0886005940585	
8.274801927298903	25.58850924156401	-262.88096126062806	-50.504526377352036	-262.88096126062686	404.62185707343895	102.52578793649754	-50.504526377352	102.52578793649766	-293.8435184776789	
8.327174091395731	26.052530036468625	-231.44819575168344	-46.32694514976761	-231.44819575168225	381.2186548867813	94.27982762933313	-46.326945149767624	94.27982762933328	-306.86222688940063	
8.37954625549256	17.83801804390444	-201.22995175765982	-43.61240409040339	-201.22995175765863	339.4666931268158	84.0099126338538	-43.61240409040342	84.00991263385403	-313.5872895560439	
8.431918419589389	0.040945528630984995	-174.87674076051218	-42.75160400603335	-174.8767407605111	281.65340629836425	72.02305071021696	-42.75160400603345	72.02305071021723	-313.7274845070525	
8.484290583686217	-27.434116192436022	-154.6924796857612	-43.807908827049175	-154.69247968576013	210.77246623074	58.713255837339595	-43.807908827049296	58.713255837339915	-307.23147222201567	
