# Stress in units of bar (10^5 Pa)
# z	Sxx	Sxy	Sxz	Syx	Syy	Syz	Szx	Szy	Szz
0.0	-112.76132256854598	39.16294735683358	27.125807303014806	39.16294735683303	213.9529255436815	24.346447953642866	27.125807303014515	24.346447953643256	106.79275760772663	
0.05534243461323623	-122.86598398252801	40.30630745882735	21.771278143758124	40.30630745882669	203.01659718926476	22.45388729377208	21.771278143757865	22.453887293772468	87.9330344941352	
0.11068486922647246	-132.65305747913175	38.64981598143872	20.057529679851363	38.64981598143804	188.08788106459465	21.124432779150492	20.057529679851104	21.12443277915088	64.22314248283035	
0.16602730383970868	-141.1855634434162	35.28428638938746	21.740912406571262	35.28428638938671	169.0654018314024	19.861848985732323	21.740912406571013	19.86184898573272	37.039705860788715	
0.22136973845294491	-147.47886996913547	31.355817618226958	26.367630137914546	31.355817618226197	146.28270244564118	18.210834043322166	26.367630137914265	18.210834043322585	8.23401850195409	
0.2767121730661811	-150.41367015770254	28.091747484399615	33.36272473543143	28.091747484398855	120.61674875207328	15.865765159945205	33.36272473543116	15.86576515994566	-20.05678894772843	
0.33205460767941736	-149.04724354411576	26.357235568479375	42.09017371088731	26.35723556847867	93.40765435800273	12.734690107757107	42.09017371088702	12.73469010775761	-45.64924796805463	
0.3873970422926536	-142.71579069439943	26.668622084405577	51.88334522484289	26.668622084404934	66.2917851870323	8.960139758768449	51.88334522484257	8.960139758769012	-66.5506058850323	
0.44273947690588983	-131.08883597638084	29.019384497530517	62.06392747922126	29.01938449752992	40.992477892190834	4.930443875537867	62.06392747922091	4.930443875538505	-81.16696335590466	
0.49808191151912606	-114.61625938785103	33.05359414321591	71.93735776472535	33.053594143215435	18.87230030146046	1.228592956925084	71.93735776472496	1.22859295692579	-88.473166408249	
0.5534243461323622	-94.21400783303733	38.061611649417586	80.80981229892583	38.0616116494172	0.9536007052898867	-1.4410321340865089	80.80981229892541	-1.441032134085729	-88.0778645573653	
0.6087667807455985	-71.52426477284382	43.27348662153843	88.01176663392525	43.27348662153817	-12.481003704770743	-2.35191137705932	88.01176663392476	-2.351911377058478	-80.21024510124188	
0.6641092153588347	-48.57370853204214	47.9304722086996	92.9638230502717	47.93047220869947	-21.63421964967892	-0.8595606015016664	92.96382305027119	-0.8595606015007711	-65.63985672711502	
0.719451649972071	-27.73810204011277	51.46183026240735	95.23558687318052	51.46183026240734	-27.321878558071724	3.5104684195150178	95.23558687317998	3.510468419515945	-45.519087152196775	
0.7747940845853072	-11.124125237761808	53.59519308320999	94.60475117960972	53.595193083210134	-30.474925867087084	10.995755817267106	94.60475117960917	10.995755817268039	-21.210744757372627	
0.8301365191985435	-0.5618231700573446	54.33001205107045	91.09520729526332	54.330012051070696	-32.054754077374035	21.54988396742653	91.09520729526278	21.549883967427444	5.8623285278363575	
0.8854789538117797	2.747587777571212	53.899156160051646	84.99035542991581	53.899156160052016	-32.93847046484156	34.82971565966523	84.99035542991528	34.8297156596661	34.34108067203821	
0.9408213884250158	-1.3508106804220361	52.71406815251481	76.79671311247724	52.714068152515296	-33.53341767321201	50.248843353792054	76.79671311247672	50.24884335379285	63.01328657470243	
0.9961638230382521	-12.303273412084124	51.28896542396642	67.17530875639915	51.28896542396702	-34.05035984838528	67.05016532288846	67.17530875639866	67.05016532288914	90.7985353633234	
1.0515062576514884	-28.497284126462624	49.954448878770165	56.85154309639002	49.95444887877085	-34.284159474821415	84.37533698567928	56.85154309638959	84.37533698567984	116.71677101751435	
1.1068486922647245	-47.63674372005023	48.98952631679202	46.56449127743932	48.989526316792805	-33.83165293838687	101.36296572661709	46.56449127743895	101.3629657266175	139.84692289470598	
1.1621911268779608	-66.76682726577504	48.415174154098096	36.991055680425006	48.41517415409892	-32.11353249528014	117.21124069659709	36.9910556804247	117.21124069659739	159.30337051586733	
1.217533561491197	-82.81153724618694	48.086705391884955	28.696190715171674	48.086705391885815	-28.36209119987114	131.22660216323834	28.69619071517144	131.2266021632385	174.2586642665028	
1.2728759961044334	-92.74156187745089	47.658577725452716	22.13434467199141	47.65857772545358	-21.734829627307896	142.80857509138218	22.134344671991244	142.80857509138224	184.00485720902728	
1.3282184307176694	-93.9973760274763	46.74643814823705	17.620100657017513	46.74643814823784	-11.337626320213502	151.39803448353007	17.620100657017428	151.39803448353004	188.03186629404016	
1.3835608653309057	-84.7299050731729	45.01915601412682	15.353357535529446	45.019156014127546	3.952506890954769	156.4086027010449	15.353357535529437	156.40860270104483	186.1739039508559	
1.438903299944142	-64.05053648662245	42.299002383848475	15.416920572848802	42.2990023838491	25.16422679719659	157.1934093731505	15.416920572848873	157.1934093731504	178.68630856162264	
1.494245734557378	-32.04991086759091	38.579912872701975	17.771280045415033	38.57991287270247	53.259024239712076	153.0484742385047	17.771280045415175	153.04847423850458	166.3260063173912	
1.5495881691706144	10.119294824349424	34.0746129375782	22.308407839215214	34.07461293757858	88.97584317643752	143.3041508472678	22.30840783921542	143.30415084726772	150.3142116126441	
1.6049306037838507	60.53736442137115	29.13633246967079	28.899671868125274	29.13633246967102	132.53115677734365	127.456218890828	28.89967186812555	127.45621889082793	132.2920168016454	
1.660273038397087	116.56158809867152	24.207691646366637	37.42955909797482	24.20769164636676	183.5478504263503	105.33301169996759	37.429559097975165	105.33301169996753	114.19096974909232	
1.715615473010323	175.1881193139139	19.640794384989228	47.84085309640223	19.640794384989274	240.85507389507035	77.26643164460427	47.84085309640262	77.26643164460425	98.0257817936586	
1.7709579076235593	233.17834760875866	15.750694404197104	60.154701389953146	15.750694404197088	302.54393236265537	44.19939402787994	60.15470138995357	44.19939402787999	85.69439095473317	
1.8263003422367956	287.3404521392454	12.70682619762874	74.4264075145747	12.706826197628686	366.05878283332265	7.6704940453878	74.42640751457515	7.670494045387892	78.78212415007657	
1.8816427768500317	334.6593214758725	10.526947100875834	90.66694566014615	10.526947100875773	428.43312682179476	-30.303196093482345	90.66694566014661	-30.30319609348222	78.37285765390645	
1.936985211463268	372.4379831880679	9.175708603471932	108.6786383317004	9.175708603471914	486.4564496327325	-67.44365218172157	108.67863833170088	-67.44365218172143	84.94787008205611	
1.9923276460765043	398.5567965588744	8.538233882375634	127.93227784713974	8.538233882375632	537.0917331723546	-101.48043991408721	127.9322778471402	-101.48043991408707	98.36964524365132	
2.0476700806897403	411.56989645411943	8.544681761603783	147.4484148612887	8.544681761603798	577.6542128781819	-130.43656984392464	147.44841486128922	-130.43656984392447	117.93127519218706	
2.103012515302977	410.950369622897	9.142821258921032	165.76185049668638	9.142821258921145	606.0970387084403	-152.8371828296998	165.7618504966868	-152.83718282969966	142.48160236942414	
2.158354949916213	397.28765315431656	10.300523575009233	181.02427475185448	10.300523575009333	621.1441783960868	-167.8788579137415	181.02427475185488	-167.87885791374143	170.58097599172726	
2.213697384529449	372.16937437505567	12.001872631629695	191.22754457304256	12.00187263162983	622.248599266268	-175.45047938955753	191.22754457304293	-175.45047938955742	200.7002086015904	
2.2690398191426855	338.36900317268214	14.168632119395	194.52266837878702	14.168632119395134	609.7492986598918	-176.0746446426763	194.5226683787873	-176.07464464267628	231.39151451576365	
2.3243822537559216	299.43944760086595	16.643808768681644	189.57417787997892	16.643808768681815	584.5631985629151	-170.76546312414	189.5741778799792	-170.76546312414004	261.3601316081838	
2.3797246883691576	259.4537211037211	19.219191993439814	175.9008820157185	19.219191993439942	548.243923388082	-160.83136772676934	175.90088201571876	-160.83136772676932	289.4805282826944	
2.435067122982394	222.51981941766346	21.54146594926678	154.05323671209936	21.541465949266893	502.67379144024915	-147.69516432869796	154.0532367120996	-147.695164328698	314.76833064226554	
2.49040955759563	192.3702584046335	23.216862428570742	125.64420307172014	23.21686242857088	450.0576474000399	-132.70592667074888	125.64420307172034	-132.70592667074894	336.32793939411306	
2.5457519922088667	171.87744422378904	23.80709751904902	93.17620895919265	23.807097519049147	392.7918394677343	-117.03760708936542	93.1762089591928	-117.03760708936554	353.2749663540553	
2.601094426822103	162.74161543657618	22.921496228143585	59.69472330420171	22.92149622814371	333.3776789961869	-101.6025197659695	59.69472330420189	-101.60251976596963	364.71677803238686	
2.656436861435339	165.2786187552337	20.29311095247858	28.344403206982427	20.293110952478692	274.2589545209322	-87.03807500397923	28.344403206982605	-87.03807500397936	369.80698766145883	
2.7117792960485754	178.37489032794656	15.832481239904496	1.9012825198838499	15.832481239904578	217.84056175983287	-73.76651701405395	1.9012825198840488	-73.76651701405407	367.82351028478195	
2.7671217306618114	199.80255052729822	9.725266586735433	-17.590529144521533	9.725266586735525	166.30172435940884	-62.0483760630672	-17.590529144521355	-62.04837606306734	358.3381538349461	
2.8224641652750475	226.15715515304265	2.43949249057299	-29.06715823353027	2.439492490573066	121.22243079650634	-52.055402655549685	-29.06715823353011	-52.05540265554983	341.3877366403355	
2.877806599888284	253.5503816780535	-5.3501554507809	-32.494401924372376	-5.350155450780836	83.66808519714088	-43.915163305099	-32.4944019243722	-43.91516330509914	317.63532730981564	
2.93314903450152	277.89430509948903	-12.87252620902597	-28.752345873761058	-12.872526209025914	53.7516409288161	-37.73645764234956	-28.752345873760884	-37.736457642349706	288.46773013115546	
2.988491469114756	295.55688959025895	-19.444503915228808	-19.38982944836662	-19.444503915228772	30.919510181074287	-33.60226341646216	-19.38982944836647	-33.60226341646231	256.00207483714445	
3.0438339037279927	303.47023750116745	-24.58980045697109	-6.329558797295917	-24.589800456971048	13.679578382064264	-31.534939009337435	-6.3295587972957605	-31.534939009337585	222.96178631462524	
3.0991763383412287	299.8843953916289	-28.266849108983898	8.423842420564405	-28.26684910898384	0.07627317452245563	-31.45119596482042	8.42384242056455	-31.451195964820577	192.4492516316696	
3.154518772954465	284.3249899500961	-30.75993456601914	23.017887948470264	-30.759934566019112	-11.979004744693526	-33.13941119673981	23.017887948470403	-33.13941119673995	167.60588359463975	
3.2098612075677013	257.5340998357749	-32.72160445882708	35.949848025790054	-32.72160445882705	-24.55397404993087	-36.294683065122285	35.949848025790175	-36.29468306512242	151.2202294565848	
3.2652036421809374	221.7258084405397	-34.938164192562226	46.165881759855395	-34.93816419256218	-38.95394629233109	-40.522014991430254	46.1658817598555	-40.52201499143036	145.37653068669357	
3.320546076794174	179.89636522156277	-37.976703442437916	53.09846774040156	-37.9767034424379	-55.92716828698656	-45.350912470906444	53.09846774040167	-45.35091247090653	151.14053194861194	
3.37588851140741	135.67451324537495	-42.23409262164659	56.63108609156134	-42.23409262164657	-75.19553016816704	-50.33229468219973	56.631086091561436	-50.33229468219981	168.37952298707023	
3.431230946020646	92.76372975337458	-47.56803836064614	57.07620369098495	-47.568038360646135	-95.82421592255382	-55.069375975390145	57.076203690985025	-55.0693759753902	195.72348971037732	
3.4865733806338826	54.748003910961835	-53.42802713979873	55.099519889233186	-53.42802713979873	-116.2636209603408	-59.256522691962445	55.09951988923325	-59.25652269196247	230.6852016595443	
3.5419158152471186	24.467000559247694	-58.909779711760265	51.58618174160119	-58.90977971176026	-134.72093473934174	-62.694569742822274	51.58618174160125	-62.694569742822274	269.91758683764505	
3.5972582498603547	4.047616893989996	-63.06947522191388	47.5537653407267	-63.06947522191391	-149.4002498647021	-65.29376220331568	47.55376534072674	-65.29376220331565	309.5740348303077	
3.652600684473591	-5.489454734000361	-65.14628219828813	43.99602854295851	-65.14628219828815	-158.91588503224204	-67.071214597758	43.99602854295855	-67.07121459775797	345.6745953326683	
3.7079431190868273	-4.28586480719467	-64.73877643402523	41.78844017778089	-64.73877643402524	-162.42673069489038	-68.13710095681398	41.78844017778092	-68.13710095681395	374.5715701531292	
3.7632855537000633	6.453642719186405	-61.95292391553903	41.572654045862194	-61.95292391553905	-159.67172215673764	-68.68718733504502	41.57265404586222	-68.687187335045	393.3262730882704	
3.8186279883133	24.553214615561828	-57.36544515639232	43.653448631071186	-57.36544515639233	-151.13577034984786	-68.99268122440944	43.65344863107121	-68.99268122440941	400.050727355819	
3.873970422926536	47.14684384111842	-51.90418822838352	47.97478537776563	-51.90418822838354	-137.6774640636462	-69.37424070116226	47.974785377765656	-69.37424070116222	394.0684339253702	
3.9293128575397724	70.94651477733728	-46.66911522841565	54.148964001181746	-46.66911522841565	-120.51492644051953	-70.15161664130768	54.148964001181774	-70.15161664130767	376.010879678923	
3.9846552921530085	92.80280363618603	-42.687083140143706	61.499566444167606	-42.6870831401437	-100.88955300791363	-71.60367725235358	61.499566444167634	-71.60367725235356	347.74525666544037	
4.039997726766245	109.9030841411745	-40.834566282240495	69.18078514884311	-40.83456628224049	-79.93373040827674	-73.88746146108033	69.18078514884313	-73.88746146108035	312.1232934531816	
4.095340161379481	120.28789397911117	-41.710602139324486	76.28753094267763	-41.71060213932443	-58.47518090877365	-76.9725129343044	76.28753094267766	-76.97251293430443	272.6603344121766	
4.150682595992717	122.9328201557257	-45.52265448377397	82.00399759516246	-45.52265448377391	-37.08702977225125	-80.58682430470887	82.0039975951625	-80.58682430470894	233.16904412276074	
4.206025030605954	117.78979169465428	-52.18981799815088	85.74779282061687	-52.18981799815078	-15.929496349119958	-84.21804889920665	85.74779282061692	-84.2180488992067	197.33025184336736	
4.261367465219189	105.81681514879281	-61.35358505477775	87.2263774628266	-61.35358505477766	4.946489512683172	-87.18543418073578	87.22637746282663	-87.18543418073585	168.34109367278407	
4.316709899832426	88.80459732818721	-72.40504372624083	86.47751682562307	-72.4050437262407	25.70355473280995	-88.75738259101485	86.47751682562313	-88.75738259101495	148.63323264567714	
4.372052334445662	69.13000035540745	-84.54973622242395	83.83417064935708	-84.54973622242383	46.492465382795004	-88.31247505787549	83.83417064935713	-88.3124750578756	139.66330834937526	
4.427394769058898	49.52751432274343	-96.79104609256396	79.80829833052321	-96.79104609256382	67.56228520216673	-85.51272624558707	79.80829833052327	-85.51272624558722	141.760260029427	
4.4827372036721345	32.87706479033004	-108.0739322999567	74.97704195170488	-108.07393229995658	89.2335699682342	-80.44791676904362	74.97704195170492	-80.44791676904376	154.06336066762964	
4.538079638285371	21.8849599862571	-117.31722464293766	69.86729950566072	-117.31722464293757	111.7964525384239	-73.68499167120648	69.86729950566078	-73.68499167120659	174.54897507635863	
4.593422072898607	18.90226440943212	-123.52885718497333	64.87244260210863	-123.52885718497326	135.8505418275239	-66.22223558644814	64.87244260210868	-66.22223558644825	200.23105124676886	
4.648764507511843	25.67762033274947	-125.96181893005043	60.185695068368574	-125.96181893005038	161.99908703404722	-59.35135412323131	60.185695068368624	-59.35135412323142	227.43546035556767	
4.70410694212508	43.06488049252076	-124.15518495394498	55.82159550532869	-124.15518495394498	190.90926334171905	-54.39775295695618	55.82159550532872	-54.39775295695628	252.19261626964533	
4.759449376738315	70.9889274950175	-117.99497792248128	51.635749855885194	-117.9949779224813	223.16930024199323	-52.49252171157628	51.63574985588522	-52.492521711576345	270.7243119364265	
4.814791811351552	108.52712896602256	-107.81763465302937	47.38687997578975	-107.81763465302943	259.1210042036961	-54.37169080604783	47.386879975789775	-54.37169080604786	279.94847523701117	
4.870134245964788	153.76879381291724	-94.22043371477227	42.81539851646443	-94.22043371477235	298.4988562488182	-60.21200111005652	42.815398516464434	-60.21200111005653	277.87797904986246	
4.925476680578024	204.25145133614876	-78.11274911859414	37.69695383604131	-78.11274911859427	340.4795995391072	-69.59800561681658	37.69695383604131	-69.59800561681655	263.8335462032659	
4.98081911519126	256.9412767533055	-60.45685357158905	31.889486492109512	-60.45685357158918	383.309983729353	-81.56873838856356	31.889486492109498	-81.56873838856349	238.51087351444986	
5.036161549804497	308.5861612944774	-42.20243698489968	25.370620152181047	-42.202436984899784	424.42079063646344	-94.75142481870597	25.37062015218104	-94.75142481870587	203.79887399403992	
5.091503984417733	355.9925228863915	-24.12824935124388	18.27968261381887	-24.128249351244026	460.66710620195136	-107.50811601705729	18.279682613818867	-107.50811601705713	162.46764358255285	
5.146846419030969	396.20061997893373	-6.654665075548398	10.912867658738818	-6.654665075548552	488.43979764919095	-118.12374512278576	10.91286765873883	-118.1237451227856	117.78314972672942	
5.202188853644206	426.6990509333287	10.157300260808547	3.700739341112511	10.157300260808384	504.3281088722945	-124.98160802250237	3.700739341112543	-124.98160802250219	73.14869486947626	
5.257531288257442	445.7180248069456	26.602115102364554	-2.8363009133779116	26.60211510236436	505.4347647579041	-126.72990124017088	-2.8363009133778405	-126.72990124017068	31.767842509885302	
5.312873722870678	452.48663570264637	43.2494557977238	-8.169685363933045	43.24945579772358	490.09289357705006	-122.43660068288914	-8.169685363932928	-122.43660068288892	-3.558174048545208	
5.368216157483914	447.19122999619674	60.795312349931514	-11.86463427254194	60.79531234993128	458.10365371665944	-111.71892917028522	-11.864634272541762	-111.71892917028501	-30.604461066128707	
5.423558592097151	431.0482642511838	79.77059327977965	-13.674292868004775	79.77059327977939	410.8766425247273	-94.81286854531413	-13.67429286800454	-94.81286854531389	-47.80135618283019	
5.478901026710386	406.12509502501234	100.40587739247431	-13.619164361238248	100.40587739247403	351.40263172756977	-72.58345436822083	-13.619164361237923	-72.58345436822059	-54.314390678843424	
5.534243461323623	374.86425573825977	122.45685944445572	-11.994556955304253	122.45685944445543	283.71711634061217	-46.46997625742277	-11.994556955303853	-46.46997625742253	-50.08726497658502	
5.589585895936859	339.70488814336517	145.14122529951072	-9.317193501956243	145.14122529951035	212.42308899151163	-18.326311989576638	-9.317193501955769	-18.3263119895764	-35.85622712873795	
5.644928330550095	302.67054701777386	167.32473422632455	-6.2265105695488305	167.3247342263242	142.08683970450377	9.829607876338624	-6.22651056954828	9.829607876338851	-13.109636204652269	
5.7002707651633315	265.0163044314774	187.50731299633927	-3.3411912592663295	187.50731299633892	76.60172378835314	36.055242606219764	-3.341191259265706	36.05524260621999	16.054137415744076	
5.755613199776568	227.07701276558757	204.28522076383427	-1.1204483659547364	204.28522076383393	18.920075157289375	58.729466124985706	-1.1204483659540685	58.729466124985905	49.13487492420221	
5.810955634389804	188.5026423357072	216.3227181145754	0.2088420662490762	216.32271811457503	-29.245328563014446	76.73544538339252	0.20884206624975832	76.7354453833927	83.52015759972448	
5.86629806900304	148.4141270525497	222.7446900362075	0.6507277933684232	222.74469003620717	-67.18006547322003	89.54404301157687	0.6507277933691142	89.54404301157706	116.80235708242174	
5.921640503616277	106.10622992073799	223.1219340814097	0.39994974122184956	223.1219340814094	-95.02440320658141	97.19319665623547	0.3999497412225246	97.19319665623561	147.0696856108461	
5.976982938229512	61.417034580586304	217.55791856071286	-0.2923393595894339	217.55791856071255	-113.37805353673478	100.1830426694983	-0.2923393595887802	100.1830426694984	173.07794968339905	
6.032325372842749	15.02353552372497	206.70354586113362	-1.2140836043762775	206.70354586113325	-123.18243300793512	99.34583582801987	-1.21408360437567	99.34583582801997	194.33735095575616	
6.087667807455985	-31.417994826540415	191.62578070839862	-2.2659201223165564	191.62578070839822	-125.45944185737824	95.69754013747827	-2.2659201223160084	95.69754013747831	211.04041972251326	
6.143010242069221	-75.40363370396635	173.71463911122132	-3.483623390437426	173.7146391112209	-121.26516613547643	90.31422727114155	-3.4836233904369465	90.31422727114158	223.8882047402595	
6.1983526766824575	-113.88931617383433	154.57542225699302	-4.97535085194855	154.5754222569926	-111.77396176389117	84.23601851544043	-4.975350851948136	84.23601851544045	233.81368550503845	
6.253695111295694	-143.92768612705788	135.75311785118538	-6.828155799089526	135.7531178511849	-98.19647052245467	78.41298658703116	-6.828155799089178	78.41298658703116	241.73470424905318	
6.30903754590893	-162.90393328644268	118.65184487823188	-9.010698236808462	118.65184487823134	-81.86100438337094	73.65667282882313	-9.010698236808159	73.65667282882313	248.34983970673085	
6.364379980522166	-169.21319771960495	104.33104712627842	-11.28889099237777	104.33104712627781	-64.11646946362862	70.62229423466961	-11.288890992377503	70.62229423466962	254.00021627152069	
6.419722415135403	-162.2569449540117	93.38068744002922	-13.246903301781806	93.38068744002857	-46.15690479197605	69.76895855941721	-13.246903301781575	69.76895855941724	258.67396439562	
6.475064849748639	-142.57042262489966	85.9311781484277	-14.366936412898527	85.931178148427	-29.152605979239652	71.33762656407619	-14.36693641289832	71.33762656407619	262.1041439945707	
6.530407284361875	-111.79033703522741	81.72826798249132	-14.135935250135208	81.72826798249054	-13.843670437919826	75.3450872967799	-14.135935250135018	75.34508729677994	263.91501158074874	
6.585749718975111	-72.40387887594751	80.1509778925944	-12.198940344224162	80.15097789259357	-0.879639992563443	81.58839008822872	-12.198940344224008	81.58839008822878	263.79549703199325	
6.641092153588348	-27.384641389696114	80.50445485324735	-8.474593732675103	80.50445485324651	9.45074328712888	89.66333231745901	-8.474593732674975	89.66333231745907	261.63426952658824	
6.696434588201583	20.102375686995188	81.99813719989099	-3.20127800808598	81.9981371998901	17.045034351221148	99.02528668150035	-3.201278008085886	99.02528668150042	257.61910671955775	
6.75177702281482	66.86661922222063	84.05326059586164	3.0738425495833623	84.05326059586076	21.951118004380703	109.04068854216382	3.073842549583414	109.0406885421639	252.2212873734013	
6.8071194574280565	110.01441850085519	86.13826485819743	9.580999385116844	86.13826485819654	24.424380722426434	119.0327218886525	9.580999385116836	119.03272188865259	246.12645795293562	
6.862461892041292	147.06132094615188	87.88106761354948	15.463043921128772	87.88106761354867	24.78082498064957	128.3438184362614	15.463043921128698	128.3438184362615	240.09079115774406	
6.917804326654529	176.0862810760936	88.94496489125996	19.955965766347415	88.94496489125922	23.50869265989752	136.39935174786547	19.955965766347276	136.3993517478655	234.81232957189334	
6.973146761267765	195.82742937217893	88.96534248968496	22.529381142564347	88.96534248968435	21.135582008679627	142.73998029203102	22.529381142564134	142.73998029203102	230.7868327146848	
7.028489195881001	205.614762693169	87.53603060647951	23.009177805290157	87.53603060647904	18.041648730663866	147.08136263268338	23.009177805289866	147.08136263268335	228.21058645162472	
7.083831630494237	205.40559792808438	84.18469397265895	21.617612387869272	84.18469397265866	14.485253228229404	149.3624139874637	21.617612387868917	149.36241398746364	226.95326093801452	
7.139174065107474	195.93290264123482	78.49941296251714	18.95472104552667	78.49941296251706	10.5127725046198	149.72888561330538	18.954721045526263	149.7288856133053	226.58253312533083	
7.194516499720709	178.34031724968662	70.13951398351686	15.920814783120363	70.13951398351693	5.818239339763945	148.54044498380335	15.920814783119908	148.5404449838032	226.47987884113326	
7.249858934333946	154.45775869835268	59.023299459493785	13.564981848347978	59.02329945949402	-0.07855943205230886	146.30849583400428	13.564981848347475	146.30849583400413	225.96140423949697	
7.305201368947182	126.43553034103078	45.38072515584499	12.909660237018807	45.380725155845354	-7.632015027111478	143.6226325708812	12.909660237018281	143.62263257088108	224.42633881796445	
7.360543803560418	96.75100044113552	29.822975378330618	14.762084838394639	29.822975378331062	-17.14072765224791	141.0394852890492	14.762084838394095	141.03948528904905	221.50105669602937	
7.4158862381736546	67.95707396011346	13.259147646916073	19.571576505079843	13.259147646916553	-28.407118069581564	139.00213382056424	19.5715765050793	139.00213382056415	217.1470447539095	
7.471228672786891	42.49597663652299	-3.1283012956508323	27.331807092034836	-3.128301295650349	-40.88422793436898	137.7868200596118	27.33180709203431	137.78682005961176	211.683952080967	
7.526571107400127	22.4196949732069	-18.018102309172463	37.57491387454139	-18.018102309172008	-53.46099239239106	137.47541938027263	37.5749138745409	137.4754193802726	205.76229272501206	
7.581913542013363	9.251940685030256	-30.118634643228948	49.44665100901351	-30.11863464322855	-64.8272029778243	137.98837346193	49.44665100901306	137.98837346193	200.2478635262486	
7.6372559766266	3.6978031299563554	-38.34376479613221	61.85658055955259	-38.343764796131914	-73.69169676179986	139.1480645734367	61.8565805595522	139.1480645734367	196.071641416166	
7.692598411239835	5.722599977488208	-41.91166831468832	73.66612016054057	-41.9116683146881	-79.00814817868887	140.7489114907021	73.66612016054023	140.74891149070214	194.037625266275	
7.747940845853072	14.271737700620486	-40.552578830571214	83.88427326021079	-40.55257883057108	-80.30589483894609	142.61621004062192	83.88427326021056	142.61621004062195	194.66640048307315	
7.803283280466308	27.611785555969433	-34.52015662382263	91.82514672473354	-34.520156623822565	-77.68487269870798	144.64623608819474	91.82514672473334	144.6462360881948	198.085125711349	
7.858625715079545	43.42378280437437	-24.70431688659795	97.19259940984702	-24.70431688659798	-71.81938989732555	146.80949908868956	97.19259940984693	146.80949908868956	203.99207242919616	
7.9139681496927805	59.05079310981006	-12.47357342227676	100.08299864481788	-12.47357342227685	-63.93100679980253	149.12888250582085	100.08299864481782	149.12888250582088	211.6966817182768	
7.969310584306017	71.97499570742498	0.3552914197781867	100.90212967615214	0.3552914197780197	-55.30404365171152	151.63414508073222	100.90212967615216	151.6341450807322	220.24220564133276	
8.024653018919253	80.07343686575567	11.81636641085396	100.2423297827916	11.816366410853739	-47.37660113033208	154.31979983039633	100.24232978279164	154.31979983039628	228.56162660201747	
8.07999545353249	81.89144690616261	20.037861200435305	98.75583377858689	20.037861200435042	-41.25708271749449	157.11643990815733	98.75583377858698	157.11643990815725	235.64601762010142	
8.135337888145726	76.86224558417175	23.509474266155273	97.03800909275266	23.50947426615494	-37.80910619207427	159.87382272428954	97.03800909275276	159.87382272428943	240.68675205103574	
8.190680322758961	65.35591796716884	21.351873902687714	95.54583430483187	21.351873902687373	-37.449900534742035	162.37994576483382	95.54583430483196	162.37994576483368	243.17503010770275	
8.246022757372199	48.48054615329084	13.38124997749324	94.59121735934322	13.381249977492871	-40.18721574286544	164.39518170142193	94.59121735934329	164.3951817014218	242.9333513680158	
8.301365191985434	27.955020693171946	0.1678809366906222	94.34960319728553	0.16788093669025272	-45.627688637215215	165.71640852086884	94.3496031972856	165.71640852086867	240.09551955477474	
8.35670762659867	5.784221966695085	-17.104086774510016	94.90270846164168	-17.104086774510378	-52.98947459544542	166.21736171930922	94.9027084616417	166.21736171930905	235.0396591260893	
8.412050061211907	-16.091401995986857	-36.82764008763357	96.2815377448404	-36.82764008763386	-61.14346086690412	165.88824221271454	96.28153774484038	165.8882422127144	228.27911190294304	
8.467392495825143	-35.98978890993898	-57.26577567439513	98.49339728932867	-57.26577567439536	-68.7680573881068	164.8424917600362	98.49339728932861	164.842491760036	220.35695397313992	
8.522734930438379	-52.78231731597404	-76.69075967292093	101.53376626520559	-76.69075967292103	-74.44029649199261	163.29459857269723	101.53376626520549	163.29459857269708	211.73473535514194	
8.578077365051616	-65.94133733408086	-93.69702283982005	105.3811851602941	-93.69702283982002	-76.81088966236017	161.49627892803815	105.38118516029395	161.49627892803798	202.72594534376324	
8.633419799664852	-75.48725211068651	-107.20016574301982	109.99537828692952	-107.20016574301964	-74.76755399312682	159.66918227919618	109.99537828692934	159.66918227919604	193.47532908757154	
8.688762234278087	-81.90668569048154	-116.64079165048032	115.28760887896775	-116.64079165047997	-67.63332493720587	157.93061594812468	115.28760887896753	157.9306159481245	183.9720601130411	
8.744104668891325	-85.94797126833618	-121.84072739723783	121.11936241910442	-121.84072739723734	-55.14839675874394	156.24686207022964	121.11936241910416	156.24686207022953	174.12328909633862	
8.79944710350456	-88.38318024174387	-123.07041627358231	127.29397963738951	-123.07041627358169	-37.60291724145619	154.42562818471447	127.29397963738921	154.42562818471438	163.8475841001261	
8.854789538117796	-89.86049622820519	-120.88157389887718	133.55875428146106	-120.88157389887647	-15.6644415117653	152.13912882842087	133.55875428146078	152.1391288284208	153.16199716843494	
8.910131972731033	-90.73555037929808	-116.04913124393045	139.58551331183588	-116.0491312439297	9.671234862559288	148.99019924536356	139.58551331183554	148.99019924536356	142.27118898025748	
8.965474407344269	-91.17939506310273	-109.33672182851332	144.97726479900717	-109.33672182851254	37.19259626262172	144.60445050654863	144.97726479900686	144.60445050654866	131.58767089671815	
9.020816841957505	-91.02273047280072	-101.50015747545896	149.27091309879555	-101.5001574754582	65.70660907449604	138.69994849419004	149.2709130987952	138.69994849419015	121.705601468143	
9.076159276570742	-90.18690319494908	-92.98999015441382	151.94891166072702	-92.98999015441308	94.00830815551156	131.15301773459163	151.94891166072665	131.1530177345918	113.32979249610725	
9.131501711183978	-88.51834727358003	-84.05831657857729	152.4741258889898	-84.0583165785766	121.04569814855066	122.02515273445658	152.47412588898942	122.02515273445678	107.14968564180603	
9.186844145797213	-86.1327622317759	-74.59524038634245	150.3513290168542	-74.59524038634186	145.9156933581444	111.55176956801964	150.35132901685387	111.55176956801989	103.70247884401502	
9.24218658041045	-83.33938864410547	-64.35919437331421	145.20988008498927	-64.35919437331367	167.8915172035444	100.10668454605118	145.20988008498887	100.10668454605148	103.24767245007872	
9.297529015023686	-80.65485930097157	-53.026380982763314	136.89263140413604	-53.0263809827629	186.4848342178497	88.16034268349078	136.89263140413564	88.16034268349114	105.67102865842662	
9.352871449636922	-78.68941714054577	-40.4048840413608	125.52141684299929	-40.4048840413605	201.42925987649886	76.21686204069735	125.52141684299886	76.2168620406977	110.43205738178527	
9.40821388425016	-78.03099650188616	-26.6150538406403	111.55077109104766	-26.61505384064011	212.70626606898455	64.77604886836009	111.55077109104725	64.77604886836046	116.58853136036248	
9.463556318863395	-79.11389367083216	-12.086655075524131	95.75906778821926	-12.086655075524058	220.47210759468163	54.287902058918434	95.75906778821886	54.28790205891882	122.8594639886374	
9.51889875347663	-82.24640889844804	2.3261200083220466	79.17804025088569	2.326120008322029	225.00772880403898	45.12030402975245	79.17804025088532	45.120304029752845	127.7564167081288	
9.574241188089868	-87.40059863709256	15.588863352537693	62.9647767543979	15.588863352537516	226.61425255175732	37.51631010180932	62.964776754397555	37.516310101809715	129.7626062328565	
9.629583622703104	-94.47485657468803	26.64617674717376	48.270094825247085	26.646176747173463	225.4057958591754	31.583707243898427	48.27009482524676	31.583707243898825	127.52265700392333	
9.68492605731634	-103.08029846169164	34.64697686391963	36.08566981389582	34.646976863919235	221.27130433017774	27.267787590187176	36.08566981389552	27.267787590187567	120.0302808414047	
