# Stress in units of bar (10^5 Pa)
# z	Sxx	Sxy	Sxz	Syx	Syy	Syz	Szx	Szy	Szz
0.0	-105.00667363766814	103.06015326087606	-23.709480149096088	103.06015326087518	231.92791603906355	7.199126883738002	-23.709480149096294	7.1991268837385185	183.87301505140198	
0.05534243461323623	-113.61325929851158	89.85711504785547	-20.990283550582845	89.85711504785448	245.84617553286483	12.281582227582014	-20.990283550583044	12.281582227582433	157.0445707510812	
0.11068486922647246	-127.21976106160835	64.403790147394	-10.34595717014583	64.40379014739298	253.13851684148986	20.787787395515647	-10.345957170146015	20.787787395515927	116.17043509548985	
0.16602730383970868	-146.3932082805201	32.936102626201404	3.046493054844081	32.93610262620038	244.57380997436434	30.01838095754153	3.046493054843875	30.018380957541705	64.5497121042658	
0.22136973845294491	-168.86869573406977	3.3126358205817468	15.178729174005602	3.3126358205807875	214.3817090661033	36.597550977382774	15.178729174005381	36.597550977382895	6.994041226314702	
0.2767121730661811	-190.63494198988587	-16.929719617538556	24.77019028960809	-16.929719617539433	163.04004109740447	37.73812056759946	24.77019028960786	37.738120567599644	-50.86901871529446	
0.33205460767941736	-207.13615095767733	-23.023736751009693	33.26772390934778	-23.02373675101049	97.73049816980401	32.358859428336686	33.26772390934753	32.35885942833697	-103.32763113762266	
0.3873970422926536	-213.9305149348643	-14.790991816734902	43.38643471321912	-14.790991816735662	30.44005481716799	21.386310835712425	43.38643471321886	21.38631083571287	-145.2366798823343	
0.44273947690588983	-207.1574669716369	3.7326719856569213	57.15190883771804	3.7326719856562107	-26.129888724834885	7.1956262716610215	57.15190883771774	7.195626271661638	-172.52901577597055	
0.49808191151912606	-184.00737668268866	26.34256940280298	74.61887766961958	26.342569402802354	-62.812083983173835	-7.430877670743619	74.61887766961922	-7.4308776707428486	-182.6396678528823	
0.5534243461323622	-144.02369491443022	47.28887145014601	93.83045906187567	47.28887145014547	-76.69232351956377	-20.17065282524203	93.83045906187525	-20.170652825241145	-174.92525703275786	
0.6087667807455985	-90.19321482561904	63.16464604548041	111.8044541679098	63.164646045480055	-71.4128187234314	-29.4514804332716	111.80445416790927	-29.45148043327063	-151.01036555475633	
0.6641092153588347	-29.449259909652504	72.97220729224352	125.64928322014816	72.97220729224334	-54.74607035581669	-34.24980214173272	125.64928322014754	-34.24980214173169	-114.83999535451544	
0.719451649972071	28.551941417683594	77.21262468904217	133.1988274028401	77.2126246890422	-35.43833854245503	-33.720612945705895	133.19882740283944	-33.720612945704794	-72.0763423934762	
0.7747940845853072	74.10684093658035	76.71273108373605	133.12698583131976	76.71273108373626	-20.196888645954537	-27.043358157852353	133.12698583131908	-27.043358157851195	-28.708903124346243	
0.8301365191985435	100.43797947778587	71.99257289161066	124.98735607173964	71.99257289161099	-12.51131594890009	-13.596314361726103	124.98735607173896	-13.5963143617249	10.738915980630539	
0.8854789538117797	105.59063644848203	63.594484808461814	109.54975278908478	63.59448480846222	-12.88489950015071	6.71527205917284	109.54975278908415	6.715272059174048	44.5730454885492	
0.9408213884250158	91.49195952441245	52.55827442712198	89.13986751148434	52.55827442712244	-19.893094564310374	33.07973952345143	89.13986751148374	33.079739523452574	74.02472972000491	
0.9961638230382521	61.82128490381805	40.964567559746044	67.35202379567122	40.96456755974658	-30.92712164810701	63.51850416546225	67.35202379567066	63.51850416546324	101.93344861524618	
1.0515062576514884	19.80067577447609	31.804074511159637	47.82401189331295	31.804074511160287	-42.569172158729565	94.89175168957394	47.824011893312424	94.8917516895747	130.804724560224	
1.1068486922647245	-31.964138937727142	28.214053108488066	32.71706182536314	28.214053108488905	-51.08632487459755	123.37124533074532	32.71706182536266	123.37124533074581	161.3248667495182	
1.1621911268779608	-89.9085810612819	32.034234774869105	21.90496102977565	32.03423477487013	-53.70450439752029	145.4787310822913	21.90496102977525	145.47873108229152	192.08352046048313	
1.217533561491197	-147.76693558036453	42.530561711263886	13.565130846529476	42.53056171126512	-49.750462963429364	159.43602854074737	13.565130846529177	159.43602854074732	220.25107133514783	
1.2728759961044334	-196.6120057250982	56.039908010202396	5.77133456017269	56.03990801020376	-41.450602716450604	166.16405797062993	5.771334560172508	166.16405797062964	242.4813181866736	
1.3282184307176694	-226.87692914105003	67.26472898444288	-1.9759269734710325	67.26472898444419	-33.10393445569783	169.14238893262615	-1.9759269734711098	169.1423889326257	255.53402309500945	
1.3835608653309057	-230.85665783342128	71.55682529678361	-8.30895064203039	71.55682529678481	-28.35563101430695	172.890843715374	-8.308950642030373	172.8908437153735	256.68456700142224	
1.438903299944142	-205.26647383214123	67.04209341080032	-10.79438997765388	67.04209341080129	-27.34246886822239	180.56858713375044	-10.794389977653783	180.56858713375001	244.23206821479417	
1.494245734557378	-151.7569046430656	55.037178750438116	-7.406703913079484	55.03717875043875	-24.505058466191336	191.85216081905253	-7.4067039130793075	191.85216081905216	218.25354218723726	
1.5495881691706144	-76.40542244692796	39.085551573919	2.2888069139453275	39.08555157391929	-9.999371333844806	202.33812413781519	2.2888069139455745	202.33812413781496	181.20434447593018	
1.6049306037838507	11.903764953846121	23.084710078987836	16.70376115667038	23.084710078987793	25.970315977775215	204.8310004355028	16.7037611566707	204.8310004355027	137.70522934616804	
1.660273038397087	103.61330105882493	9.95000211328604	32.66457226618822	9.950002113285763	87.81878467139029	191.9839345726342	32.664572266188614	191.9839345726342	93.3628111195023	
1.715615473010323	191.34422866875323	1.4090499095149127	46.59613084813023	1.4090499095145121	172.29963984620656	159.0787487878944	46.596130848130684	159.07874878789448	53.24507995430683	
1.7709579076235593	271.700557494295	-1.787366214903491	56.028810473263306	-1.7873662149039218	270.3625640022011	105.8793380806101	56.028810473263825	105.87933808061024	21.016310310042392	
1.8263003422367956	345.3397393082599	0.08905277456701555	60.98943248673348	0.08905277456664606	372.22828241429625	36.94794463447026	60.989432486734074	36.947944634470474	-0.6647292526549737	
1.8816427768500317	414.32049538363384	5.348263684164955	64.57057762222355	5.348263684164721	471.0285998176686	-39.44195305815582	64.57057762222419	-39.44195305815559	-9.188074182757989	
1.936985211463268	478.2676094705136	10.874357504945543	72.18956990371403	10.874357504945458	562.8505314278095	-113.39185928777803	72.18956990371467	-113.39185928777779	-1.7347712353064892	
1.9923276460765043	531.9888392175527	13.168162356780577	89.59340200110442	13.16816235678061	644.3171264350436	-175.88217777955356	89.59340200110505	-175.88217777955327	23.388235995334533	
2.0476700806897403	566.5627123706216	10.594916938225694	120.39428577153468	10.59491693822585	710.0490619286422	-220.97932619252998	120.39428577153525	-220.97932619252967	64.69240755638175	
2.103012515302977	573.3452903062848	4.652690034394254	164.13815301884506	4.652690034394496	753.6204771044945	-246.90234838031068	164.13815301884557	-246.90234838031043	116.4988505559241	
2.158354949916213	547.8897321299368	-0.4529952046965704	215.7343765248653	-0.4529952046963146	770.3443378163453	-255.3512630006121	215.73437652486575	-255.35126300061188	170.32507778734316	
2.213697384529449	491.5588634507664	-0.6716262556022912	266.3010207113339	-0.671626255602078	760.025278412407	-249.64113700855216	266.3010207113343	-249.641137008552	218.26136928971755	
2.2690398191426855	410.50232665746694	4.968768594600348	305.0503784369439	4.9687685946005615	727.1903338634723	-233.03896969178834	305.0503784369442	-233.03896969178822	256.27483410414993	
2.3243822537559216	314.2736314343757	13.669048533838449	321.7636748279929	13.669048533838563	678.7322641162589	-208.35935627716574	321.76367482799304	-208.35935627716572	285.34730282346595	
2.3797246883691576	214.45066909534106	21.30133595151851	309.2464089459903	21.30133595151864	620.735564594398	-178.6765950709202	309.24640894599054	-178.67659507092023	309.89337149351616	
2.435067122982394	123.94049724487498	25.757034862737164	265.39510186391186	25.757034862737278	556.9870738304828	-147.87944330049947	265.39510186391203	-147.87944330049956	334.57161596893616	
2.49040955759563	54.59356673329791	28.422092879785012	194.31521576641654	28.42209287978519	488.7236429870154	-120.09101517727856	194.31521576641666	-120.09101517727869	361.47242532143224	
2.5457519922088667	14.600942452342764	32.391150351327994	106.13856336355416	32.39115035132818	416.1667404298281	-98.22837639979647	106.13856336355433	-98.22837639979663	389.22014110932037	
2.601094426822103	6.421755477874465	39.16710594589599	15.18221326288592	39.16710594589614	339.073150347392	-82.90278008242856	15.182213262886076	-82.9027800824287	414.22166813797764	
2.656436861435339	27.349771174193307	46.553570383942926	-63.448455529433346	46.55357038394308	257.76524643472817	-72.45189031593972	-63.448455529433176	-72.45189031593982	432.8368255377235	
2.7117792960485754	71.79769790407016	49.52431283141079	-117.86552625884295	49.5243128314109	174.1828821323221	-63.9914579293713	-117.86552625884276	-63.991457929371386	442.6851628241945	
2.7671217306618114	133.63804516748775	43.05665691969558	-142.4511993830223	43.056656919695655	92.76504363560504	-54.83911745286695	-142.45119938302213	-54.83911745286703	442.2036065431678	
2.8224641652750475	207.39193966700554	25.087261261706242	-138.68360720213863	25.087261261706292	21.402438744404577	-43.62790624620132	-138.68360720213846	-43.62790624620142	429.34302445075826	
2.877806599888284	286.8195280525462	-2.170664762814752	-113.5638090377825	-2.170664762814699	-30.818013937231875	-30.852769702228997	-113.56380903778236	-30.852769702229125	401.0918404644849	
2.93314903450152	363.5539327996833	-33.09232164503557	-76.6179468732796	-33.092321645035526	-56.69545026953092	-18.6357906942345	-76.61794687327945	-18.63579069423467	354.867871097725	
2.988491469114756	426.5619570751056	-59.95991702223968	-36.770113486789924	-59.95991702223965	-54.9338047097128	-9.708470356772619	-36.77011348678977	-9.708470356772818	291.0224704756617	
3.0438339037279927	464.4079218195846	-75.12527330237208	-0.24490301020069793	-75.12527330237197	-31.487546211211097	-6.091006659258124	-0.2449030102005345	-6.091006659258337	214.63388037310727	
3.0991763383412287	468.522758815301	-73.42620676651896	30.089068430802275	-73.42620676651885	1.8223936490972221	-8.263222081607985	30.089068430802445	-8.26322208160821	135.23676974849258	
3.154518772954465	436.5064281526958	-54.808952205922395	54.09229505582781	-54.80895220592225	31.16018982213953	-15.296716095843074	54.09229505582797	-15.296716095843284	64.59277975751003	
3.2098612075677013	372.9177145601753	-25.769902685291257	72.81480900977212	-25.769902685291104	44.753508408952904	-25.599737461366153	72.81480900977226	-25.599737461366352	13.778137354100437	
3.2652036421809374	287.7257259157051	2.1826294552453405	86.85810371796175	2.1826294552454826	36.291651576360024	-37.516118914184005	86.85810371796188	-37.51611891418417	-9.211219992328417	
3.320546076794174	193.4594253018667	16.924199301952243	95.4762242440031	16.924199301952342	6.259963765727463	-49.38333958123869	95.4762242440032	-49.38333958123883	-0.9379707002784272	
3.37588851140741	101.98420481610091	11.102279200455168	96.94582536409115	11.10227920045524	-39.418179934317266	-59.49831174376685	96.94582536409123	-59.498311743766955	37.07905095493618	
3.431230946020646	22.027641416372408	-14.64254283795816	89.97045375661668	-14.642542837958176	-91.92282296468858	-66.48681956983015	89.97045375661673	-66.48681956983025	99.14139238232232	
3.4865733806338826	-42.12720273848206	-52.18309434667963	75.15913545630606	-52.18309434667963	-143.02883100034705	-70.0272507333153	75.15913545630612	-70.02725073331536	177.23001309475882	
3.5419158152471186	-89.73827070958609	-89.74694703758452	55.498567764516004	-89.7469470375845	-186.93339487874277	-71.17560681659737	55.49856776451605	-71.17560681659738	263.1426947096473	
3.5972582498603547	-121.30755998054319	-116.48715753294607	35.49151020945255	-116.4871575329461	-220.356017960427	-71.7293958515013	35.49151020945259	-71.72939585150127	349.6717323295942	
3.652600684473591	-135.84077694192575	-125.9858576915104	19.471686594586643	-125.98585769151039	-241.23255238170668	-72.95331076278117	19.471686594586675	-72.95331076278109	430.3309487319834	
3.7079431190868273	-129.6407308674115	-117.46469817360877	10.062294806375121	-117.46469817360875	-247.23126379567776	-74.66818068522828	10.062294806375144	-74.6681806852282	498.30680730213476	
3.7632855537000633	-98.46403736236157	-95.00681774919647	7.699303043933877	-95.00681774919649	-236.1388563941486	-75.45613091237828	7.699303043933911	-75.4561309123782	545.9637374188662	
3.8186279883133	-41.7932685672985	-65.60602589396578	11.358186020768171	-65.60602589396578	-207.9478375040976	-73.84114016052568	11.358186020768198	-73.84114016052558	565.914309085646	
3.873970422926536	33.60768654774822	-36.80015832073248	19.94828540798906	-36.8001583207325	-167.05263746031525	-69.45510685480981	19.948285407989083	-69.45510685480973	553.2992163644956	
3.9293128575397724	113.93321630383934	-14.780027677633775	33.24469586056863	-14.780027677633825	-122.0290957505083	-63.43137355605635	33.24469586056865	-63.43137355605631	508.05680169658206	
3.9846552921530085	182.55512462942244	-2.9760197788153704	51.567227302409286	-2.976019778815406	-82.33009421474807	-57.84848614141629	51.5672273024093	-57.848486141416274	435.91593451986057	
4.039997726766245	226.2263788472863	-1.7481673736446268	74.34556573906261	-1.7481673736446801	-54.167385650481364	-54.86882740841727	74.34556573906264	-54.868827408417275	347.4721451854891	
4.095340161379481	239.18483652875113	-8.765536783237494	98.61231794524349	-8.765536783237529	-38.13508144763889	-56.223253571208296	98.61231794524352	-56.22325357120832	255.61987317551015	
4.150682595992717	224.44839348629841	-20.22733916081583	118.96500966449887	-20.22733916081583	-29.613969265435202	-63.13786351841382	118.9650096644989	-63.13786351841389	172.2573156325872	
4.206025030605954	191.4933932472222	-32.60466682603734	129.53774056321998	-32.60466682603729	-21.595015162071313	-76.22293214624128	129.53774056322004	-76.22293214624133	105.35709884187992	
4.261367465219189	151.64859268688417	-44.206006760917475	127.05969826087316	-44.20600676091737	-7.847478170852881	-94.75447226095525	127.05969826087322	-94.75447226095532	57.710695947272086	
4.316709899832426	112.81848296748076	-55.97467452445598	112.9512229541657	-55.97467452445581	14.215196538020642	-115.65099106732272	112.95122295416576	-115.65099106732282	28.073191117177522	
4.372052334445662	76.11623050264997	-71.07265637390707	92.87709645602204	-71.07265637390684	42.69987400259143	-133.1181020546921	92.8770964560221	-133.1181020546922	14.278754510257945	
4.427394769058898	37.00222427019613	-92.47030470402504	73.89878454763955	-92.47030470402478	72.24956774872763	-140.02245420830758	73.89878454763962	-140.02245420830772	16.413905995977245	
4.4827372036721345	-9.044602020594866	-120.31745428198005	61.01603564674806	-120.31745428197979	97.24908665319907	-130.83708324146778	61.01603564674811	-130.83708324146795	37.85089824616827	
4.538079638285371	-59.4089513781843	-150.2706445305031	55.21841028313486	-150.27064453050286	115.21790814001247	-104.78366103349666	55.2184102831349	-104.78366103349681	83.05254527831369	
4.593422072898607	-101.8434293432745	-174.67268937638255	54.14295026115781	-174.6726893763824	128.12528470714227	-67.17945934624169	54.142950261157836	-67.17945934624186	153.06085032402453	
4.648764507511843	-119.53739305918478	-186.25115230073916	54.47909330892643	-186.2511523007391	140.87140644791936	-27.907467856566907	54.479093308926444	-27.907467856567063	241.49661140728762	
4.70410694212508	-100.78839464405837	-182.0477595111062	54.17468838653917	-182.04775951110625	157.66764181724932	2.353233423447243	54.17468838653919	2.3532334234470866	333.85577821910783	
4.759449376738315	-46.40746579099238	-164.75393173548	52.99193142021814	-164.7539317354801	180.18835899404945	16.180895799693445	52.991931420218165	16.18089579969333	411.01814242784775	
4.814791811351552	30.916932295114748	-140.57280607563206	51.50779780762639	-140.5728060756322	208.31674445064982	11.647745907025673	51.50779780762642	11.647745907025602	455.44686779089267	
4.870134245964788	114.60896153092453	-114.97717577454821	49.82153629021365	-114.97717577454841	242.86587092735778	-8.110736155128805	49.82153629021366	-8.110736155128865	457.1766822818331	
4.925476680578024	193.3252536786684	-89.70027541574265	47.240323912456475	-89.70027541574284	287.28767522031154	-37.198326156168804	47.240323912456475	-37.19832615616881	416.9135448965788	
4.98081911519126	265.56377927943345	-63.0661158930744	42.954204518795514	-63.06611589307459	346.29280982443026	-69.60267582646459	42.95420451879549	-69.60267582646453	345.05188719084407	
5.036161549804497	336.7487218674636	-33.17003083642061	36.68172647177093	-33.17003083642075	422.2476016150557	-101.00822219708189	36.68172647177089	-101.00822219708178	257.30257151367834	
5.091503984417733	411.80412488228035	-1.4543445918709814	28.496685205584676	-1.4543445918710702	511.1576187851061	-129.34056090794343	28.49668520558462	-129.34056090794323	168.8858621763752	
5.146846419030969	488.5794060635842	26.47937831107752	18.18580526245946	26.479378311077486	601.5082390789021	-154.12877766668996	18.185805262459386	-154.12877766668967	89.81801760330633	
5.202188853644206	556.6519638046053	43.59856200350889	5.105572964464933	43.59856200350889	676.8534294425182	-175.18718949348528	5.105572964464859	-175.18718949348494	23.207922897791864	
5.257531288257442	602.1296585689834	45.995480111161385	-10.899010480486716	45.99548011116137	720.6538918260463	-191.2802805709507	-10.899010480486783	-191.28028057095037	-32.9613650821487	
5.312873722870678	614.4501738569043	36.6655037893953	-28.229344835032773	36.66550378939525	720.7631172754334	-199.31213964428807	-28.229344835032794	-199.31213964428775	-81.89690366398705	
5.368216157483914	591.05184283129	25.35195136489068	-43.17750630422085	25.35195136489053	672.3574118706426	-194.76640037287294	-43.1775063042208	-194.76640037287268	-124.31095539640683	
5.423558592097151	536.8055466001653	24.706090305594103	-51.087658734321785	24.706090305593875	578.2438247868455	-173.40680789336506	-51.087658734321636	-173.40680789336483	-156.9759258268322	
5.478901026710386	461.3745833227971	43.97661098817032	-48.448316634770364	43.97661098816993	448.32335670178173	-133.59323819239717	-48.4483166347701	-133.59323819239694	-174.04631120040892	
5.534243461323623	376.82696100462624	84.30654194604563	-34.76803359929634	84.30654194604519	298.73917344793995	-78.0102984726655	-34.76803359929596	-78.01029847266527	-169.99267811604795	
5.589585895936859	296.5922454123343	138.19050305299828	-13.267022626199946	138.19050305299777	149.67840767206008	-13.80287012681993	-13.267022626199429	-13.802870126819668	-142.2661354912755	
5.644928330550095	233.7932946123204	193.32645637938066	9.853253753031447	193.32645637938012	21.656873956460952	49.12129959974879	9.853253753032096	49.12129959974908	-92.53542935665592	
5.7002707651633315	197.65577536956212	238.56007807941853	27.315795570276492	238.56007807941805	-70.22544650583991	101.0288169871851	27.31579557027727	101.02881698718545	-26.39094386353308	
5.755613199776568	189.21760693939234	268.38108368637893	33.38751301186733	268.3810836863785	-121.28586717169736	135.3074347169749	33.38751301186819	135.30743471697528	47.89177161420122	
5.810955634389804	199.14003213770832	283.4645638901939	26.364368182524423	283.4645638901936	-139.1063063442698	150.30275363579653	26.364368182525308	150.30275363579688	120.9105511607878	
5.86629806900304	209.96102549044838	287.9091335949953	9.730439703755993	287.909133594995	-140.1033332423706	149.30960534028634	9.7304397037569	149.30960534028662	183.7163060954289	
5.921640503616277	201.91597314320975	285.21345676740816	-8.98072028617526	285.21345676740793	-141.6696180508029	138.76291168097373	-8.980720286174371	138.76291168097393	229.31791078345051	
5.976982938229512	160.6855181907853	275.88385559232853	-21.554227641976148	275.8838555923284	-153.59032847184505	125.3385521021392	-21.55422764197534	125.3385521021393	254.15895890429113	
6.032325372842749	83.29051814986349	257.9235951983368	-22.97512072175643	257.92359519833667	-173.8655244566957	113.33593899084741	-22.97512072175572	113.33593899084744	259.19636095315514	
6.087667807455985	-20.23609386275193	229.37487266447818	-13.685831689554636	229.374872664478	-190.9493591851401	103.58268598240187	-13.685831689554053	103.58268598240186	249.93002460262028	
6.143010242069221	-130.63229483964946	190.78074924174308	0.9929096079794526	190.78074924174285	-192.02207604766534	94.28688085246387	0.9929096079799145	94.28688085246381	234.92073549592493	
6.1983526766824575	-227.00344316361986	146.4091097747176	13.72686545645183	146.40910977471725	-170.7914413464246	83.16096702832564	13.72686545645217	83.16096702832557	223.00705409796575	
6.253695111295694	-294.2994875073106	102.99965848594678	18.555182540769447	102.99965848594624	-131.14825675496115	69.49550170644484	18.55518254076968	69.49550170644481	220.36650277500877	
6.30903754590893	-327.03335850265654	67.66096439309857	13.09616514846829	67.66096439309787	-84.1949603301353	54.96977587948804	13.096165148468412	54.96977587948803	228.74430914182233	
6.364379980522166	-327.87359068454646	45.51085344194742	-1.078366286153475	45.51085344194664	-41.98667260311754	42.946207681755865	-1.0783662861534165	42.94620768175589	245.66834720869835	
6.419722415135403	-303.0135344660583	38.34241553536866	-19.56017802622533	38.34241553536785	-12.036004555436314	36.86089152741127	-19.56017802622528	36.86089152741126	266.17394279790744	
6.475064849748639	-258.14071398525243	44.35839887581655	-36.84469938404203	44.3583988758158	4.6991694065180525	38.64991783937607	-36.84469938404193	38.64991783937602	284.94377309157727	
6.530407284361875	-197.02703810265416	58.808795935481626	-48.028461178262276	58.80879593548098	12.283670431379292	47.97848078436783	-48.02846117826209	47.97848078436776	297.75889889442385	
6.585749718975111	-122.99996888886349	75.52389429296582	-49.99854898999221	75.5238942929652	16.67699650517678	62.58986331654668	-49.99854898999191	62.589863316546634	302.0459542846072	
6.641092153588348	-40.846430787325545	88.82496940412872	-41.977445693156675	88.82496940412801	23.05747550985675	79.4551143827041	-41.97744569315631	79.45511438270412	296.8999869798128	
6.696434588201583	42.6270405383395	95.31009486164118	-25.41753614201281	95.31009486164024	33.75290032044049	96.06451548165217	-25.417536142012455	96.0645154816523	283.06204358367154	
6.75177702281482	119.83498816355868	94.85293133537348	-3.422726077857292	94.85293133537236	46.86949035548426	111.30167487698083	-3.422726077857031	111.30167487698108	262.94462011224874	
6.8071194574280565	184.80191466591037	90.15242600589846	20.016556651865155	90.1524260058971	56.97974424925235	125.42373336201027	20.016556651865272	125.42373336201058	240.35630144051575	
6.862461892041292	234.75272978331523	85.27215019636844	40.81337020299003	85.27215019636698	57.61270788022614	139.26987815695904	40.81337020298999	139.26987815695935	219.75015437481989	
6.917804326654529	270.0592808493386	83.74394731838231	55.491382300949994	83.74394731838086	45.21089602315081	153.14631824168998	55.49138230094981	153.14631824169018	205.05595179431452	
6.973146761267765	292.640522637929	87.23884797320703	61.79909093489651	87.23884797320586	22.550832531890926	166.05709096821803	61.799090934896206	166.05709096821812	198.58013179322325	
7.028489195881001	303.632821071925	95.13217693349573	59.04277891445355	95.13217693349492	-1.8310278147786523	175.72384987797602	59.04277891445315	175.72384987797597	200.46636695253505	
7.083831630494237	302.1114457821767	104.83097323303	48.10036831388416	104.83097323302968	-17.232879795043317	179.4542874316231	48.10036831388369	179.4542874316229	208.9485880047271	
7.139174065107474	285.6670550056177	112.29168654105952	31.100277054995672	112.29168654105965	-16.660341962946546	175.50711330777256	31.100277054995175	175.50711330777233	221.1889509700831	
7.194516499720709	252.4663797382592	113.1129325478016	10.963269692697084	113.1129325478021	-0.5707330424909278	164.26138520743973	10.963269692696564	164.2613852074395	234.22465049858292	
7.249858934333946	203.8466347670931	103.61260542763529	-8.96945759975994	103.61260542763605	22.958089727251732	148.51176087551312	-8.969457599760482	148.51176087551283	245.48176228574184	
7.305201368947182	144.99945293568103	82.36370865928633	-25.15353660965207	82.36370865928723	41.71294201089265	132.65288388777557	-25.15353660965264	132.65288388777535	252.79196028888154	
7.360543803560418	83.56575573426814	51.14429806718352	-34.03643562198813	51.14429806718447	44.62532015469859	121.08742441854527	-34.036435621988744	121.08742441854506	254.16096455442727	
7.4158862381736546	26.646262874909056	14.785713934328836	-32.4952310398422	14.785713934329777	26.078111330434787	116.57479947060783	-32.49523103984287	116.57479947060769	247.83374690823803	
7.471228672786891	-21.484158264213168	-20.67009745729905	-18.65542255613061	-20.670097457298194	-12.13387299172016	119.28654305612535	-18.65542255613132	119.28654305612527	232.9687433792244	
7.526571107400127	-59.218368410904894	-50.494481961601956	7.089398109111418	-50.49448196160125	-61.53987958462932	126.97638495730705	7.0893981091107	126.976384957307	210.68027410291154	
7.581913542013363	-85.41393449142204	-72.97204593094403	41.39288349659243	-72.97204593094354	-110.1440672609341	136.13856215258858	41.39288349659176	136.13856215258855	184.6884077852127	
7.6372559766266	-97.39489882276098	-88.92927510601051	78.2376615838869	-88.92927510601024	-145.97247570633135	143.56283179308565	78.23766158388634	143.56283179308565	160.85183858140715	
7.692598411239835	-90.78620424873826	-99.36923322880244	110.40730463770136	-99.36923322880243	-160.91908684361934	147.5276754781588	110.40730463770095	147.5276754781588	145.4504210250749	
7.747940845853072	-62.51944502944505	-103.14172678000776	131.77424439933594	-103.14172678000789	-152.72943978536193	148.12660854421878	131.77424439933569	148.12660854421887	142.8974990822213	
7.803283280466308	-14.213930948725903	-96.52196260663011	139.41346853937455	-96.52196260663035	-125.59420380066072	146.70707626821627	139.4134685393745	146.70707626821638	154.05658063819433	
7.858625715079545	46.158370341054834	-75.48862284251351	134.48939208393807	-75.4886228425137	-88.50261718266852	144.92242368396927	134.48939208393807	144.92242368396947	176.04243036671969	
7.9139681496927805	106.1976063379147	-39.06391354673921	121.49938051454386	-39.06391354673943	-52.20356624186356	144.01786166935165	121.49938051454397	144.0178616693518	203.53947977858144	
7.969310584306017	153.54804864617012	8.396699337470679	106.2758624034977	8.396699337470508	-25.132769365619012	144.65945368978748	106.27586240349784	144.65945368978757	230.85934952208225	
8.024653018919253	180.22220153936328	57.60136478060397	93.75046289266206	57.60136478060382	-10.47654692324638	147.1540375653898	93.75046289266221	147.1540375653898	253.6660393340191	
8.07999545353249	184.0732423716344	97.14759702275629	86.51160846513366	97.14759702275612	-5.957028534404493	151.67166067400282	86.51160846513383	151.67166067400268	269.6582846736402	
8.135337888145726	167.45498007347618	117.4452831176423	84.58987675482412	117.44528311764202	-6.198642137458947	158.16885683272648	84.58987675482427	158.16885683272625	278.24564043389296	
8.190680322758961	134.41207890359308	113.8316100661841	86.25426564976125	113.83161006618364	-6.96682992699823	166.08150191759972	86.25426564976141	166.08150191759944	279.7541413579362	
8.246022757372199	89.24515280043744	87.96193462060444	89.18819836503906	87.9619346206038	-7.998514965472282	174.11608638744949	89.1881983650392	174.11608638744923	274.8093975035273	
8.301365191985434	36.75794593137519	46.68084792234208	91.50684570441251	46.68084792234133	-12.875110670940074	180.4277149004609	91.50684570441267	180.42771490046067	264.22609948569266	
8.35670762659867	-16.81144396502995	-0.7609910794814283	92.31580942636404	-0.7609910794822099	-26.257995213822355	183.19298680209846	92.31580942636418	183.19298680209823	249.27719474590566	
8.412050061211907	-64.03571626460734	-46.28784980686583	91.841762126318	-46.28784980686655	-49.900796865386646	181.2919100458411	91.84176212631809	181.2919100458409	231.98163795753723	
8.467392495825143	-98.44368379930016	-85.10299082995458	91.18699102462729	-85.10299082995515	-81.04680737902717	174.7992107491011	91.1869910246273	174.79921074910095	214.99051103367782	
8.522734930438379	-116.78195917104816	-115.8646787038421	91.82951851387372	-115.86467870384247	-112.8851606301164	165.12077740074318	91.82951851387364	165.120777400743	200.95671653190274	
8.578077365051616	-119.83922971298551	-139.13660087215106	94.97728699375041	-139.13660087215123	-137.25718103890063	154.7329910011657	94.9772869937502	154.73299100116554	191.62577318794217	
8.633419799664852	-111.53400187154796	-155.4701473374414	100.99190612096723	-155.47014733744138	-147.6205864165106	146.58490247426883	100.99190612096693	146.5849024742687	187.1271339461048	
8.688762234278087	-97.14002491205918	-164.83744792364433	109.205913183854	-164.837447923644	-140.93458276643926	143.18091364718555	109.20591318385364	143.18091364718538	185.81058392014893	
8.744104668891325	-82.1181879421267	-166.78996069235308	118.26852301560415	-166.7899606923524	-118.17337731454393	145.575892010682	118.26852301560373	145.5758920106818	184.75430553556137	
8.79944710350456	-71.40130108363854	-161.20081857145493	126.89095412827021	-161.20081857145394	-83.33335879095804	152.70246185546966	126.8909541282698	152.70246185546944	180.7346159291426	
8.854789538117796	-68.74171281180284	-148.56688858465517	134.52099822499486	-148.56688858465384	-41.88289422937607	161.53610790510845	134.52099822499446	161.53610790510822	171.2907340611204	
8.910131972731033	-75.45002018241564	-130.23961677343823	141.52076279954946	-130.2396167734368	0.7751277625776893	168.1896433486231	141.52076279954917	168.1896433486229	155.54563031764198	
8.965474407344269	-89.63170296477531	-108.6446122316707	148.74495102393007	-108.64461223166929	40.63001653573467	169.46788280878505	148.74495102392984	169.467882808785	134.53608766514424	
9.020816841957505	-106.13428730952545	-87.53873426896897	156.83577066399022	-87.53873426896774	75.85654673161201	164.03469343001046	156.83577066399005	164.03469343001055	110.97098001646708	
9.076159276570742	-118.3752469230834	-71.58892331918625	165.6889100185117	-71.58892331918537	107.24628381044363	152.61529778916923	165.68891001851154	152.6152977891695	88.51422203207854	
9.131501711183978	-120.61815413091256	-64.77812924679831	174.28495088664494	-64.7781292467977	137.24921462710458	137.2275642467624	174.2849508866447	137.2275642467628	70.81644897005674	
9.186844145797213	-110.60801729666514	-67.99939872509775	180.8706007350903	-67.99939872509731	168.24097196404568	120.06625082700205	180.87060073508997	120.06625082700253	60.630027525872464	
9.24218658041045	-90.70340078356773	-77.54319310416206	183.26669870273093	-77.54319310416172	200.2032639649114	102.70795289112228	183.26669870273048	102.70795289112274	59.32750721097689	
9.297529015023686	-67.48657073452188	-85.73316736917859	179.19626504040795	-85.73316736917826	229.64824228320714	85.93497905760364	179.1962650404074	85.93497905760407	66.91472473656643	
9.352871449636922	-49.005608505551386	-84.00911795949102	166.70685355703836	-84.00911795949065	250.96220229993443	70.0212276514344	166.70685355703776	70.02122765143474	82.36973067759621	
9.40821388425016	-41.441469132180984	-66.91346792909239	144.79405265744955	-66.91346792909198	259.46902746425553	55.10013900563187	144.794052657449	55.10013900563214	103.95531440453387	
9.463556318863395	-46.13819770113501	-34.75366105306675	114.12710792234836	-34.75366105306636	254.7199098496747	41.35266856911444	114.12710792234785	41.352668569114726	129.27617850965004	
9.51889875347663	-59.659787121334446	6.538612762344364	77.57557708204317	6.538612762344641	241.180613365443	29.060983931980218	77.57557708204274	29.060983931980566	155.1539019349451	
9.574241188089868	-75.73136226742909	48.05979857815012	40.088685418987126	48.05979857815014	226.60355151624577	18.673957143209062	40.08868541898676	18.67395714320951	177.63222893112413	
9.629583622703104	-89.16203026758963	81.3039238718809	7.657646205283363	81.30392387188067	218.4694615242085	10.919708075823957	7.657646205283061	10.919708075824493	192.36093818098777	
9.68492605731634	-98.21464742306813	100.4629614546823	-14.482850829787242	100.46296145468176	220.67446507530912	6.791498824747931	-14.482850829787484	6.791498824748498	195.3570058657764	
