# Stress in units of bar (10^5 Pa)
# z	Sxx	Sxy	Sxz	Syx	Syy	Syz	Szx	Szy	Szz
0.0	-109.3429989963896	62.71926712710379	6.0707707975050695	62.71926712710321	229.5171742873834	18.00389794929368	6.070770797504796	18.003897949294085	140.62083048324834	
0.05534243461323623	-122.07393745476213	58.99695374666036	1.7747971749392342	58.99695374665962	224.24306387438583	19.128901952157207	1.774797174938989	19.128901952157584	117.74825468028845	
0.11068486922647246	-135.68880386314657	49.309565873578535	2.8116161409606075	49.309565873577725	213.47507198878301	21.309165233857016	2.811616140960369	21.309165233857364	86.21480062714525	
0.16602730383970868	-149.53687709551815	36.51112456258435	7.981529558669684	36.5111245625835	194.9738553903849	23.3991146385359	7.981529558669447	23.399114638536222	48.16343794758243	
0.22136973845294491	-162.36167820714692	23.85558823143827	16.03069094753664	23.85558823143741	167.87557563653382	24.238150652079646	16.030690947536403	24.238150652079973	6.652282372461605	
0.2767121730661811	-172.24292821240203	14.36664597929212	25.993135049606906	14.366645979291295	133.18640678241184	22.930058621457654	25.993135049606654	22.93005862145801	-34.70543833072608	
0.33205460767941736	-176.89238824833308	9.945136337020372	37.28815845212624	9.945136337019605	93.87059236350845	19.073848003387933	37.28815845212596	19.073848003388342	-72.17670248501665	
0.3873970422926536	-174.11883017912876	11.325661632135734	49.61721048303558	11.32566163213501	54.10078158412996	12.871204878602986	49.617210483035265	12.87120487860349	-102.37172551802242	
0.44273947690588983	-162.339759534547	17.759906322516223	62.70010622228778	17.759906322515597	18.33847130511446	5.077162098343182	62.70010622228743	5.077162098343786	-122.66081464188673	
0.49808191151912606	-141.15400111009802	27.59649816264752	76.03668316825721	27.596498162646995	-9.856491069944965	-3.138735210774893	76.03668316825681	-3.1387352107741777	-131.50457554943705	
0.5534243461323622	-111.542035949756	38.720674143719094	88.7804656488019	38.72067414371868	-28.63162086432024	-10.409681777802572	88.78046564880145	-10.409681777801753	-128.62140283660068	
0.6087667807455985	-76.09398133659603	49.0814556048373	99.7878074061319	49.081455604837004	-38.10054453907104	-15.40051766694146	99.78780740613142	-15.40051766694055	-114.96947505068178	
0.6641092153588347	-38.53671035360153	57.13079289169747	107.82386785064409	57.13079289169731	-40.10771922636023	-16.941923677158243	107.82386785064355	-16.941923677157256	-92.50559680377295	
0.719451649972071	-3.4074803685320205	61.963802078792085	111.8271326250922	61.963802078792085	-37.556848054875324	-14.161776652289698	111.82713262509162	-14.161776652288658	-63.77984518050311	
0.7747940845853072	24.966931380317753	63.38653246051592	111.16848422492174	63.38653246051605	-33.35181260652799	-6.570948658989187	111.16848422492114	-6.570948658988115	-31.426934105467794	
0.8301365191985435	43.02209928332666	61.741588972257986	105.81247779959529	61.74158897225825	-29.981273924396035	5.867686701059952	105.81247779959469	5.8676867010610145	2.3100455212387523	
0.8854789538117797	48.56692346613027	57.884330158763966	96.35471087342309	57.88433015876436	-28.723098836728212	22.679910091624702	96.3547108734225	22.67991009162573	35.844479979037764	
0.9408213884250158	40.93453319851303	52.937970188607906	83.8910103515162	52.93797018860843	-29.95005294875984	42.87400992961061	83.89101035151565	42.87400992961156	68.2958572627577	
0.9961638230382521	21.170141690336493	48.2209826586479	69.78941465265872	48.22098265864851	-32.920164401578305	65.03656025985973	69.78941465265821	65.03656025986054	99.28257915030397	
1.0515062576514884	-8.369543814956003	44.8822384747727	55.39481477436507	44.88223847477347	-36.473005045982234	87.52974613308876	55.39481477436457	87.52974613308942	128.56175007568436	
1.1068486922647245	-44.181200962577066	43.687489026937314	41.799241151232174	43.687489026938195	-39.44690692231227	108.76112487905914	41.799241151231755	108.7611248790596	155.6783139456002	
1.1621911268779608	-81.62021903169293	44.75203476085392	29.737517646315837	44.75203476085491	-40.73601117062666	127.51886315675546	29.737517646315496	127.51886315675574	179.77746848640808	
1.217533561491197	-115.72910528267303	47.51923211428816	19.63470329225533	47.519232114289196	-39.976148228197886	143.19470802285952	19.63470329225508	143.19470802285957	199.55705068070148	
1.2728759961044334	-141.28134174352485	50.73460164328601	11.729245105842082	50.73460164328712	-36.83174616697602	155.77340917977392	11.729245105841905	155.77340917977386	213.4526393078284	
1.3282184307176694	-153.74819888155344	52.97676008132211	6.2632112272045495	52.976760081323135	-31.095809522136086	165.61142288080885	6.263211227204465	165.61142288080868	219.96198102101314	
1.3835608653309057	-149.6901173336771	52.99763144851461	3.5265909595155636	52.997631448515534	-21.942160773248585	173.00823527839046	3.5265909595155636	173.00823527839026	218.0135154185307	
1.438903299944142	-127.69696672242368	50.13486285258323	3.765222729963501	50.134862852583986	-7.7626031714603485	177.75451318743396	3.765222729963586	177.7545131874337	207.30138449087994	
1.494245734557378	-88.27738166844398	44.461938917836406	7.042609052393017	44.46193891783695	13.79670104281076	178.83407422192275	7.042609052393175	178.83407422192255	188.49380157235242	
1.5495881691706144	-33.882906302257425	36.778683419726164	13.0852506220314	36.778683419726505	45.256160281753324	174.4514474832177	13.085250622031635	174.45144748321755	163.25100889307686	
1.6049306037838507	31.692693180303053	28.327959784161614	21.29159640078996	28.32795978416177	88.63168455437652	162.42219570447043	21.29159640079026	162.42219570447034	134.10433256454485	
1.660273038397087	104.09740428953961	20.42577474172743	30.896165124497525	20.425774741727402	144.64115535820744	140.86249466816918	30.896165124497898	140.8624946681692	104.15819528706947	
1.715615473010323	178.97265284420885	14.090090976962513	41.258067026492355	14.09009097696237	212.1222280834335	108.90710524642583	41.25806702649278	108.90710524642589	76.74101148895477	
1.7709579076235593	252.47443544621274	9.82012357018288	52.21767782588702	9.820123570182682	288.3492713948422	67.25293790300834	52.2176778258875	67.25293790300846	55.00849080949048	
1.8263003422367956	321.2159917223267	7.55668622785354	64.30311208249913	7.556686227853326	369.167135880403	18.290863463380134	64.30311208249965	18.290863463380305	41.62934583496101	
1.8816427768500317	382.064426827739	6.764956550477564	78.62718414269195	6.764956550477386	449.71153783485533	-34.206755992042616	78.6271841426925	-34.20675599204243	38.48148379167727	
1.936985211463268	431.88140172408134	6.698452857685176	96.50752731772587	6.698452857685048	525.0190669599004	-85.75446289234915	96.50752731772644	-85.75446289234893	46.37157659512703	
1.9923276460765043	467.386664736979	6.776403318725642	118.87572255816642	6.77640331872561	590.4138276936749	-131.9494302133769	118.87572255816697	-131.94943021337667	64.87849700032743	
2.0476700806897403	485.6177903692716	6.754039841295594	145.62010491432108	6.754039841295594	641.9729280022449	-169.2302875016191	145.62010491432156	-169.23028750161885	92.38446856183363	
2.103012515302977	484.392879779913	6.770285907437497	175.13144355876108	6.770285907437582	676.8105701091083	-195.3717180389461	175.1314435587615	-195.37171803894597	126.31595381925062	
2.158354949916213	463.1284145399217	7.303724758091107	204.20801811955164	7.303724758091228	693.3442374851984	-209.6341288736358	204.20801811955198	-209.6341288736356	163.6684645661793	
2.213697384529449	423.35909144064425	8.716663622629106	228.44688657032947	8.71666362262927	691.4908833255669	-212.63229489422474	228.4468865703298	-212.63229489422463	201.6316359917397	
2.2690398191426855	368.8857339610508	11.288808226907697	243.05047384662794	11.288808226907854	672.3768006953536	-206.02131302520576	243.05047384662822	-206.0213130252057	238.10929925831957	
2.3243822537559216	305.543987526705	14.883113341032995	243.87134297733763	14.883113341033138	638.2485763528148	-192.11359663434004	243.87134297733786	-192.11359663433998	271.95027074064296	
2.3797246883691576	240.4365070148595	19.19150821994574	228.4848206994631	19.191508219945913	591.751344121336	-173.49484268231282	228.48482069946328	-173.49484268231282	302.7905579314895	
2.435067122982394	180.8940758373699	23.736018818596023	196.9505719232626	23.736018818596147	535.5051382810454	-152.66120539734237	196.95057192326277	-152.6612053973424	330.65831796566073	
2.49040955759563	133.4459563784191	27.999132534780546	152.0579850541563	27.999132534780674	472.01816859938725	-131.72760000151277	152.0579850541564	-131.72760000151283	355.50605200875594	
2.5457519922088667	103.09444696698135	31.36616672062679	98.96830502165015	31.366166720626914	403.5096026948249	-112.18193503599312	98.96830502165027	-112.18193503599322	376.83944643423473	
2.601094426822103	92.40650468466364	33.0401177854676	44.288851673290175	33.040117785467714	332.2059741315252	-94.78076832001621	44.28885167329031	-94.78076832001632	393.5695375921514	
2.656436861435339	101.65749259574297	32.11335088306494	-5.206583352231	32.11335088306504	260.6549470606492	-79.63575892709571	-5.206583352230872	-79.63575892709582	404.118225629776	
2.7117792960485754	128.80180651700945	27.65695954238138	-43.89564725464423	27.656959542381486	191.89112048295772	-66.428441710376	-43.8956472546441	-66.42844171037612	406.6929570963857	
2.7671217306618114	169.91782498425022	19.26110531285583	-68.2744371318258	19.2611053128559	129.48938129613606	-54.73623134934266	-68.27443713182569	-54.736231349342766	399.5786026549283	
2.8224641652750475	219.5058686312936	7.303471878355868	-77.4026579169842	7.303471878355939	76.87518400761564	-44.31103684927869	-77.40265791698408	-44.31103684927882	381.5254144712519	
2.877806599888284	271.1591504373203	-6.793196161156773	-72.71705732320335	-6.793196161156697	36.78444448938187	-35.23715046700366	-72.71705732320322	-35.23715046700381	352.17932869545814	
2.93314903450152	318.0868498880881	-20.75672383941486	-57.36373903326527	-20.756723839414782	10.538327177303742	-27.910098725835265	-57.36373903326513	-27.91009872583542	312.45098398233415	
2.988491469114756	353.7206701691499	-32.05527610528772	-35.26984032153061	-32.055276105287604	-2.740526870459675	-22.899229738277782	-35.26984032153047	-22.899229738277963	264.7977579947732	
3.0438339037279927	372.8399869694413	-38.63484789514878	-10.303139802540603	-38.634847895148695	-5.9590532396435805	-20.70004224368418	-10.303139802540464	-20.700042243684365	213.27642118270668	
3.0991763383412287	372.0209058584214	-39.65280486989013	14.306676938323758	-39.652804869890026	-3.843334710441468	-21.499013457927102	14.306676938323896	-21.49901345792729	163.19935221214655	
3.154518772954465	350.4798934123264	-36.013743346061446	36.18469056394803	-36.013743346061325	-1.6910310830233755	-25.091845024873695	36.184690563948166	-25.091845024873887	120.4113845580435	
3.2098612075677013	310.1328192572488	-30.14012834028367	53.78822490703239	-30.140128340283564	-4.279311736170175	-30.894575843871493	53.788224907032514	-30.89457584387167	90.396527541024	
3.2652036421809374	255.24446715327144	-25.22918836633262	66.24037064041798	-25.229188366332533	-14.802410705617302	-38.06552149077005	66.24037064041809	-38.0655214907702	77.3419854167725	
3.320546076794174	191.59621600541038	-24.340929187788944	73.14553233124425	-24.340929187788873	-34.29921650301614	-45.66767651765931	73.14553233124435	-45.667676517659444	83.4530322521425	
3.37588851140741	125.53981362094537	-29.200195390055427	74.55900714028567	-29.200195390055377	-61.535159769150425	-52.85989462845582	74.55900714028577	-52.85989462845593	108.64090787331666	
3.431230946020646	63.04340558010982	-39.690013520775196	71.02024097579675	-39.69001352077514	-93.69368809414854	-59.04654293744038	71.02024097579684	-59.04654293744045	150.57595977049064	
3.4865733806338826	9.16864480822752	-53.78004767260295	63.6059372257638	-53.780047672602926	-126.8916381253413	-63.93512877613574	63.605937225763874	-63.935128776135784	205.0971961266851	
3.5419158152471186	-32.16285783963231	-68.13681342599479	53.86945772134162	-68.13681342599479	-157.08289596780418	-67.47934515664763	53.869457721341675	-67.47934515664764	266.75089613752954	
3.5972582498603547	-58.22521009117095	-79.30618434910295	43.63532947979216	-79.30618434910295	-180.76183422202354	-69.80459898945963	43.63532947979221	-69.80459898945962	329.41638892594307	
3.652600684473591	-67.51131267449907	-84.61630569138795	34.73085838905358	-84.61630569138795	-195.2745917314287	-71.05603925380396	34.73085838905362	-71.05603925380392	386.8173859594599	
3.7079431190868273	-59.81461983074317	-83.00332613427688	28.714845223905236	-83.00332613427688	-199.25033970847286	-71.327298828609	28.71484522390527	-71.32729882860897	433.0760830724593	
3.7632855537000633	-36.58578361156329	-75.0692821661383	26.65028261451548	-75.0692821661383	-192.671931184908	-70.69799793374132	26.650282614515515	-70.69799793374126	463.29416019415856	
3.8186279883133	-0.9930476834359041	-62.911666945806104	29.026429274935097	-62.91166694580609	-176.90488555845727	-69.3333472328068	29.02642927493512	-69.33334723280674	474.1158179297647	
3.873970422926536	41.95413419520758	-49.335047478751925	35.74798027562411	-49.335047478751925	-154.4385336217288	-67.59237072065801	35.74798027562413	-67.59237072065797	464.223885016238	
3.9293128575397724	86.0913871501891	-37.079178729851485	46.165329549521005	-37.07917872985149	-128.38713402572012	-66.07049445663303	46.16532954952103	-66.07049445663299	434.6903951429284	
3.9846552921530085	125.10864133916277	-28.30378653147502	59.10962524415168	-28.303786531475033	-101.69789249274314	-65.56403080808988	59.109625244151694	-65.56403080808988	388.8956185556427	
4.039997726766245	153.7721000420485	-24.153090073729903	72.93229181135138	-24.153090073729913	-76.56137612908518	-66.89891505660398	72.93229181135138	-66.898915056604	332.0495300873549	
4.095340161379481	168.90610895863892	-24.86681623812826	85.7059453718798	-24.866816238128223	-53.92140279424203	-70.6816830660471	85.70594537187984	-70.68168306604713	270.3655318410113	
4.150682595992717	169.64508321441758	-30.03992865899952	95.54586716567964	-30.039928658999465	-33.56859292906137	-77.02577457054207	95.54586716567965	-77.02577457054213	210.13192054038987	
4.206025030605954	157.31157571504076	-38.95906817477426	101.02262228239053	-38.959068174774195	-14.429099890694438	-85.32111775528367	101.02262228239057	-85.32111775528374	156.91016181176767	
4.261367465219189	134.52695667138963	-50.969485721760314	101.57639730768851	-50.96948572176021	4.697145950633669	-94.16286210984889	101.57639730768855	-94.16286210984896	115.03175398159489	
4.316709899832426	104.48626453521379	-65.57908747073934	97.64425069027288	-65.57908747073918	24.565307384506166	-101.52995863367606	97.64425069027294	-101.52995863367617	87.51331622033724	
4.372052334445662	70.44083947165765	-82.22921943661638	90.5194303484106	-82.22921943661619	45.27523073341007	-105.19895969373368	90.51943034841062	-105.1989596937338	76.20592024704567	
4.427394769058898	35.630467413442275	-100.0597564510554	81.92140086178331	-100.05975645105525	66.39970582134512	-103.35747764749365	81.92140086178335	-103.35747764749381	81.87105977720536	
4.4827372036721345	3.648914875530103	-117.73810744489012	73.47708563589585	-117.73810744488995	87.38136799135043	-95.24716090576229	73.47708563589589	-95.24716090576244	104.05013847613226	
4.538079638285371	-21.464424596266923	-133.32290921218436	66.30326452190043	-133.32290921218421	107.9097157999686	-81.60772034597382	66.30326452190046	-81.60772034597399	140.72183498895515	
4.593422072898607	-35.43585631939942	-144.80282076107721	60.84506417627528	-144.8028207610771	128.36337182293428	-64.66848719177659	60.845064176275315	-64.66848719177675	187.96633642263396	
4.648764507511843	-34.63947512997842	-150.35218506784793	56.96323740113876	-150.35218506784787	149.72904578331415	-47.71411677839205	56.96323740113877	-47.71411677839219	239.87325786855124	
4.70410694212508	-16.99664661293761	-149.00052864145735	54.15767764736901	-149.00052864145735	173.5531964941338	-34.276321572134535	54.157677647369034	-34.27632157213466	289.073935485992	
4.759449376738315	17.371098408054447	-140.68157008040046	51.81139009972935	-140.6815700804005	201.48956119076428	-27.24441903119044	51.81139009972937	-27.24441903119053	327.88827146009254	
4.814791811351552	66.24037691727808	-126.2104120315449	49.34970533037983	-126.21041203154499	235.24578367321112	-28.21404361767606	49.349705330379834	-28.214043617676126	349.81354359674316	
4.870134245964788	125.98768721054778	-107.00178067587206	46.29240175370857	-107.00178067587218	276.1593954869339	-37.26086181571424	46.29240175370856	-37.26086181571427	350.88385423026136	
4.925476680578024	192.399841123852	-84.65797931657319	42.25797111045309	-84.65797931657332	324.62131580788275	-53.10877254728646	42.25797111045309	-53.10877254728645	330.44735358539407	
4.98081911519126	261.44007811354624	-60.899604902084135	36.9280611066936	-60.899604902084235	379.835114925743	-73.58995214560312	36.92806110669357	-73.58995214560305	291.10041905954813	
5.036161549804497	329.45100445015316	-37.44055302546351	30.08691944444698	-37.440553025463615	439.0984431444153	-96.1903887261848	30.086919444446952	-96.1903887261847	237.79326730866424	
5.091503984417733	392.78632722859646	-15.922932736562467	21.685159307056175	-15.922932736562538	497.58787672001415	-118.39584637820002	21.685159307056146	-118.39584637819985	176.551480836949	
5.146846419030969	447.53362858663905	2.3588416649026875	11.930068732095048	2.3588416649026254	548.8170844767374	-137.87040731419728	11.930068732095014	-137.87040731419705	113.18503937227372	
5.202188853644206	489.557601398192	16.836588109983424	1.3757488212579148	16.836588109983396	585.3548138414587	-152.44474034162675	1.3757488212579005	-152.4447403416265	52.48961215374538	
5.257531288257442	515.0598942950102	28.113713120892186	-9.039818219687398	28.11371312089213	600.2581683673995	-160.10572096150383	-9.03981821968738	-160.10572096150355	-1.965967049978136	
5.312873722870678	521.4676715661212	38.0208725056699	-18.04770930414229	38.020872505669786	588.5657882269044	-159.0821813289258	-18.047709304142227	-159.08218132892551	-47.57628234121931	
5.368216157483914	508.3755687240681	49.24057818657874	-24.281899393193118	49.240578186578546	548.5154932471909	-148.11682384279464	-24.281899393192994	-148.11682384279436	-82.27618873817535	
5.423558592097151	477.94922277633907	64.5470355582932	-26.643648346552393	64.54703555829298	482.24604250030546	-126.84468854584678	-26.643648346552187	-126.84468854584651	-104.2670082551355	
5.478901026710386	434.8035548806812	85.65987968207659	-24.702199730139156	85.6598796820763	395.60633226925296	-96.177802329033	-24.70219973013885	-96.17780232903274	-112.0611039405554	
5.534243461323623	385.07659637466224	112.71979901026859	-18.962459228795005	112.71979901026826	297.2192429902086	-58.44204059747875	-18.962459228794582	-58.44204059747847	-104.83404236464371	
5.589585895936859	335.19144501218994	143.96628083241418	-10.870093762037385	143.96628083241376	196.85992030010632	-17.15861369674825	-10.870093762036877	-17.15861369674797	-82.91044955766023	
5.644928330550095	290.2018614675851	176.38942161755574	-2.4820717643704544	176.38942161755529	103.554773489852	23.535298870840347	-2.4820717643698593	23.535298870840638	-48.08780111526025	
5.7002707651633315	252.80199407594804	206.46362078845135	4.138482403752512	206.46362078845095	23.959993196660548	59.69243193722001	4.138482403753193	59.69243193722028	-3.6732554818747793	
5.755613199776568	222.48553801096926	231.08463027284967	7.558360081208519	231.08463027284932	-38.66451511676618	88.32111754732017	7.558360081209273	88.32111754732047	45.83808560900303	
5.810955634389804	195.75526901161214	248.11158739597033	7.445567723004171	248.11158739597	-84.53253000547534	107.90688547166778	7.4455677230049595	107.90688547166806	95.44374162994248	
5.86629806900304	167.33422512959453	256.45577367342435	4.6290834109434655	256.455773673424	-116.15777329227578	118.48935374199885	4.6290834109442525	118.48935374199907	140.47473466521132	
5.921640503616277	131.8934665693643	255.85392740263603	0.7237855670852333	255.8539274026358	-137.01150219027951	121.33880949561186	0.7237855670859936	121.33880949561203	177.4121925150892	
5.976982938229512	85.99017637729276	246.74852813459938	-2.5342926891194537	246.7485281345991	-149.83175480270523	118.36008423764959	-2.5342926891187147	118.36008423764972	204.4507999685599	
6.032325372842749	29.325636392716007	229.97677177774207	-3.9930956280551477	229.97677177774185	-156.020956728381	111.51032888421611	-3.9930956280545153	111.5103288842162	221.726874672834	
6.087667807455985	-34.793391515543476	206.96046544126654	-3.52730507662087	206.96046544126625	-155.54716868510016	102.40370788586776	-3.5273050766203067	102.4037078858678	231.0886213699982	
6.143010242069221	-100.37491152893637	179.73166895812966	-1.9951615586261333	179.73166895812932	-147.9177860894563	92.22590299175867	-1.9951615586256644	92.22590299175867	235.45612068158343	
6.1983526766824575	-160.02463429496697	150.85841015155108	-0.8574670261876918	150.8584101515507	-133.0266435097349	81.86572055463961	-0.8574670261873258	81.8657205546396	237.98437505814024	
6.253695111295694	-206.82340123757243	123.25132848317942	-1.5222525442080865	123.25132848317895	-112.0760257139656	72.14080802375763	-1.5222525442077988	72.1408080237576	241.253995344789	
6.30903754590893	-235.7413274735979	99.67917582238476	-4.731648150918925	99.6791758223842	-87.34035011168689	63.95862343100036	-4.7316481509187	63.95862343100034	246.6732612389734	
6.364379980522166	-244.2392361504224	82.13684913842819	-10.238270533362424	82.13684913842759	-61.71150815263803	58.28272032893626	-10.238270533362233	58.28272032893622	254.29068437032478	
6.419722415135403	-232.2525713123721	71.55358309932305	-16.842434862669776	71.55358309932237	-37.80914126119076	55.95229994881742	-16.8424348626696	55.9522999488174	262.9889137406218	
6.475064849748639	-201.7702218392057	67.52163825171	-22.745515490607865	67.52163825170929	-17.24783316958443	57.475744946790755	-22.745515490607687	57.47574494679074	270.98722988241957	
6.530407284361875	-156.12955232682276	68.61546738804599	-26.083500503095568	68.61546738804523	-0.5733374547425782	62.86825906346722	-26.08350050309536	62.868259063467235	276.4133935412146	
6.585749718975111	-99.60904614369898	72.76798486254654	-25.469440842281593	72.76798486254572	12.563493206063256	71.6445625962643	-25.469440842281376	71.64456259626435	277.8459388160641	
6.641092153588348	-36.86391477856423	77.93290433935078	-20.359075685810176	77.9329043393499	22.70811384472426	82.97172809680598	-20.359075685809973	82.97172809680605	274.6646420203441	
6.696434588201583	27.432359043726848	82.59555500720552	-11.184664654697983	82.59555500720455	30.14852900160834	95.88559296257976	-11.184664654697796	95.8855929625799	267.19845364814455	
6.75177702281482	89.01723342093513	86.02464224686824	0.7468597683743523	86.02464224686719	34.823904926064614	109.43867653151001	0.7468597683744873	109.43867653151015	256.6359286926681	
6.8071194574280565	144.17590799177208	88.29144530135444	13.546032354357786	88.29144530135336	36.15913565065648	122.79713506659444	13.546032354357846	122.79713506659456	244.75203704099562	
6.862461892041292	190.08404201567635	89.97610360260029	25.12658654113137	89.97610360259921	33.98564493234056	135.2204721284765	25.12658654113133	135.22047212847664	233.51226016871263	
6.917804326654529	224.93204138525343	91.64125828714963	33.61836346409625	91.64125828714864	28.83224614943107	145.95735189085266	33.61836346409612	145.95735189085275	224.65023350205215	
6.973146761267765	247.47956853841652	93.5608551166252	37.716362263763614	93.56085511662438	21.985496333946713	154.25540740863795	37.716362263763386	154.255407408638	219.33540866879625	
7.028489195881001	257.2359574480054	95.28235220693674	36.913364375399134	95.28235220693615	15.40210503064992	159.43400230533652	36.91336437539882	159.4340023053365	217.93964329791945	
7.083831630494237	254.1557654245184	95.76566536098058	31.574721015231745	95.76566536098028	10.870564466796239	161.07062682139855	31.574721015231354	161.07062682139843	220.01086921023472	
7.139174065107474	238.74740507351186	93.5379070030723	22.884914319768974	93.53790700307229	9.173135315807734	159.19672884849516	22.884914319768527	159.196728848495	224.41236142531525	
7.194516499720709	212.26891061063145	87.15667448084274	12.681909331551307	87.15667448084301	9.629073851327515	154.4356337582688	12.681909331550814	154.4356337582686	229.5650660121366	
7.249858934333946	176.85040959675806	75.66594593658132	3.1792445050767917	75.6659459365818	10.072418714192494	147.95365276105284	3.179244505076252	147.95365276105264	233.73836489559847	
7.305201368947182	135.4182813547388	58.9526453853732	-3.361351609857291	58.95264538537385	7.634668101839139	141.21625134157392	-3.3613516098578575	141.21625134157372	235.36464570433813	
7.360543803560418	91.57199438897014	37.88892364973765	-5.007336079360256	37.88892364973836	-0.295028047571785	135.6308486818076	-5.007336079360858	135.63084868180744	233.31401602390466	
7.4158862381736546	49.0677160880868	14.114124626940882	-0.5208047342865321	14.114124626941607	-14.843426513850659	132.18986956752698	-0.5208047342871431	132.18986956752684	227.15971230985755	
7.471228672786891	11.644899699245073	-10.190380562038957	10.328329789985107	-10.190380562038264	-35.19935901309304	131.23860362613416	10.3283297899845	131.23860362613405	217.33195229227715	
7.526571107400127	-17.520015506883624	-32.7621065787533	26.631605592861238	-32.76210657875271	-58.590886800077804	132.4668106355106	26.63160559286065	132.4668106355105	205.15361125941018	
7.581913542013363	-35.818347363857754	-51.50539250530592	46.432574099762846	-51.50539250530545	-80.98615682421746	135.10933153481633	46.432574099762306	135.10933153481628	192.66380585909914	
7.6372559766266	-41.59887037306426	-64.67090100290586	67.082943269748	-64.67090100290554	-98.21405606892725	138.25179193215325	67.08294326974755	138.25179193215325	182.24221777679261	
7.692598411239835	-34.48042310400014	-70.88212663830905	85.80608790181546	-70.88212663830888	-107.29949720558939	141.1407917825423	85.80608790181509	141.14079178254232	176.0718890221496	
7.747940845853072	-15.596629160178916	-69.17724402380674	100.31431945811609	-69.17724402380665	-106.96335628502726	143.3762149557798	100.31431945811583	143.3762149557799	175.61736996527068	
7.803283280466308	12.282126564019876	-59.267747344055515	109.30793647399742	-59.26774734405554	-98.09210724486269	144.96062160885012	109.30793647399724	144.96062160885018	181.26178132592278	
7.858625715079545	44.8247761439344	-41.78728569586555	112.69985049687483	-41.78728569586568	-83.16006314678786	146.21106396062416	112.69985049687477	146.21106396062424	192.21667247780653	
7.9139681496927805	76.98548156362956	-18.589652886138765	111.48728229545758	-18.589652886138936	-65.51134306017649	147.594519360086	111.48728229545759	147.59451936008603	206.74254886847282	
7.969310584306017	103.59595019442729	7.16682842283754	107.33658778116347	7.166828422837362	-48.371850088174924	149.5555189484267	107.33658778116354	149.55551894842668	222.566823988022	
8.024653018919253	120.487120992341	31.474542939067682	102.0662765529234	31.47454293906744	-34.19563957231708	152.37230453578366	102.06627655292351	152.3723045357836	237.3807453095694	
8.07999545353249	125.12167343402099	50.08779595120936	97.16554822661706	50.087795951209046	-24.340687973423805	156.07155588006762	97.16554822661718	156.0715558800675	249.2515034628085	
8.135337888145726	116.86051176739052	59.58600386059635	93.52230889129979	59.58600386059598	-19.357802374050657	160.39611955783948	93.5223088912999	160.39611955783934	256.8781196521182	
8.190680322758961	96.96918062751848	57.99229282465791	91.39836420517834	57.99229282465747	-19.23626921208622	164.83335764133764	91.39836420517845	164.83335764133747	259.6781755415585	
8.246022757372199	68.21010498123387	45.32881585071166	90.59736256433192	45.32881585071117	-23.820901084221497	168.69951921115478	90.59736256433203	168.69951921115455	257.74849705820674	
8.301365191985434	34.33979711438715	23.377831854035925	90.74036667429618	23.37783185403537	-32.887128332696214	171.3003153237151	90.74036667429628	171.30031532371487	251.7540899565198	
8.35670762659867	-0.5823425043583086	-4.824311438534949	91.51062775435707	-4.8243114385355454	-45.8429953661754	172.10974536250018	91.51062775435713	172.10974536249998	242.76752788668014	
8.412050061211907	-32.652531828556896	-35.72176755360615	92.79819124119234	-35.721767553606675	-61.51874580087214	170.94052095889563	92.79819124119236	170.94052095889543	232.08412251479655	
8.467392495825143	-58.87850766917042	-66.02257910031489	94.70626259833509	-66.02257910031531	-77.91707033578487	168.04009111517126	94.70626259833503	168.0400911151711	220.9831265850661	
8.522734930438379	-77.55376545519819	-93.07141913109749	97.46366380431917	-93.07141913109777	-92.3962896688728	164.0803184172841	97.46366380431905	164.08031841728396	210.49578035442167	
8.578077365051616	-88.42589728954528	-115.06901902344973	101.27837460581841	-115.06901902344981	-102.16847414688456	159.99511207414963	101.27837460581824	159.9951120741495	201.18883799146866	
8.633419799664852	-92.62375401050303	-130.9774645598726	106.23123510208488	-130.9774645598725	-104.70065207152018	156.71447274214512	106.23123510208463	156.71447274214495	193.04897076927116	
8.688762234278087	-92.25173767378514	-140.44810244104167	112.22726652076445	-140.44810244104133	-98.61152156748769	154.87683264340168	112.22726652076418	154.87683264340154	185.5232021748346	
8.744104668891325	-89.88372262005981	-143.56154610524925	119.02945765745415	-143.56154610524865	-83.66575585324219	154.60540473862636	119.02945765745383	154.6054047386262	177.69727532721865	
8.79944710350456	-87.7504507333692	-140.98458806326173	126.34758721671137	-140.98458806326096	-60.9024532894131	155.4184089036219	126.34758721671108	155.41840890362178	168.60541593306596	
8.854789538117796	-87.41494430408345	-133.70573548937028	133.91618413358432	-133.7057354893694	-32.19061380743786	156.35266666800703	133.916184133584	156.35266666800695	157.57789221775352	
8.910131972731033	-89.26879157410076	-123.26077868445788	141.51191099770364	-123.26077868445685	0.2211541418141536	156.22302170120318	141.51191099770335	156.22302170120315	144.50391691243817	
8.965474407344269	-92.62241393396884	-111.37376894685164	148.8985909372944	-111.37376894685062	34.258242109354946	153.9464590436328	148.89859093729407	153.94645904363287	129.95455387957577	
9.020816841957505	-95.96043221639265	-99.84108526715363	155.73744310357523	-99.84108526715266	68.34204171373638	148.81940965591605	155.73744310357495	148.8194096559162	115.13589841031968	
9.076159276570742	-97.61364197528664	-90.01382256723033	161.4819105934464	-90.0138225672295	101.30060646161269	140.65708020566353	161.48191059344612	140.65708020566373	101.65566872876143	
9.131501711183978	-96.25383235636693	-82.43942320061448	165.3208918394405	-82.43942320061373	132.41671983974248	129.76238365617874	165.32089183944015	129.76238365617903	91.20921597231876	
9.186844145797213	-91.63973627602897	-76.60850319098643	166.23811562297018	-76.6085031909858	160.88760319611367	116.7880591997008	166.23811562296984	116.78805919970114	85.24035755740927	
9.24218658041045	-84.50362726521945	-70.97441018208272	163.16259192721088	-70.9744101820822	185.8396113197317	102.53828163567482	163.16259192721049	102.53828163567519	84.65235893540873	
9.297529015023686	-76.65304122421306	-63.48288386534385	155.21633259776104	-63.48288386534341	206.29633006069815	87.81065701550233	155.2163325977606	87.8106570155027	89.630634603847	
9.352871449636922	-70.02948921397584	-52.25507461075988	141.97606604273548	-52.255074610759515	221.4133494009642	73.30315344434905	141.976066042735	73.30315344434942	99.57262839240013	
9.40821388425016	-66.39699921710907	-36.299207708659765	123.7271999920602	-36.29920770865949	230.93090868974434	59.600478182561744	123.72719999205975	59.600478182562114	113.1122835515517	
9.463556318863395	-66.61179621371333	-16.05573656262061	101.58635698024713	-16.055736562620442	235.3758250302546	47.20414235986494	101.58635698024668	47.20414235986531	128.2276758832445	
9.51889875347663	-70.62825249643038	6.570389430229735	77.4380864859812	6.5703894302298025	236.1897950305078	36.56996067753715	77.43808648598079	36.56996067753755	142.4411689169632	
9.574241188089868	-77.72285481797208	28.638456607681213	53.65193781711461	28.638456607681093	235.07383699138956	28.109084237981534	53.651937817114224	28.109084237981953	153.0695484418107	
9.629583622703104	-86.95303207047039	46.91508251293278	32.64885949439742	46.915082512932486	233.48056272891142	22.148685975976935	32.64885949439709	22.148685975977365	157.55752527466248	
9.68492605731634	-97.5823477462645	58.758282020704556	16.409167946078234	58.758282020704115	231.9352692740038	18.83154314243247	16.409167946077943	18.831543142432892	153.82889887481196	
