# Stress in units of bar (10^5 Pa)
# z	Sxx	Sxy	Sxz	Syx	Syy	Syz	Szx	Szy	Szz
0.0	97.89847489428175	-179.27559667771288	-108.80116640175669	-179.27559667771408	-7.3840422908423875	128.56472477829334	-108.80116640175675	128.56472477829237	148.73701739031443	
0.05192519442152321	38.7206836436863	-151.33938542974767	-97.04983347984506	-151.33938542974872	62.31976329311567	106.83366999812606	-97.04983347984515	106.83366999812529	182.78085951203457	
0.10385038884304643	-2.4898517529186392	-130.60403518132338	-90.48484226109981	-130.60403518132432	132.42441600193328	77.77092976726514	-90.48484226109993	77.77092976726459	218.73241525143115	
0.15577558326456964	-21.486614000697642	-115.38137337459531	-88.94897909418121	-115.38137337459611	191.75021341272162	42.47576606824783	-88.94897909418142	42.47576606824751	255.9502052459629	
0.20770077768609285	-17.537834954582607	-103.05214946943032	-91.90900875258625	-103.0521494694311	230.53915563357577	3.1910341243847604	-91.90900875258659	3.1910341243846574	293.80698866775316	
0.25962597210761607	5.903254797078063	-90.60190493925332	-98.45521028385114	-90.6019049392541	241.67317127689262	-37.154957034893975	-98.45521028385161	-37.154957034893854	331.36101199257723	
0.3115511665291393	41.75089951029301	-75.43248364359758	-107.2183729466837	-75.43248364359843	221.90249605574311	-75.41424275952183	-107.21837294668435	-75.41424275952151	367.21557840555937	
0.3634763609506625	80.29224239065681	-55.803479236577566	-116.30805808489797	-55.8034792365785	171.89224107175627	-108.63325849868349	-116.30805808489876	-108.63325849868302	399.69870455693604	
0.4154015553721857	111.3580263237722	-31.456391263448715	-123.33104877672791	-31.45639126344976	95.46694580712148	-134.33091714231114	-123.33104877672885	-134.3309171423105	427.29121506938054	
0.4673267497937089	126.93007056205201	-3.8496873139695467	-125.65287028065764	-3.849687313970634	-0.45260644702025843	-150.7231450621858	-125.6528702806587	-150.72314506218507	449.2206770078325	
0.5192519442152321	123.28137796223439	24.133354509808257	-120.92059328258048	24.133354509807177	-106.51279303527434	-156.88608910726987	-120.92059328258154	-156.88608910726907	465.85134787413745	
0.5711771386367553	102.12024905675828	48.53376479993237	-107.70252291063315	48.533764799931404	-211.5002673144359	-152.8976233887116	-107.70252291063416	-152.8976233887107	478.71328631577217	
0.6231023330582786	70.08391053449816	65.59710951911444	-86.05521454184594	65.5971095191137	-303.19997283253144	-139.84172248538917	-86.05521454184677	-139.84172248538826	490.1003665724524	
0.6750275274798018	36.48145652175509	72.39226395986843	-57.86499201001065	72.39226395986789	-370.60619339596275	-119.6905514927713	-57.864992010011235	-119.69055149277034	502.41078941233087	
0.726952721901325	10.709286879804537	67.92271176414678	-26.661890121185596	67.92271176414654	-406.07164278619035	-95.05899756060148	-26.661890121185863	-95.05899756060049	517.4723276835565	
0.7788779163228482	-0.7375729229603998	53.27989320639385	3.017691350593804	53.279893206393865	-407.40014668903063	-68.80891722788566	3.0176913505938536	-68.80891722788468	536.0621846767606	
0.8308031107443714	3.904243509136748	31.71646669768393	26.595843707272344	31.716466697684147	-379.30568058264987	-43.660931248045465	26.5958437072727	-43.66093124804452	557.798292841315	
0.8827283051658946	21.81463470486875	7.458823414107272	40.526694187542056	7.4588234141075915	-332.24690305957796	-21.740989852016114	40.526694187542674	-21.74098985201524	581.3446391738646	
0.9346534995874178	46.30630178273586	-15.25936388802861	43.092755520118075	-15.259363888028197	-280.24039781540705	-4.259962499198473	43.09275552011883	-4.259962499197677	604.8401890572073	
0.986578694008941	68.76313029841774	-33.33227234523039	34.736946145384394	-33.33227234522995	-237.48162883791377	8.700428209631667	34.73694614538522	8.700428209632346	626.3530026660319	
1.0385038884304643	81.55595386950986	-45.88802029611875	17.847911952339715	-45.888020296118384	-214.23166338397994	18.187270366852335	17.8479119523405	18.187270366852896	644.1672493135802	
1.0904290828519874	79.4145249934802	-54.2541915961194	-3.8890857854446423	-54.25419159611903	-214.58719204944828	26.091306237054972	-3.889085785443984	26.091306237055413	656.9392227432458	
1.1423542772735107	61.10892539898123	-61.49609122045618	-26.39555078346402	-61.49609122045578	-235.22739575709818	34.62961938172225	-26.395550783463587	34.62961938172257	663.7015042950434	
1.194279471695034	29.23542759976879	-71.35193960583481	-46.05398350459188	-71.35193960583437	-266.5887584794643	45.73913867615933	-46.053983504591734	45.73913867615953	663.6428004361393	
1.2462046661165571	-10.054981548744465	-86.72979144834754	-60.27957604817629	-86.72979144834721	-295.53390947884816	60.55060175165034	-60.27957604817644	60.55060175165046	655.9332118473272	
1.2981298605380802	-49.41172393077318	-108.57061786141571	-67.78589809300232	-108.57061786141531	-308.63381486778053	79.12579387369739	-67.78589809300274	79.12579387369743	639.5007461467089	
1.3500550549596035	-81.45339633265428	-135.36541979172094	-68.46486257174729	-135.36541979172057	-295.51047737534117	100.584394110139	-68.46486257174797	100.58439411013896	612.9158516503031	
1.4019802493811269	-101.27793094961942	-163.48407805895835	-63.10682517092082	-163.48407805895798	-251.16417132775928	123.45926176672323	-63.10682517092168	123.4592617667231	574.5399783217911	
1.45390544380265	-107.18057594119853	-188.06686621602364	-53.03058345040513	-188.0668662160233	-177.60739680228954	146.11066980078948	-53.0305834504061	146.11066980078937	522.8714906196678	
1.505830638224173	-101.3749139696767	-203.9486351047998	-39.79180597663834	-203.94863510479945	-83.25949982619609	167.01525837084588	-39.79180597663931	167.01525837084571	457.248216827522	
1.5577558326456964	-88.86928497964738	-207.05732847665692	-24.952244429476565	-207.05732847665655	18.720966077603734	184.76138315829326	-24.95224442947747	184.76138315829309	378.6891181199073	
1.6096810270672197	-75.80099284504558	-194.71232516122	-10.023428083702209	-194.7123251612196	113.10586532876408	197.90358106203325	-10.023428083702989	197.9035810620331	290.5424508210917	
1.6616062214887428	-67.70648090506631	-166.40305357499295	3.613171254645337	-166.40305357499255	186.1172295670591	204.8108334138612	3.6131712546447172	204.81083341386108	198.72649409407796	
1.713531415910266	-67.81338383056445	-123.69809426020676	14.723300068569303	-123.6980942602064	228.77325011979786	203.7670536014375	14.72330006856882	203.76705360143734	111.09459911457353	
1.7654566103317892	-76.01587262377163	-70.45076641473813	22.322264621526713	-70.45076641473793	238.93377898569466	193.37474890664197	22.322264621526386	193.37474890664188	36.112054431968005	
1.8173818047533126	-89.72961982153046	-12.38097588591387	25.86665617759389	-12.380975885913756	221.76658471834048	173.139349711121	25.86665617759365	173.13934971112093	-18.853740704508283	
1.8693069991748357	-104.45520238440304	43.735317040697055	25.434786351990827	43.73531704069714	188.66203302726217	143.94992904447906	25.434786351990653	143.94992904447895	-49.11698895763158	
1.9212321935963588	-115.6192176279481	91.10712204847559	21.75401468788456	91.10712204847562	153.91492370634793	108.29034776190271	21.75401468788442	108.29034776190262	-53.65346560631404	
1.973157388017882	-119.38967563521021	124.14660124540322	16.06749830992469	124.14660124540302	131.0858669679556	69.97433379339769	16.067498309924567	69.9743337933976	-35.1721319391257	
2.0250825824394054	-113.6518405125837	139.96478268266696	9.786717442075497	139.96478268266674	130.01403888033178	33.54259304460538	9.78671744207536	33.5425930446053	0.5522493662195629	
2.0770077768609285	-97.61591960737621	138.6439057113425	4.04313173207327	138.64390571134214	154.68516921207245	3.502912575627917	4.043131732073135	3.502912575627853	45.70014743831144	
2.1289329712824516	-71.72657627928407	123.25260321291826	-0.6611351111712676	123.25260321291786	203.29947060833942	-16.390078150558484	-0.6611351111713892	-16.390078150558537	91.54914914555287	
2.1808581657039747	-37.44619150651803	98.70671402943816	-4.6221336963278095	98.70671402943775	269.1586479913883	-23.63309441852786	-4.622133696327902	-23.633094418527904	129.38351718574364	
2.2327833601254983	2.80002788290426	70.4583829950802	-8.773628076525014	70.45838299507972	342.95582430498723	-17.24481858492473	-8.773628076525085	-17.24481858492477	151.34127985645452	
2.2847085545470214	45.095255353973016	43.21421670119922	-14.383451177260088	43.21421670119883	414.26184583644147	2.1501055179951933	-14.383451177260127	2.1501055179951845	151.35324505609384	
2.3366337489685445	84.31323254113798	20.09978891232737	-22.674590787795317	20.099788912327	473.0095733568407	32.372451678301545	-22.6745907877953	32.37245167830154	126.31525114496334	
2.388558943390068	114.39071539627307	2.5430951188375843	-34.45720086391459	2.5430951188372717	510.98389473027703	69.85309391654495	-34.45720086391454	69.85309391654495	77.17336346084812	
2.440484137811591	129.81228662157565	-9.305570273331313	-49.89853954853295	-9.305570273331526	522.4740650247691	109.98800862499454	-49.8985395485329	109.98800862499455	9.533656868282804	
2.4924093322331142	126.83290271262118	-16.052267272685967	-68.37083851497691	-16.05226727268608	505.584221656784	147.60735971656965	-68.37083851497682	147.60735971656968	-66.77818735488498	
2.5443345266546373	104.97341615732614	-18.279945914821464	-88.38510599681248	-18.279945914821493	462.8038252040712	177.68350941908432	-88.38510599681241	177.68350941908437	-139.51131541703813	
2.5962597210761604	66.74641534285115	-16.045093350291808	-107.73627153174198	-16.045093350291765	400.7286668257384	195.96068792296634	-107.73627153174193	195.96068792296643	-196.73914346563907	
2.648184915497684	17.468905535831638	-8.878510617587814	-123.71831143213444	-8.878510617587672	329.3198951472167	199.5343843696353	-123.71831143213444	199.53438436963538	-229.8804754050702	
2.700110109919207	-36.61045970857958	3.7849633355501524	-133.51081061230093	3.784963335550323	259.5438088569041	187.1630916899212	-133.510810612301	187.16309168992132	-235.8752289604888	
2.75203530434073	-89.78901092862247	22.455265712835548	-134.67288155269216	22.455265712835647	201.06036440010922	159.3314113276757	-134.67288155269222	159.33141132767577	-217.7332864344466	
2.8039604987622537	-137.32091973110892	46.62848184408008	-125.6073675816432	46.62848184408025	160.01820878916038	118.1243858492407	-125.6073675816433	118.12438584924077	-183.34226610379315	
2.855885693183777	-176.11252679015976	74.71707182444267	-105.86991538262404	74.71707182444283	137.9539803884913	66.96080255277143	-105.86991538262419	66.96080255277147	-143.01473255791865	
2.9078108876053	-203.79660390188204	103.83490657670441	-76.37692122084225	103.83490657670457	132.12572928257083	10.291479231623406	-76.37692122084239	10.291479231623423	-106.64046084264726	
2.959736082026823	-219.05512899475778	130.28366348875824	-39.43522448874301	130.2836634887583	136.58294490990193	-46.800252941957936	-39.43522448874316	-46.80025294195796	-81.63267528483252	
3.011661276448346	-220.97726065537125	150.3699965231506	1.3896320051536257	150.36999652315066	144.05025645373104	-99.09029870580281	1.3896320051535014	-99.09029870580285	-71.90649191461745	
3.0635864708698697	-209.97968919646704	161.69621259849743	41.62324626700794	161.6962125984974	147.59154986687543	-141.81689240102844	41.62324626700781	-141.8168924010285	-77.9267521515427	
3.115511665291393	-187.50314326346722	163.95736397446527	76.55567227797238	163.9573639744652	141.9109336798114	-171.4215691825081	76.55567227797223	-171.42156918250816	-97.43282985011624	
3.167436859712916	-156.03426843540402	159.16831434006394	102.0835092245899	159.16831434006392	124.41452117148948	-186.18131094083407	102.0835092245898	-186.18131094083415	-126.12541299519236	
3.2193620541344394	-118.16414196012293	151.17399420105116	115.60912102809004	151.17399420105113	94.76729399038513	-186.67072133662487	115.60912102808997	-186.67072133662498	-158.31113663662455	
3.2712872485559625	-76.29418585082362	144.53260430277894	116.59849702978718	144.5326043027789	54.87992325134401	-175.6571348626956	116.59849702978713	-175.6571348626957	-187.40661069561702	
3.3232124429774856	-32.020599905545986	142.9850253867073	106.5952330392933	142.9850253867073	8.194210378788043	-157.47467692918408	106.59523303929326	-157.47467692918414	-206.60446038516417	
3.3751376373990087	13.629970869889306	148.5383784526663	88.52812723337462	148.5383784526664	-41.35050611007614	-136.90233251888185	88.52812723337456	-136.90233251888193	-209.91310245675953	
3.427062831820532	59.310585660879525	160.8836163669339	65.71948972875444	160.88361636693395	-89.64294803155907	-117.97304540284594	65.71948972875445	-117.97304540284607	-193.2667405329214	
3.4789880262420554	102.36667965937202	177.82605530597442	40.81244481778194	177.82605530597456	-133.33146380138493	-103.05331611131109	40.81244481778193	-103.05331611131118	-155.57760693187606	
3.5309132206635785	139.04165580332167	196.1045672419633	15.180664087140059	196.10456724196342	-169.7483007208103	-92.50584084561483	15.180664087140038	-92.50584084561493	-99.1806055179466	
3.5828384150851016	164.5869799226296	212.31615232320055	-10.986827544701171	212.31615232320073	-197.22022414299676	-85.07226800844478	-10.986827544701192	-85.0722680084449	-29.46081922467144	
3.634763609506625	174.93071862058645	223.9633552683444	-38.04195885288599	223.9633552683446	-214.98518682403505	-78.6885895482063	-38.04195885288601	-78.68858954820641	46.254463938331696	
3.6866888039281482	168.04502782355962	229.92572036465543	-66.05356819234366	229.9257203646556	-222.94420766917813	-71.40539237212897	-66.05356819234369	-71.40539237212909	120.13536782981615	
3.7386139983496713	145.03255065922326	230.5680256725558	-94.10817959582124	230.5680256725559	-222.24028507659148	-62.11068081099569	-94.10817959582127	-62.11068081099582	185.28155293589484	
3.7905391927711944	110.09796886499495	227.45134322507903	-120.04057832744277	227.45134322507917	-214.55828291514885	-50.780149057124156	-120.0405783274428	-50.78014905712426	236.8246207935183	
3.8424643871927175	69.5244157008836	222.66120026799626	-140.75181397039728	222.66120026799643	-201.94399144466277	-38.34705598540075	-140.7518139703973	-38.34705598540084	272.3640897899817	
3.894389581614241	30.01462554264971	218.09645025593255	-152.89732725267538	218.0964502559327	-186.14587402970244	-26.41394246394951	-152.8973272526754	-26.41394246394961	292.0346244771081	
3.946314776035764	-3.3356798513473365	214.81210742719946	-153.88922753635984	214.8121074271996	-167.95452177003983	-16.874879761312084	-153.88922753635993	-16.874879761312144	298.26875076066375	
3.9982399704572873	-28.069437362959512	212.68308183693588	-142.836860474117	212.68308183693603	-146.23656225113115	-11.655187207148867	-142.83686047411706	-11.655187207148948	295.368395442888	
4.050165164878811	-44.42620661233236	210.50777032876735	-121.24053636246894	210.50777032876744	-118.9974815224959	-12.490820840415374	-121.240536362469	-12.49082084041546	288.990698347817	
4.102090359300334	-54.55804722204694	206.365489430062	-93.07035855215955	206.3654894300621	-83.0090319428702	-20.717053072895503	-93.07035855215959	-20.717053072895574	285.49124703479646	
4.154015553721857	-61.012006515985824	198.3493440153602	-64.13203950291788	198.34934401536026	-35.766628745522496	-37.06122356448233	-64.13203950291789	-37.06122356448241	290.97526191987265	
4.20594074814338	-65.27937690723938	185.07222124701377	-40.853207293606204	185.07222124701383	23.134846392866642	-61.413745954590254	-40.853207293606175	-61.413745954590325	310.108681172395	
4.257865942564903	-66.7280244585965	166.18069494276907	-28.770408985497866	166.18069494276912	91.79344435401903	-92.78158176422868	-28.770408985497767	-92.78158176422875	344.98501180197553	
4.309791136986426	-62.525006282583774	142.46037232180691	-31.149131770152472	142.46037232180694	165.7879455254399	-129.3243825624871	-31.149131770152316	-129.3243825624872	394.2773606131443	
4.3617163314079495	-47.81450651252423	116.0447438446877	-48.209297706937164	116.04474384468773	239.3122411061143	-168.49432483037745	-48.209297706936994	-168.49432483037756	453.17925830439054	
4.4136415258294734	-16.78019586865568	90.30183912613917	-77.21540077965638	90.30183912613919	306.53456267489906	-207.24586155410913	-77.21540077965614	-207.2458615541092	514.2810097505214	
4.4655667202509965	35.834960784278366	69.28152410574182	-113.28310254583904	69.28152410574182	362.81633453015263	-242.24631403022636	-113.28310254583874	-242.24631403022653	569.3191063421425	
4.51749191467252	113.56717417924915	57.053682656899035	-150.73598677159617	57.053682656899	405.3505394273405	-270.1805498582364	-150.73598677159583	-270.18054985823653	611.2697107228275	
4.569417109094043	216.70649207990186	56.56374787185929	-184.2742929130163	56.56374787185929	432.87480194391424	-288.15359282568016	-184.27429291301593	-288.1535928256804	636.1280260699733	
4.621342303515566	341.7243299002514	68.56081600476719	-209.877987610834	68.5608160047672	445.3863997230812	-294.117137926595	-209.87798761083363	-294.1171379265953	643.7720306790607	
4.673267497937089	481.04660662549725	90.90064924789101	-225.1339732582491	90.90064924789104	443.59606975746186	-287.27249161585326	-225.13397325824872	-287.2724916158535	637.6377596347015	
4.725192692358612	623.6053116186285	118.83333660992771	-229.05607382669612	118.83333660992781	428.84852640740013	-268.30303433632014	-229.0560738266957	-268.3030343363204	623.2202099894932	
4.777117886780136	756.369955656455	146.08071104093847	-221.74691978660718	146.08071104093858	403.1294271022442	-239.28629596009242	-221.74691978660675	-239.28629596009273	605.9527114314885	
4.829043081201659	865.885571491938	166.51644647437743	-204.06999311754157	166.5164464743775	369.11085887060494	-203.31764898558606	-204.06999311754112	-203.31764898558637	589.3880375115211	
4.880968275623182	940.2407257344578	175.9115853388922	-177.41506018089797	175.9115853388923	330.14490214705063	-163.9481979119095	-177.41506018089748	-163.94819791190974	574.2993992743106	
4.932893470044705	971.3861901408648	173.0546721722112	-143.66810738672626	173.05467217221127	289.3879593024199	-124.56119615443424	-143.66810738672578	-124.56119615443441	559.1219350191238	
4.9848186644662285	956.605327962782	159.78290735929303	-105.15349533087237	159.78290735929303	249.68647473658874	-87.89057834889482	-105.15349533087175	-87.89057834889489	541.3525718181818	
5.036743858887752	900.1910047902969	140.35170885738518	-64.41602310639169	140.35170885738523	213.5494044661654	-55.6756814958176	-64.41602310639101	-55.67568149581756	519.3013563502683	
5.088669053309275	813.2127804725387	120.16587574480478	-23.968355311995346	120.16587574480482	183.48643237368458	-28.614164275881	-23.968355311994657	-28.61416427588081	493.30110493774885	
5.140594247730798	712.0810978337176	104.49377601501543	13.980687256455383	104.4937760150154	162.67732897049086	-6.560151715241176	13.980687256456243	-6.560151715240885	465.7953203868149	
5.192519442152321	615.0407468588916	97.56175494877417	47.705620395842814	97.56175494877415	155.16718977738165	11.048665616484106	47.70562039584375	11.048665616484511	440.2950822638728	
5.244444636573845	537.5401608407094	101.97322363732718	75.85717762029513	101.97322363732714	164.6618065458893	24.627909693641776	75.85717762029613	24.627909693642284	419.7656928354775	
5.296369830995368	488.0326967830282	118.6370515431202	97.2953077224279	118.63705154312011	193.3214411277755	33.969721389692815	97.29530772242899	33.96972138969334	405.3088925028084	
5.348295025416891	465.2681020752757	146.8963843497959	110.96806426646219	146.8963843497958	239.48756256805984	38.02333454361668	110.96806426646324	38.02333454361723	395.68149265998954	
5.400220219838414	459.2494371326435	184.68063488085096	115.99135606897241	184.68063488085085	297.21156021877016	35.1614696744559	115.99135606897345	35.16146967445641	387.9160009632467	
5.452145414259937	454.7600128367255	228.77109758559635	111.90975159469775	228.77109758559627	356.44836951045704	23.917518082683777	111.90975159469875	23.917518082684225	378.5786121522472	
5.50407060868146	437.14981341320697	275.1055775082886	99.02836809435541	275.10557750828855	405.2193251307437	3.8348969314058152	99.0283680943563	3.8348969314061776	365.1150900308975	
5.5559958031029835	397.83003090228124	318.93435617752823	78.65202912822986	318.93435617752823	432.5730924536262	-23.87452778078783	78.65202912823058	-23.874527780787574	346.7482824819417	
5.6079209975245075	337.1257092435102	355.15252992704796	52.98905324873708	355.152529927048	431.29709581274153	-56.23532399221364	52.98905324873765	-56.23532399221348	324.59562014184576	
5.659846191946031	264.43216923621605	378.58661993632916	24.79931289675308	378.5866199363293	399.3943640096828	-89.10738365940611	24.79931289675342	-89.10738365940604	301.175746821248	
5.711771386367554	194.43561783891408	384.7901460497732	-3.1265778946108878	384.79014604977345	339.9169011510253	-118.17738626230962	-3.1265778946107563	-118.17738626230962	279.67703394574886	
5.763696580789077	141.9532982775205	370.6024809912411	-28.471902569998253	370.6024809912416	259.98131398230134	-140.03739145829837	-28.471902569998353	-140.03739145829834	263.211006861624	
5.8156217752106	117.21393823186348	334.95428365617755	-49.832534339694796	334.95428365617806	167.83139439601126	-152.83859964697513	-49.832534339695115	-152.83859964697507	254.25011447564353	
5.867546969632123	122.61285943861972	279.1450276158464	-66.90051745622691	279.14502761584714	71.78166154766058	-156.43238222183882	-66.90051745622739	-156.4323822218387	254.16345257007043	
5.919472164053646	152.58493965075144	207.03297146558145	-80.32415668502082	207.03297146558225	-21.146994785077368	-152.03689487773542	-80.32415668502145	-152.03689487773528	262.86869417746504	
5.971397358475169	195.49916213079558	124.26757251745815	-91.36971734390384	124.26757251745903	-106.24302312291573	-141.6329927452198	-91.3697173439046	-141.6329927452196	278.61449397862305	
6.023322552896692	237.66285358314983	37.39551556086733	-101.45247418058393	37.395515560868255	-180.5852752822629	-127.4270662435034	-101.45247418058479	-127.42706624350319	298.0858344445346	
6.075247747318216	266.7271086156764	-47.47320688464127	-111.67168248300645	-47.47320688464041	-242.94790028945474	-111.55956351173035	-111.67168248300733	-111.55956351173012	316.89706770755976	
6.127172941739739	274.9091595800684	-125.70492373675238	-122.46274360595137	-125.70492373675162	-293.37177780038695	-95.98736225067158	-122.4627436059523	-95.9873622506714	330.4638442270428	
6.1790981361612625	260.29183297166327	-194.86015533373632	-133.50442196185617	-194.86015533373575	-332.2826375959055	-82.49272744481615	-133.50442196185708	-82.49272744481605	334.9953729308454	
6.231023330582786	226.18571110148602	-254.5886535505746	-143.83664195650147	-254.58865355057424	-359.5194518173997	-72.64706369389123	-143.83664195650232	-72.64706369389118	328.37863971875163	
6.282948525004309	179.7876511946724	-306.20784343699574	-152.2812839562404	-306.20784343699563	-373.46850852544424	-67.65799236713895	-152.28128395624117	-67.65799236713893	310.5451761710404	
6.334873719425832	130.03370632712029	-351.62437562784265	-157.70273555842473	-351.6243756278428	-370.540560549495	-68.22026556011508	-157.70273555842536	-68.22026556011505	283.18684493551353	
6.386798913847355	85.10949163112238	-392.3215555170645	-159.26374189308476	-392.321555517065	-346.0578718969746	-74.30569672370994	-159.2637418930852	-74.30569672370989	248.9811027409044	
6.438724108268879	51.36111230327188	-428.6220985201584	-156.56205817670468	-428.6220985201591	-295.4672305540254	-85.12495134921784	-156.5620581767049	-85.1249513492177	210.66688967895328	
6.490649302690402	31.636779505679073	-459.43188494985293	-149.58347831962533	-459.4318849498539	-216.64822240134214	-99.25366453121762	-149.58347831962536	-99.2536645312174	170.34871438030325	
6.542574497111925	25.589414942706853	-482.52568291132684	-138.64524378944643	-482.525682911328	-111.96898534780793	-114.81401575336531	-138.64524378944617	-114.814015753365	129.15199065306388	
6.594499691533448	30.084239606290737	-495.6788405754637	-124.37282323236519	-495.6788405754649	11.298244921685608	-129.77424990218177	-124.37282323236472	-129.7742499021814	87.40001297104006	
6.646424885954971	40.078207411872114	-497.633878124202	-107.64168136941085	-497.63387812420325	141.55335667133699	-142.15994817357137	-107.6416813694102	-142.15994817357094	45.113701774149746	
6.698350080376494	50.46251878936576	-488.8937930769947	-89.58736719823708	-488.8937930769961	265.0067670088871	-150.3053781302607	-89.58736719823631	-150.3053781302602	2.5820328652032547	
6.7502752747980175	56.94333663408382	-472.23293884211375	-71.60758345819941	-472.23293884211523	368.70649690672855	-153.05822184460874	-71.60758345819862	-153.05822184460825	-39.31855846203465	
6.802200469219541	57.682789793918346	-451.98977023174746	-55.24446235082516	-451.9897702317489	443.1975428340932	-149.9358976809731	-55.24446235082442	-149.93589768097266	-79.0705573402364	
6.854125663641064	53.02708866943239	-433.0738660474222	-42.039630555565424	-433.0738660474237	484.1166951185423	-141.28974736794984	-42.03963055556483	-141.2897473679494	-114.79126778271647	
6.906050858062588	45.41302953107014	-419.4910568453799	-33.31263550344085	-419.4910568453813	492.438740390263	-128.40479716908197	-33.31263550344046	-128.40479716908152	-144.69354175923246	
6.957976052484111	37.85026229922222	-413.2946330225086	-29.85445204603878	-413.29463302250986	473.1770719977287	-113.38527597782353	-29.854452046038602	-113.38527597782308	-167.56549953025558	
7.009901246905634	32.46407268610212	-413.90677416680165	-31.680512787255942	-413.9067741668028	432.9969409500486	-98.80488179597862	-31.680512787255957	-98.80488179597822	-183.10737347631175	
7.061826441327157	29.24669763248022	-418.53243427218877	-37.88112828468191	-418.5324342721897	378.36184735285923	-87.16515502414742	-37.8811282846821	-87.16515502414707	-191.9664838566435	
7.11375163574868	25.24772653734675	-423.1170850551398	-46.70588938917553	-423.11708505514036	313.4211401776936	-80.22093601987913	-46.70588938917584	-80.22093601987882	-195.55846309089307	
7.165676830170203	15.377398775902009	-423.8342758791534	-55.901889577223244	-423.8342758791537	240.17616355447257	-78.44573842571495	-55.90188957722357	-78.44573842571465	-195.6440288671978	
7.217602024591726	-6.569393383453132	-418.21005951576774	-63.26515038156161	-418.21005951576785	158.85746200949748	-80.77017974696786	-63.265150381561924	-80.77017974696757	-193.88350570132815	
7.26952721901325	-45.95863347197265	-405.9548341542369	-67.27560483323296	-405.9548341542368	69.23517762935589	-84.7447528389871	-67.27560483323322	-84.74475283898684	-191.45824283090315	
7.321452413434773	-105.1523910683654	-388.7168229796827	-67.56801560730723	-388.7168229796823	-27.978845581926947	-87.06774434743174	-67.56801560730736	-87.06774434743153	-188.86163442975914	
7.3733776078562965	-182.97303569264596	-369.77999119163167	-65.14189089407301	-369.7799911916311	-130.2891540009913	-84.35518492241853	-65.14189089407301	-84.3551849224184	-185.88312831482776	
7.42530280227782	-273.6063763834504	-352.94563569692724	-62.14261598835735	-352.9456356969266	-233.30812936836867	-73.8911773259043	-62.14261598835721	-73.8911773259043	-181.77122713913366	
7.477227996699343	-368.1249634325031	-341.76926735016076	-61.347404720445525	-341.7692673501599	-331.0303811028977	-54.19006778287876	-61.34740472044528	-54.19006778287889	-175.50683566969894	
7.529153191120866	-455.57858668621157	-338.7465085741592	-65.43906825443463	-338.74650857415844	-416.8876091552462	-25.264442896186935	-65.43906825443428	-25.264442896187226	-166.10666871354908	
7.581078385542389	-524.8315558874231	-345.134684126298	-76.30985984602759	-345.1346841262973	-484.29186455525524	11.43986260851957	-76.30985984602717	11.439862608519105	-152.86778357404367	
7.633003579963912	-566.3338777441411	-360.7392822627095	-94.57442447582561	-360.73928226270874	-527.8931442073415	53.31228005913033	-94.57442447582515	53.31228005912968	-135.59760420125167	
7.684928774385435	-573.2493302731357	-384.0598692983747	-119.39048143258778	-384.05986929837405	-544.4553563477592	96.99147038151807	-119.39048143258734	96.99147038151725	-114.7346424151311	
7.736853968806959	-542.1287312980614	-412.4046638272631	-148.63151301332144	-412.4046638272626	-533.3881863137615	138.8137800244511	-148.63151301332104	138.81378002445012	-91.34639831832379	
7.788779163228482	-473.4320784352376	-442.3114384202326	-179.33843047240677	-442.31143842023226	-497.5744118129901	175.26603825721446	-179.3384304724064	175.26603825721335	-66.99045781629795	
7.840704357650005	-371.75805791477865	-469.8117533760733	-208.2777631244433	-469.81175337607334	-442.82885959990426	203.45216759492266	-208.27776312444294	203.45216759492143	-43.463983700992095	
7.892629552071528	-245.40186416341652	-491.1132501566053	-232.51872439346934	-491.11325015660555	-377.43707998720214	221.51108754045654	-232.51872439346897	221.5110875404552	-22.453741299642495	
7.9445547464930515	-105.86325925712634	-503.1463729310015	-249.84063523332662	-503.146372931002	-310.6821047739732	228.95634353145323	-249.84063523332628	228.95634353145175	-5.198047323918546	
7.996479940914575	33.375846145001624	-503.94007397560733	-258.93747441238327	-503.9400739756081	-251.01194515415585	226.78976049443224	-258.9374744123829	226.7897604944307	7.8251539191074695	
8.048405135336099	158.51757807220153	-492.7576669844673	-259.4432632832138	-492.7576669844683	-204.7462600583933	217.35314727015063	-259.44326328321347	217.3531472701491	17.072241853258568	
8.100330329757622	257.6167712169281	-470.07386807579894	-251.82649124404372	-470.0738680758	-174.42716375365748	203.839060288106	-251.82649124404347	203.8390602881044	23.897910392740705	
8.152255524179145	322.1534096227686	-437.3562440963667	-237.22778558977728	-437.35624409636796	-158.78411515452026	189.53510197126724	-237.22778558977706	189.53510197126565	30.31065598239681	
8.204180718600668	348.71497682629337	-396.7133725215973	-217.30973336638814	-396.7133725215986	-152.58788965727766	176.98703576857844	-217.30973336638803	176.9870357685769	38.53780387602218	
8.256105913022191	338.89586830438117	-350.9998807896409	-194.06992674842076	-350.99988078964225	-147.9012046713185	167.3217157014248	-194.0699267484207	167.32171570142333	50.559881274168724	
8.308031107443714	298.9210308737088	-303.27479076117186	-169.66455105894204	-303.2747907611733	-136.23756781763439	159.97258839530866	-169.66455105894207	159.97258839530733	67.64242934528036	
8.359956301865237	238.16625913556928	-256.87639010940416	-146.18595256378913	-256.8763901094055	-110.48259161954024	152.91036505077597	-146.18595256378913	152.9103650507747	90.11703236320136	
8.41188149628676	167.52108371923973	-214.79763137307822	-125.44847950541919	-214.79763137307958	-67.05151331602377	143.33559347111176	-125.44847950541923	143.33559347111066	117.48297535643624	
