# Stress in units of bar (10^5 Pa)
# z	Sxx	Sxy	Sxz	Syx	Syy	Syz	Szx	Szy	Szz
0.0	-316.2284175182475	-3.741807527128941	-51.936433783826715	-3.741807527130078	134.273144702546	-177.4106904572679	-51.93643378382592	-177.4106904572681	210.94569869130672	
0.0550320024364505	-386.5404053327055	17.145657778881258	-56.890898950978766	17.145657778880235	125.98799841627118	-174.24085777139203	-56.890898950978126	-174.2408577713921	194.39440729537876	
0.110064004872901	-453.90543863254874	31.603965010027693	-59.87584729305179	31.60396501002684	71.4779762477863	-167.57592694858502	-59.87584729305142	-167.575926948585	169.52305979086896	
0.16509600730935148	-505.8419384023856	38.09027025260369	-60.74359878730225	38.090270252603204	-11.589857276365564	-164.0566661320343	-60.74359878730212	-164.05666613203417	141.8584220220498	
0.220128009745802	-524.5775554262949	46.1956982998869	-58.474170767273705	46.19569829988674	-84.95424808359721	-165.1901103586624	-58.474170767273705	-165.19011035866203	119.75249613669126	
0.2751600121822525	-507.8518741997128	61.39452662164763	-51.334255525122934	61.394526621647756	-122.89126306703574	-168.90977361560937	-51.33425552512304	-168.90977361560888	106.66972734472812	
0.33019201461870296	-469.1042762880287	74.12891845046228	-37.260074992837126	74.12891845046241	-128.7228895835184	-172.27474439097665	-37.26007499283736	-172.27474439097617	99.2620961541864	
0.38522401705515347	-423.30776707380136	72.28072048591403	-14.951373304624687	72.280720485914	-126.53073548295265	-172.99172612054957	-14.951373304625136	-172.99172612054917	92.99238180706413	
0.440256019491604	-378.59703787377185	61.405208575924746	14.291990632571943	61.405208575924405	-143.74303572684443	-170.08844794615752	14.291990632571306	-170.08844794615726	86.9127286421655	
0.4952880219280545	-338.6784302745652	63.05500486419643	45.05454327946218	63.055004864195816	-196.76509269839582	-164.17547310312494	45.05454327946155	-164.17547310312457	81.71725298773686	
0.550320024364505	-308.47425579369803	91.14185459051404	68.51121721634247	91.1418545905133	-278.22763828668906	-156.94320708868395	68.51121721634208	-156.94320708868327	75.7884122884139	
0.6053520268009555	-293.9917502481215	137.687857580808	76.51876522124246	137.6878575808071	-355.12910662428453	-149.89601573584025	76.5187652212424	-149.8960157358392	65.93493264985307	
0.6603840292374059	-295.03018775332805	183.45219692225976	66.98681047923168	183.4521969222588	-390.50827387473913	-142.70451851040207	66.98681047923182	-142.7045185104007	51.60806868599539	
0.7154160316738565	-304.23625212669344	213.93536475840676	45.68839305883246	213.93536475840583	-375.2048339045397	-132.07878887805882	45.6883930588326	-132.0787888780573	36.705721637926565	
0.7704480341103069	-316.89653865661285	220.95988773214137	22.313730087343057	220.95988773214057	-336.3364273000069	-113.88126987420263	22.313730087343025	-113.88126987420114	27.432854786506876	
0.8254800365467575	-335.52266964753005	197.40355688738762	4.556449193361081	197.40355688738714	-309.6106115285652	-89.2411430254381	4.5564491933608675	-89.24114302543678	29.878922825530307	
0.880512038983208	-362.9532768441079	141.31162060080038	-4.847653798315633	141.31162060080027	-303.8419208361545	-68.20624229409002	-4.847653798315963	-68.20624229408895	49.60287641998612	
0.9355440414196584	-395.62614822417737	65.74622398666435	-7.7721220705672724	65.74622398666443	-296.0110982324616	-63.43334404843469	-7.772122070567678	-63.43334404843395	90.6938614490732	
0.990576043856109	-419.87467017291385	-1.5754126243455033	-9.328780532427244	-1.5754126243453541	-261.2172461613477	-78.1036582125301	-9.328780532427748	-78.10365821252971	152.2363286740059	
1.0456080462925594	-414.81386637911294	-34.4734636429515	-16.00708051888158	-34.47346364295146	-202.40774580310176	-101.81028628408558	-16.007080518882226	-101.81028628408546	225.60156269826274	
1.10064004872901	-371.068957756587	-26.875052978435562	-31.812144272339825	-26.87505297843562	-145.02863279705764	-120.46499573616094	-31.81214427234061	-120.46499573616092	297.1475181234882	
1.1556720511654603	-311.71779807570545	4.56973035233527	-52.95509244104181	4.569730352335284	-106.34831784243653	-129.4281871694773	-52.95509244104268	-129.4281871694772	353.8968138994833	
1.210704053601911	-278.6049648555147	38.5878732560589	-67.22821175960405	38.587873256059055	-77.1701267632888	-134.13336087872318	-67.22821175960487	-134.1333608787229	386.6684103728679	
1.2657360560383615	-289.6747024616671	67.55242861944282	-63.202982085239356	67.55242861944319	-33.621342603048134	-137.64401257655453	-63.202982085240016	-137.64401257655402	391.2333277266538	
1.3207680584748118	-320.05378854350903	95.53338635182753	-41.86411101563238	95.53338635182804	41.029834099605765	-132.29048138474624	-41.86411101563281	-132.29048138474562	370.68051205101773	
1.3758000609112624	-325.19059207596604	126.37029614013932	-16.978968113797443	126.37029614013996	143.8800426706127	-107.8034801737601	-16.978968113797638	-107.80348017375954	336.4041196904633	
1.430832063347713	-273.5535658748331	159.26735126452593	-4.436613291259778	159.26735126452655	253.21382489005003	-65.53296599319616	-4.436613291259835	-65.53296599319589	304.36007792548577	
1.4858640657841635	-162.19632488996967	190.16335778558945	-13.8230807843497	190.16335778558988	343.8799516062388	-20.569924088004353	-13.823080784349706	-20.56992408800443	289.2301344699791	
1.5408960682206139	-12.311232108643779	213.14806730137985	-46.629090178946065	213.14806730137985	406.27237184530514	9.69543060444893	-46.62909017894606	9.695430604448607	299.12132376036686	
1.5959280706570644	147.7821268954544	226.42907439417033	-94.22422601594651	226.4290743941699	441.5067397040921	18.129100049957252	-94.2242260159465	18.129100049956886	330.2295066519635	
1.650960073093515	295.9101027890913	236.47229556650734	-136.16191164403864	236.47229556650663	439.33493076864795	12.674270548313569	-136.16191164403858	12.674270548313354	365.0108443232374	
1.7059920755299653	414.48559639514207	247.8462910019075	-147.6757368801753	247.8462910019067	382.98556826083063	11.893829178446468	-147.67573688017515	11.89382917844647	379.90360242089105	
1.761024077966416	487.4365913226245	250.33189122939984	-114.86114557138072	250.33189122939893	281.8019751311399	33.0334426932901	-114.8611455713805	33.03344269329024	359.4372884334382	
1.8160560804028665	506.18249399004065	226.5398477863123	-44.23267783322255	226.5398477863113	179.30024960831304	78.43321275090524	-44.23267783322234	78.43321275090543	304.9533355917695	
1.8710880828393168	476.3759605752004	173.8613050203719	39.189505426859846	173.86130502037085	122.99007201868957	129.7167514345095	39.189505426860094	129.71675143450963	232.00982882314287	
1.9261200852757674	421.3881124155473	110.92457446299079	100.1638333071629	110.92457446298977	136.53732044658182	156.1848972056185	100.16383330716322	156.18489720561865	160.5158892274829	
1.981152087712218	380.71936903630564	61.5950878930079	106.80189434321692	61.59508789300706	212.3741127871138	133.69590776697953	106.80189434321734	133.69590776697964	103.52110767723869	
2.0361840901486685	390.3807346029578	38.79547708034603	50.13620811521772	38.795477080345414	316.5978222432139	61.85826128634407	50.1362081152182	61.8582612863442	59.46518189235009	
2.091216092585119	449.1998541404839	43.575679523208606	-43.25123174011908	43.57567952320818	405.34613863034053	-31.434638568238565	-43.25123174011863	-31.434638568238395	13.628962713325066	
2.146248095021569	505.7533383035457	71.18844630272855	-123.01505079032464	71.18844630272818	444.5141079083185	-103.25352322694798	-123.01505079032431	-103.2535232269478	-49.489264607880486	
2.20128009745802	499.66166617684814	113.56741168027435	-147.0792222926508	113.56741168027405	419.7285554336932	-123.1006613919086	-147.0792222926507	-123.10066139190852	-130.3539496432717	
2.2563120998944703	424.1776397467347	157.36925507258212	-108.71980772545388	157.36925507258186	337.8877532392172	-95.44304409764695	-108.71980772545405	-95.44304409764692	-206.9448457285374	
2.3113441023309207	331.49403186985285	181.0998553044393	-38.42756503963585	181.09985530443913	225.18160264720797	-53.07358565562981	-38.427565039636214	-53.07358565562976	-242.75731121020658	
2.3663761047673715	269.73900860542176	160.91567819959147	19.723306235980495	160.91567819959135	116.54378805933135	-24.975252008085647	19.72330623598001	-24.975252008085562	-209.57206276234996	
2.421408107203822	230.89387030004923	88.47498512373318	39.620099060795745	88.47498512373303	39.032334845744124	-13.658571012414079	39.62009906079526	-13.658571012413894	-112.66630411971892	
2.476440109640272	171.28326121646808	-15.085856250092661	28.012212312971926	-15.085856250092831	2.4181460425019594	-3.9317941723773533	28.012212312971545	-3.931794172377126	6.852157972972181	
2.531472112076723	67.273726137065	-109.52016541631562	11.553344694242298	-109.5201654163158	-1.9706737199090014	13.282011358986125	11.55334469424206	13.282011358986326	104.44324853866821	
2.5865041145131733	-63.971677516239424	-164.071586696895	10.31892665026382	-164.07158669689525	2.5848103662357147	28.969088022680182	10.31892665026372	28.969088022680317	170.20190281590945	
2.6415361169496236	-185.35387441308737	-178.16164835670742	23.158730583493877	-178.1616483567076	-4.127816474191675	24.205460679119575	23.15873058349385	24.20546067911959	230.87767997352205	
2.6965681193860744	-263.16910063762697	-175.45119370836983	34.877030115540094	-175.45119370837	-17.08820183394929	-10.064472807147	34.8770301155401	-10.06447280714711	314.95692433067677	
2.751600121822525	-274.58620707007015	-175.2117954157343	33.68346517571843	-175.2117954157344	-9.865409831872583	-57.73399239677493	33.68346517571845	-57.73399239677515	420.319505443526	
2.8066321242589756	-211.11621458938868	-170.08624771715017	21.65133917652164	-170.08624771715017	33.46684285074467	-83.17042592776228	21.651339176521663	-83.17042592776252	514.8598594841962	
2.861664126695426	-89.40673154207728	-137.16903999148502	10.960453189155622	-137.16903999148494	98.1999676876944	-58.0627904136562	10.960453189155665	-58.06279041365643	561.5679627405556	
2.9166961291318763	43.3655732598952	-68.84972124861578	11.392105083762539	-68.84972124861567	151.58867988385217	14.532517603417261	11.392105083762594	14.532517603417084	541.1113406292735	
2.971728131568327	132.10114359564912	18.718878492561572	20.85641625707771	18.718878492561693	166.76542337365072	103.38260144410033	20.85641625707774	103.38260144410023	458.342231466131	
3.0267601340047774	150.82932910255883	107.03944003053957	27.20100418906339	107.0394400305397	136.96024464400818	173.8628330850366	27.20100418906341	173.86283308503653	335.91118968407295	
3.0817921364412277	116.2144572266985	188.06354028260634	18.676003699212046	188.06354028260645	81.7926524331327	207.10290843580668	18.676003699212043	207.10290843580668	202.4405260356068	
3.1368241388776785	65.24739210940315	250.04695400172764	-7.05238327958377	250.04695400172773	36.09813882988149	200.09269318295568	-7.0523832795837755	200.09269318295566	82.93052211981225	
3.191856141314129	26.14792288852368	268.6547969510017	-41.85959343192206	268.65479695100174	15.774361620217007	158.37732865720943	-41.859593431922036	158.37732865720943	-3.9869116445692185	
3.246888143750579	6.353993137247528	229.15637682777088	-72.83846864108855	229.15637682777094	1.7360621403106506	95.10739016108721	-72.83846864108851	95.1073901610872	-47.135020920134174	
3.30192014618703	-7.158714052665459	151.4624647898199	-89.56704016665621	151.46246478982	-26.580484081482894	32.7294174412299	-89.56704016665614	32.7294174412299	-49.18835859541031	
3.3569521486234803	-36.9427306716519	82.38386647830716	-88.78231202393377	82.38386647830727	-55.069858784328446	-4.991529990568193	-88.78231202393367	-4.991529990568221	-29.102112255709944	
3.4119841510599307	-92.02691621097485	61.62221950411191	-74.94646526617885	61.62221950411201	-53.85877039231673	-8.827291597797721	-74.94646526617875	-8.827291597797753	-6.628756765494455	
3.4670161534963815	-153.8798515721162	95.42336330531359	-57.03290368263713	95.42336330531364	-21.791574857666284	8.712591104868823	-57.032903682637	8.712591104868793	18.581937612589584	
3.522048155932832	-193.55276126337566	157.1131754766954	-42.9020641427707	157.11317547669543	9.68214890598972	23.438265811629506	-42.90206414277059	23.438265811629474	64.07545297647042	
3.577080158369282	-199.29862627048846	209.40433069217596	-34.36742851999949	209.4043306921759	12.910172417187063	18.0592031010629	-34.36742851999939	18.05920310106285	136.73592517022132	
3.632112160805733	-178.90589682712658	227.19112334984396	-27.407146646211842	227.19112334984385	-12.49842788880791	-6.2706487027808	-27.407146646211757	-6.27064870278085	213.5634844093337	
3.6871441632421833	-142.1822791803788	203.4787652729973	-18.494969532477672	203.47876527299707	-51.22153455552416	-36.086604783161114	-18.494969532477626	-36.08660478316118	256.1891674365039	
3.7421761656786336	-97.64729982339993	141.99851921225675	-9.335257736935638	141.99851921225644	-91.24757787534939	-62.944955164682426	-9.335257736935615	-62.94495516468244	244.92726220634808	
3.7972081681150844	-62.099257957713064	53.75461550802895	-2.7409180377550886	53.75461550802861	-127.14300214981748	-89.6858078066661	-2.7409180377550886	-89.6858078066661	197.29817067019866	
3.852240170551535	-53.242792173744775	-40.17540887190428	3.1657180595942753	-40.17540887190465	-152.54110038243712	-117.63393132729334	3.165718059594254	-117.63393132729337	154.0513855968064	
3.907272172987985	-67.33139743008678	-112.73591955237667	10.012078486809395	-112.73591955237703	-158.33259467194685	-136.40364179108445	10.012078486809342	-136.40364179108448	148.61844594903835	
3.962304175424436	-71.37999644823867	-142.9564523265967	8.722021757092538	-142.956452326597	-138.6715958690937	-133.14926867331704	8.722021757092467	-133.14926867331707	187.45930326527179	
4.017336177860886	-23.87900071359678	-126.71463915498339	-17.69214318050481	-126.71463915498362	-97.05789275075776	-106.44786495299167	-17.692143180504907	-106.4478649529917	252.75147050620293	
4.072368180297337	94.27666960854617	-80.36400911888819	-75.4566078996251	-80.36400911888833	-49.56426658674718	-65.45649667317399	-75.45660789962521	-65.45649667317403	317.98819703859147	
4.127400182733787	262.5453209009402	-33.45934275874755	-146.32253242518487	-33.45934275874759	-22.03076958655501	-18.66011838116477	-146.322532425185	-18.660118381164786	360.5174499033323	
4.182432185170238	424.6080274967986	-12.377751861839428	-195.8721346179174	-12.377751861839336	-33.84125698269872	32.558984524495095	-195.8721346179175	32.55898452449514	365.03575960047795	
4.2374641876066885	513.9149581078071	-26.03992619687537	-197.59525487209874	-26.03992619687523	-77.75363372686994	90.01691221508081	-197.59525487209885	90.01691221508094	326.7204295239013	
4.292496190043138	493.6231607188094	-63.63331539078072	-151.98666420083617	-63.63331539078058	-120.12769561699514	151.44955111041853	-151.9866642008363	151.44955111041875	260.80132569549465	
4.347528192479589	385.6370703858354	-104.54097087349277	-84.43701760461073	-104.5409708734926	-127.59089041985817	209.39896997747815	-84.43701760461092	209.39896997747843	205.79487379798627	
4.40256019491604	258.44939561359206	-133.82289120713517	-24.183811574796884	-133.82289120713506	-100.13173374494778	255.38086108657592	-24.183811574797115	255.3808610865762	202.93803693489326	
4.45759219735249	173.54657423016562	-149.37927734349654	14.961037101135897	-149.37927734349648	-80.09526713823809	279.51005826733456	14.961037101135604	279.5100582673348	262.79159039156605	
4.512624199788941	138.01277923425152	-153.85003381334084	33.938745422403905	-153.85003381334081	-116.41095010010297	266.5925526749662	33.93874542240358	266.5925526749663	354.9951551588137	
4.5676562022253915	115.9708452047054	-146.97273849063492	34.1962077098611	-146.97273849063504	-206.6546659693516	203.52527451598786	34.196207709860786	203.52527451598792	435.406531435686	
4.622688204661841	82.03368399527844	-132.80157382024444	12.401206361746855	-132.80157382024458	-287.36132979178086	98.53470571297932	12.401206361746574	98.53470571297932	480.24054621844687	
4.677720207098292	47.002247854499814	-123.87118548137435	-28.040822546455786	-123.87118548137448	-297.6444649946683	-12.76612195604589	-28.040822546456013	-12.766121956045904	492.3006094408081	
4.732752209534743	37.858485335593485	-124.28184480707529	-67.54848357319442	-124.28184480707534	-233.57116273129068	-89.89813567660873	-67.54848357319456	-89.89813567660875	483.5520976593242	
4.787784211971193	73.41333782091812	-112.29214489134445	-81.79543528053331	-112.29214489134435	-129.08225991386402	-116.60915763458158	-81.79543528053338	-116.60915763458154	462.6970084566169	
4.842816214407644	157.18455459883606	-54.58486826673726	-63.46764221223534	-54.58486826673712	-10.674971244844798	-104.52760643455946	-63.46764221223527	-104.52760643455943	438.04667702023926	
4.897848216844094	272.09489390289104	55.789003866435586	-28.191243083350404	55.78900386643571	110.72468341645062	-71.86457520114897	-28.191243083350226	-71.86457520114892	421.38609055497966	
4.952880219280544	387.26186567556226	177.53325734133054	0.038147360211411296	177.53325734133065	230.24040367336607	-26.48757424325161	0.038147360211645776	-26.487574243251576	421.3948926477327	
5.007912221716995	487.2736720270768	243.64757571602047	5.190831336031814	243.64757571602058	355.20098200370245	29.085935200873177	5.190831336032079	29.085935200873145	433.68040105950814	
5.062944224153446	582.4708993415704	215.33772903719108	-13.726450418528877	215.33772903719117	499.1917383508769	84.56226415477958	-13.726450418528596	84.56226415477946	441.6056619760639	
5.117976226589896	677.5128248613344	115.3386770708073	-41.168827793287576	115.3386770708074	646.9633147590697	121.34346080508277	-41.168827793287235	121.34346080508251	428.8403568597455	
5.173008229026347	750.7750046930606	1.6796772476030526	-49.921289081566655	1.6796772476030952	742.2393957818547	124.14372599522869	-49.92128908156621	124.14372599522838	389.1273845936032	
5.228040231462797	781.7867919972327	-87.090674836728	-18.09424446486017	-87.09067483672803	742.8249340875911	90.60592989847413	-18.09424446485965	90.60592989847387	323.8958960339179	
5.283072233899247	779.8665887512309	-151.75506838508502	51.272700563983236	-151.75506838508517	685.0807959215633	32.87480573337621	51.2727005639838	32.87480573337608	237.4721120223564	
5.338104236335698	766.1872668623175	-205.79599812724445	130.29755040980965	-205.79599812724462	657.4806381624934	-27.755477896499418	130.29755040981013	-27.75547789649942	140.13882403147076	
5.393136238772149	742.7152868188548	-246.03824046958545	190.5594087059896	-246.0382404695856	697.2331206542815	-72.29343803420099	190.55940870598997	-72.29343803420093	50.1497592309275	
5.4481682412086	695.9099408271641	-254.32508459188392	226.44975342237893	-254.32508459188404	741.7105504868846	-94.67870071929893	226.4497534223791	-94.6787007192989	-16.75431559843534	
5.50320024364505	619.2230585476302	-221.81334889458643	252.65018558677343	-221.8133488945864	696.4487898040525	-100.78917395888885	252.65018558677355	-100.78917395888891	-58.97233420481925	
5.5582322460815	521.0564792691814	-163.1378259212142	281.5907502784122	-163.13782592121404	529.5920998254278	-97.50913204364325	281.59075027841214	-97.50913204364338	-82.40536911348056	
5.613264248517951	419.24219779077106	-106.32129124772507	307.13090929549213	-106.32129124772482	290.1680534443964	-85.67600040608771	307.1309092954922	-85.67600040608787	-82.79557101223031	
5.668296250954401	330.00617990767944	-75.57471035962516	309.8257361335335	-75.57471035962479	57.054272896151545	-64.16370005660816	309.82573613353355	-64.16370005660826	-44.917673984860755	
5.723328253390852	255.98454154040093	-82.3489455992071	276.1770194365301	-82.3489455992067	-110.84809323168903	-37.75421589965134	276.17701943653003	-37.754215899651335	35.252119865870654	
5.778360255827303	184.5310318014498	-121.31120571382876	213.6336186686607	-121.31120571382844	-189.85366393131054	-17.576999112156614	213.63361866866052	-17.576999112156532	134.39861265105563	
5.8333922582637525	106.463084272845	-170.02675882372813	147.95394058761627	-170.026758823728	-184.52577135520363	-12.606175207092672	147.95394058761593	-12.606175207092576	216.32027282607896	
5.888424260700203	38.60912046916188	-198.34949146354927	103.92713309041827	-198.34949146354938	-119.7316699193118	-22.385644987852583	103.92713309041787	-22.38564498785256	261.5942844495547	
5.943456263136654	16.795269303626924	-188.5141736503678	86.79300805852657	-188.51417365036804	-36.56384770142873	-39.66516870299355	86.79300805852624	-39.66516870299366	277.29375118755024	
5.998488265573104	59.54625495442431	-149.49772029965305	83.37297511367136	-149.4977202996531	19.009903708488636	-58.39739080385443	83.37297511367107	-58.39739080385469	278.5251320314701	
6.053520268009555	146.16395398368948	-108.58513760610461	80.01290186419932	-108.58513760610428	19.578807243991704	-76.34425598164111	80.01290186419911	-76.34425598164145	269.02521457908773	
6.108552270446006	237.1904671777875	-86.92952271033305	74.01302834389318	-86.92952271033226	-24.20973953080192	-90.3060519242411	74.01302834389303	-90.30605192424139	243.3834236653588	
6.1635842728824555	304.8351733958748	-85.71909535750817	67.66298023425604	-85.71909535750711	-74.90291849429866	-92.9280089527015	67.66298023425591	-92.9280089527015	201.68549406480378	
6.218616275318906	336.0029518025652	-93.87052785325095	60.136636967677376	-93.87052785324994	-106.85073289816802	-77.87639127802306	60.136636967677326	-77.87639127802265	155.34005370368433	
6.273648277755357	322.782703031807	-103.19144745800648	50.30152180425729	-103.1914474580058	-127.5768049375188	-47.975562081912116	50.30152180425732	-47.97556208191128	119.58179374381666	
6.328680280191807	267.9653887819333	-114.67214425481339	41.953637223887796	-114.67214425481322	-152.33488253720242	-15.931922274024814	41.953637223887924	-15.931922274023755	102.79828689542043	
6.383712282628258	194.58757996865106	-135.73429843500455	41.15424234097523	-135.73429843500486	-169.73928611488583	4.017676456774931	41.15424234097548	4.017676456775968	101.79154389365031	
6.4387442850647085	132.98195566239298	-171.6406659780311	50.22372186491147	-171.6406659780319	-154.38152953258862	5.323101543297787	50.22372186491183	5.323101543298597	105.56666761542496	
6.493776287501158	94.21101449188852	-217.34974016542014	65.90586089323347	-217.3497401654214	-111.86418496087575	-8.509090609207435	65.90586089323388	-8.509090609206922	104.40494489505917	
6.548808289937609	63.47573627639332	-259.1573474446851	81.89655425632488	-259.15734744468676	-87.52294168444138	-28.14789333858257	81.89655425632522	-28.14789333858228	96.80844444421805	
6.60384029237406	23.795856918028743	-283.9306702858541	92.85828692004154	-283.93067028585585	-120.59951880878452	-43.56175252610097	92.8582869200418	-43.561752526100776	88.2730901663302	
6.65887229481051	-18.722808194098057	-283.9648081582714	97.56338146721698	-283.96480815827283	-200.32313024154712	-46.27084618607862	97.56338146721716	-46.270846186078415	83.31528734833856	
6.713904297246961	-39.757608383542276	-256.4977626218163	99.0497167727828	-256.4977626218171	-272.1312427910499	-30.307707857444647	99.04971677278297	-30.307707857444466	78.69215966837695	
6.7689362996834115	-24.60826134676614	-205.52421501658003	101.76991734884929	-205.52421501657997	-280.57013570601157	4.95736435835905	101.76991734884948	4.957364358359063	64.89132656463667	
6.823968302119861	15.371794004762819	-143.6512549243183	107.82651317523411	-143.6512549243174	-206.91550110496	51.896063172722464	107.82651317523428	51.89606317272214	35.37161514843334	
6.879000304556312	57.72505050267205	-86.76114801695076	114.84217648080576	-86.76114801694933	-76.10333980506279	97.1678267240278	114.84217648080593	97.1678267240271	-5.159378413916692	
6.934032306992763	90.77033902607474	-45.25427743083291	116.94799827489604	-45.25427743083139	62.282224871851255	130.02780634076453	116.94799827489624	130.0278063407636	-42.134342483294574	
6.989064309429213	116.42534537844108	-19.974162937948403	108.28382632814822	-19.97416293794711	161.90455539506956	148.61665576455277	108.2838263281485	148.6166557645518	-61.270638155541235	
7.044096311865664	139.45897259596217	-4.647874321896682	86.92079457869261	-4.6478743218957685	203.23046177886516	157.55870533872954	86.92079457869309	157.55870533872869	-58.22107094321614	
7.099128314302114	162.35957494914936	9.009991535285849	57.25272984847202	9.009991535286408	202.14707030667975	159.87026258299989	57.252729848472654	159.87026258299932	-40.46006293635403	
7.154160316738564	185.22439019497682	25.216223515116393	28.830893823773643	25.21622351511675	195.46108107363736	152.92396838606345	28.830893823774353	152.92396838606322	-21.688076753102475	
7.209192319175015	202.87630519092536	39.82381475767786	10.98419594486597	39.82381475767815	210.3683088932695	133.9650793808716	10.984195944866663	133.96507938087163	-13.745607239334653	
7.264224321611466	207.1957813715697	40.98820211955143	6.535355188184313	40.98820211955177	242.81351692195446	108.9258163314796	6.535355188184902	108.92581633147974	-20.782786832579056	
7.319256324047916	198.14746292728904	17.37624326492977	10.164570773093637	17.37624326493018	267.57815968106206	92.34646073183316	10.164570773094045	92.34646073183325	-37.66319223774525	
7.374288326484367	185.67746566488447	-30.135829268631525	13.250269540665062	-30.135829268631042	270.2544987372638	95.87267586742617	13.250269540665263	95.8726758674262	-52.98261245810189	
7.429320328920817	175.16471325710634	-84.11079708979526	10.956076062507876	-84.11079708979472	263.6737980250551	117.97031955159738	10.956076062507876	117.97031955159733	-56.06929775557816	
7.484352331357267	156.8206962945945	-120.55233490826191	5.032866884326442	-120.55233490826146	269.31890308680767	146.60027012132733	5.03286688432623	146.60027012132718	-43.580754552752744	
7.539384333793718	116.52729450517465	-125.7855838834352	0.14785151061035862	-125.78558388343487	288.5056313460023	170.09463818431928	0.1478515106099021	170.09463818431914	-19.383435293027084	
7.594416336230169	58.22515886842285	-106.95320384262706	-1.6769931181543445	-106.95320384262698	296.66668039592173	183.22324586647775	-1.676993118155056	183.22324586647767	11.548749991525312	
7.649448338666619	10.757924825666663	-87.38277244009518	-2.1276366932489186	-87.38277244009525	262.7511835878794	184.96578515577113	-2.1276366932498076	184.96578515577124	46.97355773007303	
7.70448034110307	6.553185936367498	-88.15709938816444	-2.194192776775596	-88.15709938816457	171.45094075784732	175.27688429623237	-2.194192776776524	175.27688429623262	84.8679415040571	
7.75951234353952	52.14306697527962	-109.24626244682187	1.9220361968536759	-109.24626244682196	33.25713082029485	155.81254750279538	1.9220361968528437	155.81254750279572	119.53824347038119	
7.81454434597597	121.89887882555594	-128.96021267147904	16.362555209776414	-128.96021267147907	-119.71165215269303	131.73764765706622	16.362555209775728	131.7376476570666	142.02607851608113	
7.869576348412421	181.09571338299216	-125.29444573264956	41.45299302476514	-125.29444573264968	-245.45475757204335	110.96012330920806	41.45299302476455	110.96012330920848	144.548105050355	
7.924608350848872	209.31566693011717	-97.19660924609373	66.36820199353046	-97.19660924609403	-307.2976718321333	100.81207128555052	66.36820199352985	100.81207128555113	125.20549243200308	
7.979640353285322	201.45047636367565	-64.02512373681095	74.98368640340425	-64.02512373681145	-292.30205349323614	103.50054897998912	74.98368640340352	103.50054897998999	89.20996974418438	
8.034672355721773	157.4499942487229	-46.028701929207166	60.3141587132778	-46.02870192920775	-222.13511072934062	112.86232807532534	60.314158713277024	112.86232807532639	45.44419052439684	
8.089704358158222	82.18289180747345	-47.17007432228068	33.30401566656215	-47.170074322281195	-140.54464516684	117.14935388699755	33.3040156665615	117.14935388699865	1.6623187656136373	
8.144736360594674	-3.8535769243099764	-55.765304549996785	15.492420853549039	-55.765304549997126	-82.78574961044475	109.1435555534409	15.492420853548701	109.14355555344198	-36.62103928139264	
8.199768363031124	-63.5557762951114	-58.909730853879836	21.811609922194826	-58.90973085387995	-55.97885840463873	94.90757647267031	21.811609922194904	94.90757647267137	-63.3385338371297	
8.254800365467574	-64.87970837690386	-52.12376697924293	48.977660547424136	-52.12376697924307	-50.81908936447047	89.57426229281252	48.97766054742455	89.57426229281357	-71.20875365950238	
8.309832367904026	-4.753482238670607	-36.51335563538467	78.34426615170096	-36.51335563538473	-64.30855507777105	102.2653944224362	78.34426615170156	102.26539442243723	-57.07866041445972	
8.364864370340475	89.30521009156544	-15.686155140931731	89.77407285106915	-15.686155140931675	-100.52213711411702	126.80734151727144	89.77407285106977	126.80734151727229	-27.556398507224397	
8.419896372776925	179.9871513254031	1.3371708298141698	75.10625977014318	1.3371708298147382	-149.62948650539255	148.55537512068398	75.10625977014374	148.55537512068463	3.5578453580866363	
8.474928375213377	244.56058311232437	5.351853276942634	40.8155592115594	5.351853276943885	-178.29932143649825	157.95916976325302	40.8155592115597	157.9591697632535	24.71486072323919	
8.529960377649827	282.62605099810486	2.2511001323274087	0.06034898496072039	2.2511001323290856	-151.47285872954143	155.8407525555157	0.06034898496060492	155.84075255551608	33.49787211348038	
8.584992380086277	298.13508494048824	14.258352958491514	-35.97224864190227	14.258352958493163	-68.48902081492213	148.49181820602817	-35.97224864190282	148.4918182060285	36.13060589322575	
8.640024382522729	279.73825796864617	58.1577280256525	-60.99479731839815	58.15772802565367	25.76730989200078	141.03280399875382	-60.99479731839901	141.03280399875422	42.038791881339016	
8.695056384959178	211.37830407042026	124.13168853361923	-73.92948084275093	124.13168853361981	71.44968352801357	134.94796377080684	-73.92948084275183	134.94796377080732	56.93989575178531	
8.750088387395628	99.98955169780679	178.05821588393738	-79.97804495800278	178.05821588393758	38.54635141872092	129.8576442441219	-79.9780449580035	129.85764424412244	78.16176154050517	
8.80512038983208	-21.285199515511906	185.42134953704957	-88.94313510136399	185.42134953704945	-54.507406609844026	126.2178515750292	-88.94313510136435	126.21785157502978	96.6725816202264	
8.86015239226853	-116.80491678818284	138.62886315030443	-108.01052653449003	138.62886315030406	-159.4233741871833	125.2746301281351	-108.01052653449003	125.27463012813568	104.96602514678654	
8.91518439470498	-164.56147793163078	64.2897708109776	-134.94600298457237	64.28977081097696	-231.7259010306937	125.97864816859459	-134.9460029845721	125.97864816859506	102.96713441170078	
8.970216397141431	-156.75597932718998	1.1634660594542865	-159.51118001957082	1.1634660594535475	-252.31342642799083	122.42756825062105	-159.51118001957047	122.4275682506214	96.45426605973243	
9.025248399577881	-101.26168750299146	-29.38009493407373	-171.68827598935326	-29.380094934074236	-225.82032453043746	105.65980538794145	-171.68827598935303	105.65980538794159	91.53835036777556	
9.080280402014331	-24.864511921311266	-31.449032124606177	-168.67074317607177	-31.449032124606234	-170.22908781562703	70.43661262446673	-168.67074317607168	70.43661262446673	91.96057725804863	
9.135312404450783	35.54645754619607	-20.750133546182752	-155.5611977029825	-20.750133546182383	-108.96616269307901	22.036362954158907	-155.5611977029825	22.036362954158868	100.5888359939716	
9.190344406887233	53.29903172234856	-9.469205334846663	-140.24402758912845	-9.469205334846095	-57.05232189675246	-24.683964357173338	-140.24402758912845	-24.683964357173295	120.49399940862263	
9.245376409323683	28.07528421044759	-1.1097562175865505	-126.54767668181324	-1.1097562175859252	-7.297475985076005	-55.22252158450918	-126.54767668181316	-55.22252158450903	152.30299239905042	
9.300408411760134	-14.031482643921805	6.633314372588501	-111.87817934602913	6.633314372588956	57.25935542389041	-65.70333358648116	-111.87817934602904	-65.703333586481	190.63889553803972	
9.355440414196584	-41.07490292225998	15.274908161556795	-92.09474674510636	15.274908161557022	130.80852672388193	-64.64138856201964	-92.09474674510635	-64.64138856201956	224.8038458519424	
9.410472416633034	-44.57140090994906	20.26960029523883	-68.3620055159967	20.269600295238675	178.7420407736802	-66.31210109201214	-68.36200551599674	-66.31210109201224	244.78076993213926	
9.465504419069486	-48.7288094903677	14.582202189410253	-47.92133782194978	14.582202189409657	175.42695371357038	-81.47696075711178	-47.921337821949784	-81.47696075711211	247.91579795022443	
9.520536421505936	-84.3329290310729	-1.566856920725769	-37.77131934695872	-1.566856920726707	138.30932993657478	-110.67708496086854	-37.77131934695852	-110.677084960869	240.014372302683	
9.575568423942386	-155.50799210835112	-16.963327053717645	-38.53335338337351	-16.96332705371877	110.98700723932126	-144.01569317845124	-38.53335338337301	-144.01569317845173	229.61450004519955	
9.630600426378837	-239.41794532806526	-18.526727664551743	-45.06937287119938	-18.52672766455291	116.15057829477752	-168.46272883800881	-45.06937287119863	-168.46272883800916	220.82712643767005	
