# Stress in units of bar (10^5 Pa)
# z	Sxx	Sxy	Sxz	Syx	Syy	Syz	Szx	Szy	Szz
0.0	198.02713299210876	73.09163551099921	-53.63841545505521	73.0916355109991	-86.22144345695241	-29.70140039276145	-53.63841545505568	-29.701400392762046	-17.336651332594432	
0.05345934976415807	225.25409851682656	63.80771376294748	-49.539516990189405	63.807713762947515	-83.00881576229185	-42.392826756598076	-49.539516990189846	-42.39282675659866	-6.862298005860143	
0.10691869952831615	249.9537483959556	53.75849862619019	-45.01892081618883	53.758498626190274	-87.44787947974748	-55.04245268049175	-45.01892081618922	-55.04245268049232	2.575532961740846	
0.16037804929247423	269.91613570460106	42.89431842319776	-40.74231836521171	42.894318423197916	-97.72536222923046	-66.73289748266924	-40.74231836521201	-66.73289748266977	10.567937038965589	
0.2138373990566323	283.96273352195834	30.848204566245826	-37.15965859006843	30.848204566245993	-109.29686170865958	-76.31487027065171	-37.15965859006864	-76.3148702706522	17.288944604384024	
0.26729674882079035	291.9027402662641	17.391888226892203	-34.25995101353528	17.39188822689235	-116.18659081565457	-82.70377088982866	-34.259951013535385	-82.70377088982912	23.33124129999113	
0.32075609858494847	293.9069968714417	2.788112918282815	-31.486275316354636	2.788112918282888	-113.07355594127762	-85.22423960579643	-31.486275316354668	-85.22423960579681	29.423659418035776	
0.3742154483491065	289.9642688252296	-11.921735637477745	-27.85825463087218	-11.921735637477756	-97.09613155797592	-83.86152971921442	-27.85825463087214	-83.86152971921476	36.11095458843964	
0.4276747981132646	279.34207114812637	-25.18345976434616	-22.272246201444037	-25.18345976434628	-69.00721660836989	-79.28347709309297	-22.272246201443945	-79.28347709309327	43.5024218805261	
0.48113414787742265	260.7059665650142	-35.22717811378581	-13.905584091051532	-35.22717811378604	-32.79530563704593	-72.64534803755194	-13.905584091051413	-72.6453480375522	51.18071552742796	
0.5345934976415807	232.7442994219284	-40.77900511841318	-2.56715888262287	-40.779005118413515	5.479897920143742	-65.25819820778838	-2.5671588826227243	-65.25819820778862	58.32709557506253	
0.5880528474057388	195.1448917774387	-41.38638555597025	11.112650309432503	-41.38638555597066	39.93915804640015	-58.243891835147295	11.112650309432633	-58.24389183514754	64.0107949925042	
0.6415121971698969	149.26070919413593	-37.639210969729746	25.728580541900747	-37.63921096973024	66.57674986990838	-52.302205799739674	25.72858054190084	-52.30220579973994	67.54409841503283	
0.6949715469340549	98.59794407959257	-31.04217104821086	39.39558599125514	-31.042171048211436	84.4938544742321	-47.684833004712594	39.395585991255174	-47.684833004712864	68.77941149216505	
0.748430896698213	48.18989644946364	-23.559846616896543	50.15905715402904	-23.559846616897126	95.75691294298697	-44.27593273291902	50.159057154029	-44.27593273291931	68.22426542535837	
0.8018902464623711	3.6301741140465396	-17.18585201621658	56.43603920497159	-17.185852016217147	104.10322080305103	-41.75707228835473	56.436039204971436	-41.75707228835502	66.96372654910166	
0.8553495962265292	-30.286083478414085	-13.39418683867655	57.357613744171935	-13.394186838677069	113.35726799371598	-39.738430949298966	57.35761374417166	-39.73843094929924	66.40592552183664	
0.9088089459906873	-50.730137067808016	-13.151658463405207	52.940239986270846	-13.151658463405631	125.9528536499607	-37.8455676490702	52.940239986270456	-37.84556764907043	67.91328419625579	
0.9622682957548453	-57.34087714097404	-16.723281117680692	44.050047910178755	-16.723281117681008	142.1325927685043	-35.74751164709963	44.050047910178264	-35.747511647099785	72.48342615428813	
1.0157276455190034	-51.85926700791335	-23.913961458520415	32.19668442141798	-23.913961458520607	160.14046919529568	-33.17612766753515	32.19668442141741	-33.17612766753521	80.53240564686577	
1.0691869952831614	-37.31838818364636	-34.191773703375745	19.241953776936693	-34.19177370337582	177.07724477982077	-29.967807757023966	19.241953776936082	-29.967807757023934	91.85372960595225	
1.1226463450473196	-17.27129355953312	-46.65956348812093	7.067745261161814	-46.659563488120924	189.8012825622421	-26.07117699564153	7.0677452611612	-26.071176995641395	105.75030701695187	
1.1761056948114776	5.313339896614295	-60.12230312073966	-2.7094940667644405	-60.122303120739616	195.75838509715504	-21.5721444036991	-2.7094940667650196	-21.572144403698886	121.27635882898775	
1.2295650445756356	28.063859337294616	-73.13949243413495	-8.962040535809411	-73.13949243413487	193.66536130741434	-16.635411364631537	-8.962040535809919	-16.63541136463127	137.52550575592886	
1.2830243943397939	49.4850626395035	-84.18202276677997	-11.142582343469533	-84.18202276677991	183.72416163056246	-11.395905739739451	-11.142582343469922	-11.395905739739153	153.86468880696535	
1.3364837441039519	68.51324016544282	-91.88559106413226	-9.272867855529821	-91.88559106413219	167.487832489524	-5.874118230184317	-9.272867855530068	-5.8741182301840285	170.05627003492424	
1.3899430938681099	84.41507810401849	-95.36752399976004	-3.857245359652911	-95.36752399975997	147.85013171470695	0.04547876808504679	-3.857245359652998	0.04547876808530389	186.27050901843438	
1.4434024436322679	96.75230233391193	-94.43623327070752	4.206746057118474	-94.43623327070745	128.78954322120836	6.581976315169275	4.20674605711855	6.581976315169461	202.97764180055302	
1.496861793396426	105.73208377670863	-89.80530457377682	13.749940439247847	-89.80530457377674	114.42861325742174	13.89745926913183	13.749940439248064	13.89745926913194	220.71819965497835	
1.5503211431605841	112.52089406578327	-82.76012340084917	23.42569544240044	-82.76012340084907	108.37922117196199	21.94962678024274	23.425695442400766	21.949626780242756	239.7885850381078	
1.6037804929247421	119.27015248347865	-74.92405257502455	31.798572608883727	-74.92405257502439	112.71299741852629	30.34071883773949	31.798572608884125	30.34071883773941	259.87994856495146	
1.6572398426889003	128.86875252635767	-67.72035932267417	37.48649594757711	-67.72035932267399	127.33376181722815	38.29294316425232	37.48649594757753	38.29294316425214	279.78028919239244	
1.7106991924530583	144.07054785225824	-61.97382720861497	39.33508422039058	-61.97382720861471	150.01847226631128	44.755856999697684	39.33508422039098	44.7558569996974	297.2962499727213	
1.7641585422172164	166.6833843327894	-57.62317769125178	36.6191247564951	-57.623177691251485	177.31467308075585	48.585744545034814	36.61912475649544	48.585744545034444	309.41939860795645	
1.8176178919813746	196.81477342167625	-53.720039724539305	29.214830808813367	-53.72003972453886	205.75890306795705	48.79260494051329	29.21483080881362	48.79260494051285	312.8921683514893	
1.8710772417455326	232.60273009022717	-48.90155950662145	17.727320213359654	-48.901559506620885	232.87073780894508	44.72231512728587	17.72732021335979	44.722315127285356	304.9232530722654	
1.9245365915096906	270.681799043226	-41.920279868291274	3.419736284722875	-41.92027986829058	257.9980003622468	36.18093984607296	3.419736284722892	36.18093984607241	283.90774801956644	
1.9779959412738488	307.1083984937051	-32.2238603835339	-11.990938968584729	-32.223860383533065	281.9320643703562	23.458927630492255	-11.990938968584814	23.458927630491683	249.95944425733416	
2.031455291038007	338.46222848431296	-20.506560547664716	-26.650571416522453	-20.50656054766377	306.0207554574724	7.287710609000451	-26.650571416522624	7.287710608999883	205.09070439252446	
2.084914640802165	362.46882549525515	-8.653352793427828	-38.91528353272158	-8.65335279342683	331.06949386603105	-11.265407687894982	-38.915283532721816	-11.265407687895522	153.0046368735646	
2.138373990566323	378.14031556643073	0.7599297995776269	-47.55446257678935	0.7599297995786287	356.43229806205807	-30.90244610863297	-47.55446257678959	-30.902446108633463	98.61649041324819	
2.191833340330481	385.4531165523091	5.0998103876312975	-51.80062935047779	5.099810387632193	379.96895604291154	-50.23764425742805	-51.80062935047805	-50.23764425742847	47.34209446096436	
2.2452926900946393	384.6302133146417	2.54055812780544	-51.215460342521936	2.540558127806264	398.3549196330581	-67.88968559087462	-51.21546034252213	-67.88968559087499	4.233959696223245	
2.298752039858797	375.824671670661	-7.346383724589032	-45.45146967695825	-7.34638372458835	408.08235115365625	-82.62469180149768	-45.4514696769584	-82.62469180149793	-26.874975153552207	
2.3522113896229553	358.94288261098336	-23.728674506923	-34.077126696906475	-23.728674506922516	406.08810341193964	-93.49097769494252	-34.077126696906575	-93.4909776949427	-44.03242212344712	
2.4056707393871135	334.30234299304004	-44.63610037410544	-16.569779392172137	-44.63610037410514	390.81804269269503	-99.88413789795288	-16.5697793921722	-99.88413789795301	-47.42975943239967	
2.4591300891512713	302.81971355999644	-67.7033371197456	7.409805043041139	-67.70333711974547	362.2497048935168	-101.56567744191636	7.409805043041107	-101.56567744191642	-39.0950124696066	
2.5125894389154295	266.72416158413387	-90.7453058825887	37.60448192968768	-90.74530588258875	322.23901106104296	-98.61181340347396	37.604481929687665	-98.61181340347395	-22.082620149996806	
2.5660487886795877	229.27653851622864	-112.14875709282732	72.76823014551793	-112.14875709282755	274.36353596279423	-91.29883545442881	72.76823014551788	-91.2988354544288	0.5893239220900206	
2.6195081384437455	194.44552071128433	-130.81072182023917	110.50513442394704	-130.81072182023942	223.17105361328737	-80.01901585322085	110.50513442394697	-80.01901585322082	26.83159316217217	
2.6729674882079038	166.06559316587652	-145.80636195935165	147.47705330870724	-145.806361959352	173.4562851224354	-65.24085920306459	147.47705330870713	-65.24085920306457	55.8526094127688	
2.7264268379720615	146.6613894750914	-156.13320175992243	179.99341399540845	-156.1332017599228	129.2611564886892	-47.512782666083254	179.99341399540828	-47.51278266608327	87.8954945015183	
2.7798861877362198	136.83601501998172	-160.42880196851556	204.76196446222636	-160.42880196851593	93.04547546966359	-27.489344209146296	204.76196446222622	-27.489344209146342	123.48668030791809	
2.833345537500378	134.82184341307064	-157.3053866708183	219.5077712008799	-157.30538667081862	65.31504799114684	-5.950996587620796	219.50777120087972	-5.950996587620875	162.52805142482214	
2.8868048872645358	136.99501125513058	-145.7626453689343	223.322600404196	-145.7626453689345	44.96534265176754	16.180025822580284	223.32260040419587	16.18002582258019	203.67083314279847	
2.940264237028694	138.51383385102702	-125.7148051538208	216.6304005689944	-125.71480515382096	30.05014824184701	37.89924334953895	216.63040056899425	37.899243349538835	244.12912682364805	
2.993723586792852	134.7586225997862	-98.2387347547758	200.83858613596357	-98.23873475477595	18.40183416517615	58.20874370982232	200.83858613596345	58.2087437098222	280.0816928081206	
3.04718293655701	122.39345032432644	-65.49089983178709	177.8648218511701	-65.49089983178715	8.43830350127751	76.22142554605533	177.86482185116998	76.22142554605523	307.4677185503846	
3.1006422863211682	100.29982626414034	-30.195855640861353	149.74769027744378	-30.195855640861325	-0.5468281329039293	91.34097186560788	149.74769027744375	91.3409718656078	322.95417408421724	
3.1541016360853265	70.10410405782076	5.036975317231779	118.42008842833957	5.03697531723185	-8.585581903368812	103.41139982308684	118.42008842833954	103.41139982308674	324.8040763530128	
3.2075609858494842	35.304255626666446	38.0717093530983	85.69937697779304	38.07170935309843	-15.391613474785544	112.74337777665254	85.69937697779304	112.74337777665252	313.39555018300956	
3.2610203356136425	0.6110436229149911	67.631422350448	53.33758677238656	67.6314223504481	-20.467108041125343	120.04104662081878	53.33758677238659	120.04104662081879	291.24077334607455	
3.3144796853778007	-29.673580907039348	92.80906186317614	23.0511162858928	92.80906186317625	-23.501160159567437	126.0994745976114	23.05111628589285	126.09947459761142	262.4814715050178	
3.3679390351419585	-52.529576611273555	113.10447373606323	-3.540866210144646	113.10447373606334	-24.57917134480605	131.50121296043892	-3.5408662101445927	131.50121296043895	231.98269713591074	
3.4213983849061167	-67.04787373785983	127.97566852279968	-25.057224841227917	127.97566852279977	-23.97948414231797	136.40076741269232	-25.057224841227857	136.40076741269237	204.28012584770866	
3.474857734670275	-74.29809961900212	137.00713281218341	-40.447865341259195	137.00713281218353	-22.245340552291566	140.56829857620102	-40.44786534125913	140.56829857620104	182.71334664224443	
3.5283170844344327	-76.78225191494094	139.88897803233488	-49.04059359121253	139.888978032335	-20.109166765908274	143.68603166780608	-49.04059359121247	143.68603166780613	168.96856734644632	
3.581776434198591	-77.35760193213275	136.66990565025418	-50.502733309518874	136.6699056502543	-18.409011538444155	145.75653069935447	-50.502733309518824	145.75653069935453	163.05108656518135	
3.635235783962749	-78.41208606780116	127.79743431263024	-44.78203653463389	127.79743431263037	-17.717289173870405	147.45427619810755	-44.78203653463386	147.45427619810755	163.6688096292874	
3.688695133726907	-81.1775754170352	113.90264185723622	-32.12707383500777	113.90264185723632	-18.424472808013903	150.163355158346	-32.12707383500774	150.163355158346	168.7902061263183	
3.742154483491065	-85.67569184535029	95.73611495400624	-13.256679768991646	95.73611495400635	-20.25833709009106	155.62802009583757	-13.256679768991628	155.6280200958375	176.14004489519897	
3.7956138332552234	-90.91491656635137	74.11147426746896	10.439685313378405	74.11147426746905	-22.423470502768552	165.36395782058247	10.439685313378433	165.36395782058247	183.56203832356204	
3.849073183019381	-95.36608060645227	49.866462475982104	36.72701295244249	49.866462475982146	-23.484069566659635	180.0503674459127	36.72701295244252	180.05036744591274	189.17687321651505	
3.9025325327835394	-97.56448447726369	24.043249283074605	62.59027462195679	24.04324928307462	-21.755883015509113	199.05229996410833	62.59027462195682	199.05229996410833	191.42506391616803	
3.9559918825476976	-96.49502905733878	-1.9806885769127192	84.59160423661746	-1.9806885769127334	-16.05384503789474	220.3716554838527	84.5916042366175	220.3716554838527	189.07249490131733	
4.009451232311855	-91.92500621966872	-26.50486851453296	99.52787754351942	-26.504868514533	-6.198726736474185	240.94483718600762	99.52787754351951	240.94483718600767	181.30109252729335	
4.062910582076014	-84.17465572176596	-47.83107235245291	105.10399165017023	-47.83107235245298	6.70344526178274	257.2614469372749	105.10399165017034	257.26144693727497	167.81797487090472	
4.116369931840172	-74.06667351146629	-64.4010227814147	100.45472348496426	-64.40102278141481	20.39518711143606	266.0572951916216	100.45472348496438	266.05729519162173	148.95094936801866	
4.16982928160433	-62.367982495278966	-75.31972472298627	86.30192318934884	-75.31972472298635	32.24803007201659	264.94901969164283	86.30192318934894	264.9490196916429	125.66377547288545	
4.223288631368487	-49.37717222766342	-80.33599728457598	64.72871445330627	-80.33599728457612	40.29457238406702	252.84941562461384	64.7287144533064	252.8494156246139	99.35209984055604	
4.276747981132646	-34.64743108257572	-79.8010512894705	38.64458568778874	-79.80105128947059	44.26575183739595	230.08214148805885	38.64458568778883	230.08214148805894	71.51323957520906	
4.330207330896804	-16.934185385847755	-74.32659322919278	11.153601642618874	-74.32659322919288	45.57656986956085	198.2428247659892	11.15360164261895	198.24282476598924	43.33027892903927	
4.383666680660962	5.418089999726032	-64.50822722487386	-14.9834288915647	-64.50822722487399	46.84994456229946	159.88499767176853	-14.983428891564635	159.88499767176853	15.385256576246213	
4.43712603042512	34.328336335951995	-50.75566616765866	-37.6130806919972	-50.75566616765877	51.18203304585881	118.08255756208393	-37.613080691997155	118.08255756208396	-12.325105488057492	
4.4905853801892786	71.49190311085958	-33.27645974418851	-55.25374172107896	-33.27645974418859	60.86833603276295	75.9632619520708	-55.25374172107891	75.96326195207081	-40.041415868715305	
4.544044729953436	118.06954151541686	-12.32108517402807	-66.96890384685283	-12.32108517402813	77.07910187131841	36.294718388625625	-66.96890384685277	36.29471838862563	-67.67883170700648	
4.597504079717594	174.5200963185103	11.438929354648351	-72.20735668285317	11.438929354648309	99.94683729044284	1.153891708044398	-72.20735668285307	1.153891708044405	-94.25891447839741	
4.650963429481752	240.42803708080186	36.654158211691765	-70.72516495817375	36.65415821169177	128.8099771788818	-28.296514920546457	-70.72516495817361	-28.29651492054646	-117.70580594556884	
4.704422779245911	314.31805787943694	61.38969532688019	-62.64803155462369	61.38969532688023	162.75591573310186	-51.81559840225833	-62.64803155462349	-51.81559840225835	-135.0538306040425	
4.757882129010069	393.7208492374622	83.30374478197169	-48.55659053965453	83.30374478197177	200.7166786311656	-69.89958114179493	-48.556590539654266	-69.89958114179497	-143.1569110569597	
4.811341478774227	474.9378588852766	100.30676905184914	-29.581173870945463	100.30676905184923	241.15046319952643	-83.39703185087372	-29.58117387094515	-83.39703185087379	-139.63159794236356	
4.864800828538384	553.3832578206999	111.04064973141175	-7.356283699130948	111.04064973141193	281.6386198330592	-93.11045065044354	-7.356283699130591	-93.11045065044365	-123.66725249637848	
4.918260178302543	623.8607775759531	115.38001938724574	16.202103305929445	115.38001938724585	318.88337312913274	-99.46094018571324	16.202103305929832	-99.46094018571341	-96.35415861183952	
4.971719528066701	681.558060069732	114.48146342432025	39.210395392880514	114.48146342432034	348.9542684018753	-102.33523347944379	39.21039539288091	-102.33523347944399	-60.373660688598	
5.025178877830859	722.6912910670177	110.44626113917816	60.14831101090002	110.44626113917819	368.08433861053777	-101.1870939051937	60.14831101090038	-101.18709390519392	-19.18042235061	
5.078638227595017	745.1816908870322	105.6377454959029	78.1381534730572	105.63774549590289	373.34452827892704	-95.25769531211638	78.13815347305746	-95.25769531211658	24.005775961694482	
5.1320975773591755	749.0150641140124	101.97144259244075	93.02915433952768	101.97144259244065	363.57022705658534	-83.92504615289224	93.02915433952784	-83.92504615289239	66.9604827986508	
5.185556927123333	735.721721238977	100.28518695936924	105.30049636610352	100.28518695936909	339.0907837631632	-67.05225951890355	105.30049636610353	-67.05225951890365	108.63197970653782	
5.239016276887491	707.6054661414674	100.01566084212631	115.81683400709755	100.01566084212617	301.51699766357774	-45.25120764034718	115.81683400709734	-45.251207640347204	148.74090028889768	
5.292475626651649	666.9317817801923	99.55645824195899	125.52851705230269	99.55645824195888	253.08865497817212	-20.00522281759069	125.5285170523023	-20.005222817590607	187.07310791779207	
5.3459349764158075	615.2396540093462	96.71642887882129	135.15238482521406	96.71642887882129	196.0365309564431	6.398532351139634	135.1523848252135	6.3985323511397905	222.77972472367753	
5.399394326179966	553.6076855313208	89.55167482270521	144.9147686605257	89.55167482270542	132.178079594045	31.146393937802728	144.91476866052503	31.14639393780295	254.07130724126216	
5.452853675944123	482.9069892845346	76.95326040310786	154.45274709023698	76.95326040310836	62.98229134574683	51.39229658685323	154.4527470902362	51.39229658685349	278.34915757842646	
5.506313025708281	404.60710043814305	59.09318413625246	162.8464558703507	59.09318413625327	-10.135663634302247	64.86399735913088	162.84645587034987	64.8639973591311	292.7404299984042	
5.5597723754724395	321.1462632559504	37.37474420829709	168.79106407118138	37.37474420829822	-85.63647371993474	70.35844070223966	168.79106407118059	70.35844070223986	294.78024564168834	
5.613231725236598	236.0459687118202	14.262816796729595	170.92531097674026	14.262816796731002	-161.67883840907348	68.00364385750537	170.92531097673955	68.0036438575055	283.05663707591475	
5.666691075000756	153.43814575028568	-7.340538823949707	168.15139242247417	-7.340538823948066	-236.2307305563835	59.231562746799376	168.1513924224736	59.23156274679943	257.62565591441376	
5.720150424764914	77.65623798102682	-24.579464312480454	159.9454550584777	-24.57946431247872	-306.954875078892	46.38443885406759	159.94545505847725	46.384438854067575	220.20121294903652	
5.7736097745290715	12.531163657042612	-35.28576734766574	146.5124864758039	-35.28576734766402	-371.2833238597598	32.18094181481321	146.5124864758036	32.18094181481314	174.05906544019803	
5.82706912429323	-39.09959632312447	-38.30544330344455	128.83170585344703	-38.305443303442885	-426.46868730823	19.193897596624055	128.8317058534468	19.193897596623927	123.73432081068181	
5.880528474057388	-75.51022828300168	-33.7146736684047	108.51601542383213	-33.71467366840322	-469.40464199731093	9.458093826944202	108.51601542383199	9.458093826944074	74.45202328360958	
5.933987823821546	-96.34346732494191	-22.652475683449424	87.52941966920625	-22.652475683448174	-497.0069319155386	4.260963196008225	87.52941966920612	4.26096319600809	31.38031093973313	
5.987447173585704	-102.58836169400925	-7.031134120755569	67.84001483724214	-7.031134120754542	-506.66926970469876	4.141499904776635	67.84001483724202	4.141499904776502	-1.1519187597420526	
6.040906523349863	-96.32598926958582	10.898318254874596	51.0641882042527	10.898318254875416	-497.2110148144702	8.984882763088276	51.06418820425257	8.984882763088148	-20.308835106834298	
6.09436587311402	-80.56157956639757	28.8816526642546	38.2041350285503	28.881652664255306	-469.41121775999954	18.178996742867362	38.20413502855012	18.178996742867234	-25.085162174912647	
6.147825222878178	-58.687918058444104	44.82752754564207	29.549457788625396	44.8275275456427	-426.38214582921995	30.783636184823642	29.549457788625183	30.7836361848235	-16.241298237154265	
6.2012845726423365	-34.15297996979166	56.94666473795065	24.722269149158	56.9466647379512	-373.5564793131375	45.699772166408906	24.72226914915775	45.699772166408735	4.081229683215847	
6.254743922406495	-9.919333040995689	63.584017705118605	22.904972816604314	63.584017705119116	-317.2071127497008	61.785500721223315	22.904972816604047	61.7855007212231	32.93128555287581	
6.308203272170653	11.599842440547846	63.434757864873205	23.121567481034987	63.434757864873646	-263.3170765446789	77.94133970116552	23.121567481034702	77.94133970116525	67.15615553989991	
6.361662621934811	28.878372817582843	55.783867822913585	24.519969966974195	55.78386782291392	-215.9940602552902	93.17454591468885	24.519969966973925	93.17454591468855	103.82952925198501	
6.4151219716989685	40.92160648551851	40.739075848869234	26.54701355919791	40.739075848869476	-176.57531842789194	106.64567017679514	26.547013559197666	106.64567017679485	140.49880894623476	
6.468581321463127	47.332968419877865	19.545162170389794	29.03989627519354	19.54516217038981	-143.75690098986342	117.70353445654	29.039896275193353	117.70353445653971	175.22760765104982	
6.522040671227285	48.002701706718796	-5.4880639152418675	32.17568830968341	-5.488063915242074	-114.21079042906965	125.91886509577031	32.17568830968329	125.91886509577003	206.53665988278465	
6.575500020991443	43.19574448385386	-31.258793297804132	36.36276061780529	-31.25879329780458	-84.0944157530214	131.1132040953289	36.36276061780524	131.11320409532868	233.35245475769216	
6.628959370755601	33.497381863308725	-54.49565578366034	42.07989661495063	-54.49565578366104	-50.20257419353446	133.32438435593696	42.07989661495066	133.32438435593673	254.96224532522643	
6.68241872051976	19.82781619140564	-72.43638727820111	49.69225699145062	-72.436387278202	-11.039618114239937	132.71052118174018	49.69225699145075	132.71052118173998	270.9862695411798	
6.735878070283917	3.6342473238798902	-83.29246162580307	59.28985735103774	-83.29246162580405	33.07327200151624	129.40459489254175	59.289857351037924	129.4045948925416	281.398964691663	
6.789337420048075	-13.225752286582477	-86.68829039982745	70.53949905041898	-86.68829039982847	80.31605597030527	123.42145417030491	70.53949905041922	123.42145417030476	286.50612052436423	
6.842796769812233	-28.335591458251557	-83.37930393958922	82.62117220901118	-83.37930393959016	128.36456554639227	114.6467129917147	82.62117220901149	114.64671299171454	286.86581085546146	
6.896256119576392	-39.14654200496079	-75.201823003176	94.31763318062164	-75.20182300317678	175.1452106680618	102.95914052824114	94.317633180622	102.95914052824094	283.2414963850392	
6.94971546934055	-42.93356980554215	-64.40336267886602	104.24446299603335	-64.40336267886659	219.5808985502892	88.44720313742398	104.24446299603372	88.44720313742377	276.569206950028	
7.003174819104707	-37.36265499777198	-53.32704721074385	111.19137656039268	-53.32704721074419	261.7517717781072	71.64121513943348	111.19137656039305	71.64121513943326	267.93347697615445	
7.056634168868865	-20.728908386208218	-44.02701619463427	114.47343428115177	-44.0270161946344	302.6071488687297	53.61917331644942	114.4734342811521	53.61917331644917	258.5732920238269	
7.110093518633024	7.709141035123096	-38.04708833599109	114.15916456676595	-38.047088335991006	343.2889000717111	35.91346333709634	114.15916456676624	35.91346333709606	249.83914454606125	
7.163552868397182	47.231225552834744	-36.293164866473845	111.07113292748596	-36.29316486647362	384.34546641697403	20.251783801695755	111.07113292748622	20.25178380169548	243.02877855050556	
7.21701221816134	95.71374636045127	-39.00265137593284	106.58049391000223	-39.00265137593249	425.14426327896166	8.18688630903264	106.58049391000245	8.186886309032385	239.13905070566318	
7.270471567925498	149.5432264073478	-45.8815338583222	102.22003965146078	-45.88153385832178	463.44727236914383	0.7602224086980058	102.22003965146097	0.760222408697766	238.5697859094689	
7.323930917689656	204.14151422829383	-56.077878971549396	99.28439590193311	-56.07787897154894	495.8970687325541	-1.6789400986501457	99.28439590193327	-1.6789400986503349	240.89568564076757	
7.377390267453814	254.568517355267	-68.5660953710241	98.53282826156152	-68.56609537102368	518.5209950366569	0.5430554451646445	98.53282826156165	0.5430554451645313	244.80855702453664	
7.430849617217972	296.3442935475524	-82.0837519537822	100.05823055595518	-82.0837519537818	527.939125391392	6.60824049176032	100.05823055595526	6.608240491760288	248.29529127275327	
7.48430896698213	326.1839214838147	-95.31838515063205	103.35475963368557	-95.31838515063173	522.1148981027175	15.484056757209267	103.35475963368565	15.484056757209332	249.0700256535339	
7.5377683167462886	342.38688002509195	-106.8908959380385	107.49624732054488	-106.89089593803828	500.99280372578085	26.192914965802828	107.49624732054494	26.19291496580301	245.13170459116543	
7.591227666510447	345.00598596385646	-115.33632108286625	111.36574321969007	-115.33632108286614	466.55195836458915	37.982700849048186	111.3657432196901	37.98270084904851	235.30120671209653	
7.644687016274604	335.4905794773719	-119.25649972471466	113.8819662141583	-119.25649972471463	422.53481522084127	50.37336525190048	113.88196621415835	50.37336525190096	219.58332965434144	
7.698146366038762	316.2892026453311	-117.3945568898579	114.17401565418096	-117.39455688985802	373.75322819017265	63.07729079920145	114.174015654181	63.07729079920209	199.21991030641738	
7.751605715802921	290.4845272636531	-108.96196625388279	111.69077603561918	-108.96196625388299	325.56571674490124	75.86223040711432	111.69077603561921	75.8622304071151	176.40704638048217	
7.805065065567079	261.31912825684424	-93.96708785342909	106.25945100710788	-93.96708785342939	283.29954080736076	88.3926692622183	106.25945100710796	88.39266926221916	153.7380544460527	
7.858524415331237	232.27744510015435	-73.21737438577136	98.09854440416107	-73.21737438577175	251.8346302072958	100.1256375065814	98.09854440416115	100.12563750658231	133.5906879288516	
7.911983765095395	206.74625657757906	-48.37361380499418	87.75930753988129	-48.37361380499462	235.0363903024309	110.31740407407801	87.75930753988135	110.31740407407892	117.61751690435248	
7.965443114859553	187.77684339831154	-21.573491030685673	76.00322586656324	-21.573491030686178	235.3439511517491	118.13426528135687	76.00322586656328	118.13426528135773	106.50115518180543	
8.01890246462371	177.78290837532322	4.966344220423326	63.630276836444565	4.966344220422787	253.0607151515959	122.86736593898357	63.63027683644458	122.8673659389843	100.05940392182077	
8.07236181438787	177.7747986656682	29.313142089928625	51.286143296030325	29.313142089928096	286.0590533395982	124.15204645398896	51.28614329603029	124.15204645398953	97.56598083110089	
8.125821164152027	186.95025721732603	50.06705844531255	39.30380867753611	50.06705844531203	329.62734237216137	122.1209038870634	39.303808677536004	122.1209038870638	98.14250159099711	
8.179280513916185	202.59818898298346	66.39917660343403	27.654466749978262	66.39917660343355	377.0701593831289	117.41751176302485	27.654466749978077	117.4175117630251	101.04772817272138	
8.232739863680344	220.40725189328538	77.89862315683683	16.00676232855728	77.89862315683646	420.7913589969224	111.05159550744764	16.006762328557013	111.05159550744779	105.74463514371215	
8.286199213444501	235.49944392685654	84.43071580732148	3.923767091567453	84.43071580732114	453.6050486420283	104.12701961291555	3.923767091567127	104.12701961291555	111.7828515511026	
8.33965856320866	243.51327641558504	86.02455322009088	-8.888118118465421	86.02455322009064	470.1398049988496	97.55831429516027	-8.888118118465774	97.5583142951602	118.57696933368717	
8.393117912972818	241.77211437901764	82.88921234849744	-22.364925841204055	82.88921234849727	467.67367914077556	91.8549542846827	-22.364925841204393	91.85495428468258	125.20371005130761	
8.446577262736975	229.9042769726596	75.50991890390775	-36.00164242623791	75.50991890390763	446.3615497029666	87.06266036636544	-36.001642426238185	87.0626603663653	130.3588617939297	
8.500036612501134	209.77824838742276	64.82941919529375	-48.919328543905166	64.82941919529371	408.7752994558057	82.87327199206922	-48.91932854390537	82.87327199206902	132.47580856146203	
8.553495962265291	184.9105478072418	52.329197343211575	-60.0684610505407	52.329197343211575	358.9915497159909	78.82733083082994	-60.06846105054081	78.82733083082974	130.01985363709684	
8.60695531202945	159.34878560607598	39.885582846581485	-68.51625007315886	39.88558284658153	301.4607501417665	74.5179925749396	-68.51625007315887	74.51799257493936	121.85925933266736	
8.660414661793608	136.6371283559978	29.655057191937615	-73.69599959477742	29.655057191937672	240.06432005105836	69.74026240257753	-73.69599959477739	69.74026240257726	107.57733732332414	
8.713874011557765	119.08054844039117	23.544688761590038	-75.56410849372634	23.544688761590066	177.88833076326597	64.48727332730499	-75.56410849372628	64.48727332730469	87.68926096618996	
8.767333361321924	107.41720847150216	22.877976444916193	-74.61839387967851	22.877976444916236	117.0443119719373	58.850484578342765	-74.61839387967845	58.850484578342424	63.639131683468236	
8.820792711086082	100.99980478964389	27.96060990280054	-71.76339397490943	27.960609902800527	59.19942529868985	52.893318669497845	-71.7633939749094	52.89331866949748	37.5944368387367	
8.87425206085024	98.5431325131882	38.010971350044414	-68.09175959310734	38.01097135004437	6.145525257191208	46.56850736266725	-68.09175959310737	46.56850736266686	12.087941658237627	
8.927711410614398	98.75137628846053	51.17141842475414	-64.61044578991893	51.171418424753995	-39.889582259300155	39.727165201804425	-64.61044578991904	39.727165201804	-10.413834435813214	
8.981170760378557	101.12559213912583	64.99752049238325	-62.01091172823745	64.99752049238303	-76.49029701505316	32.1906774980603	-62.01091172823765	32.19067749805983	-27.922207387960093	
9.034630110142714	106.05733376585819	76.92102699669172	-60.51569047692444	76.92102699669144	-101.39789891587658	23.842770125733402	-60.5156904769247	23.842770125732898	-39.223969328675835	
9.088089459906872	114.63306525374762	84.961064533251	-59.872319638845134	84.9610645332507	-113.71322632116048	14.662764739156756	-59.87231963884549	14.662764739156216	-44.01194877050743	
9.141548809671031	128.15624815694946	88.1171302390297	-59.48236859165422	88.1171302390294	-114.37493464122902	4.690676816026768	-59.482368591654634	4.690676816026205	-42.83438407716919	
9.195008159435188	147.17791073947316	86.48950498535697	-58.62727506764148	86.48950498535669	-106.67197366405051	-6.035692400186667	-58.62727506764194	-6.035692400187255	-36.90537054967342	
9.248467509199347	171.06458598592312	81.03261894906072	-56.74486776657953	81.03261894906052	-95.48639072285607	-17.511138151655622	-56.744867766580015	-17.511138151656212	-27.841981480584487	
