# Stress in units of bar (10^5 Pa)
# z	Sxx	Sxy	Sxz	Syx	Syy	Syz	Szx	Szy	Szz
0.0	196.36927346330327	69.272484362579	-61.146864735698855	69.27248436257884	-38.741709188580714	-24.448552035550524	-61.146864735699516	-24.448552035551142	-13.373440695074212	
0.05345934976415807	243.08733138351835	58.07447093335076	-52.404413975177114	58.07447093335083	-21.531468616952623	-37.32628735102395	-52.40441397517771	-37.326287351024575	1.9731538813578107	
0.10691869952831615	280.5383910462775	52.323805925069195	-42.19854650827856	52.32380592506946	-35.63015957840266	-54.167299447649455	-42.19854650827904	-54.16729944765003	13.086771098487983	
0.16037804929247423	302.8805775421325	48.725650430066615	-33.50899712863635	48.72565043006699	-77.05205887123682	-73.52322494494449	-33.50899712863668	-73.52322494494506	19.25414205802681	
0.2138373990566323	310.30747103025715	42.55999365228032	-28.73421413727169	42.55999365228071	-131.08603562421808	-91.54404551237442	-28.73421413727185	-91.54404551237496	21.291627385098508	
0.26729674882079035	308.0491923756557	30.157043165658443	-28.747454532138793	30.157043165658735	-177.1559639783547	-103.6073287425275	-28.747454532138846	-103.607328742528	21.421015205331734	
0.32075609858494847	303.4098065013774	10.439379771478938	-32.437461593486084	10.439379771479096	-195.95481075264527	-106.53126312364381	-32.43746159348606	-106.53126312364425	22.64077279738037	
0.3742154483491065	301.49379447204046	-14.525936696824086	-36.86840088459221	-14.525936696824111	-176.19664991877093	-100.10069812128997	-36.86840088459215	-100.1006981212903	27.635039087445904	
0.4276747981132646	302.3194999877187	-40.031719484282576	-38.103472588709494	-40.031719484282775	-119.06870329876133	-87.09606109914364	-38.10347258870938	-87.09606109914385	37.56607120395171	
0.48113414787742265	299.96645339247726	-60.093566293250674	-32.56613375176305	-60.093566293251	-38.54118803770905	-71.93881651652204	-32.56613375176288	-71.93881651652218	51.347848828561816	
0.5345934976415807	284.7047053898285	-69.48760557413527	-18.508484392635424	-69.4876055741357	43.087455320321084	-58.7361439218905	-18.508484392635225	-58.73614392189061	65.88177898001828	
0.5880528474057388	247.60323704048614	-66.01902773940286	3.0942034869748305	-66.01902773940337	103.68043533359486	-49.769290403347576	3.094203486975058	-49.76929040334771	77.28422015154212	
0.6415121971698969	185.56429133040083	-51.63754512236079	28.71101629123804	-51.637545122361445	130.29159770429774	-45.05079467414369	28.711016291238245	-45.0507946741439	82.54880190585715	
0.6949715469340549	104.61649002948546	-31.877405765729783	53.43362889166767	-31.877405765730494	124.67511110008219	-43.03999213456456	53.43362889166781	-43.03999213456487	80.78434283042468	
0.748430896698213	18.716905304042953	-13.417161285959061	72.5614698177481	-13.417161285959839	101.31782611405163	-41.940700165582605	72.56146981774813	-41.940700165582996	73.4729313628722	
0.8018902464623711	-54.950304201833106	-1.0652764508310923	82.85296487875164	-1.065276450831881	79.9413499627847	-40.73947099792788	82.8529648787515	-40.73947099792831	63.77291721332119	
0.8553495962265292	-102.90938538772927	3.7195316808079255	83.0340001225827	3.7195316808071865	75.760292144012	-39.403812743796465	83.0340001225824	-39.40381274379689	55.395900840748226	
0.9088089459906873	-119.82901489306968	2.233180720896563	73.69393121710081	2.2331807208959873	93.62934209410415	-38.335152704392286	73.69393121710036	-38.33515270439265	51.59574766302068	
0.9622682957548453	-109.50929745376848	-3.430275154022352	56.89653002365664	-3.430275154022713	127.94190488767512	-37.583922006247285	56.89653002365606	-37.583922006247526	54.46916588355553	
1.0157276455190034	-81.74418046394365	-12.130359978862826	35.721994088051915	-12.13035997886294	167.4522552944764	-36.508941499979784	35.72199408805125	-36.50894149997988	64.58877929858754	
1.0691869952831614	-47.54538479776282	-24.03226942393635	13.735734281075386	-24.03226942393625	201.52625714017563	-34.088949311702265	13.735734281074645	-34.088949311702216	80.89236247782348	
1.1226463450473196	-15.260597249303473	-39.792220883184555	-5.655747478925027	-39.79222088318432	223.8606955651909	-29.629505630268127	-5.655747478925799	-29.62950563026793	100.97117762726319	
1.1761056948114776	11.663054814188072	-59.10431820536082	-19.869721110209085	-59.10431820536057	232.98213090209057	-23.325923465559534	-19.86972111020985	-23.325923465559207	121.87641795658345	
1.2295650445756356	34.09312804301108	-80.13194099060783	-27.565850663452686	-80.13194099060766	229.88544596986964	-16.283602850292812	-27.565850663453375	-16.2836028502924	141.21670062178552	
1.2830243943397939	55.26560824545652	-99.5499782979648	-28.63207289652324	-99.54997829796471	215.38038078036573	-9.961211533132559	-28.632072896523788	-9.961211533132115	157.9659207206433	
1.3364837441039519	77.33279106224191	-113.47318167420647	-23.855084389020533	-113.47318167420647	189.51288925376986	-5.250495048530256	-23.85508438902087	-5.250495048529821	172.46303179904587	
1.3899430938681099	99.40751509427011	-118.73961196330806	-14.48816423813647	-118.7396119633081	153.14127500670673	-1.8339549905626704	-14.488164238136557	-1.8339549905623151	185.71484557384431	
1.4434024436322679	117.28675747292095	-114.25410985428083	-1.9205256095824854	-114.25410985428083	110.98331648678925	1.7984470169947775	-1.920525609582321	1.7984470169950222	198.74314521926775	
1.496861793396426	125.9931059136324	-101.51856157069312	12.516140810589839	-101.51856157069305	72.52694265236764	7.576206692412622	12.516140810590215	7.576206692412757	212.6528182968492	
1.5503211431605841	123.41124476574205	-84.21667841642443	27.545261649198345	-84.21667841642429	49.934350348826456	16.730626524983016	27.545261649198864	16.73062652498303	229.16102116548817	
1.6037804929247421	112.52698861139113	-66.94738121735654	41.77195839427247	-66.94738121735641	52.829885836756574	29.0199477810007	41.77195839427307	29.019947781000607	250.58744172048924	
1.6572398426889003	101.34319581625525	-53.848293237451806	53.38643762131173	-53.848293237451664	83.26966312378539	42.74841632554905	53.38643762131233	42.748416325548845	278.4285610135431	
1.7106991924530583	100.30115206941433	-47.81349319098217	60.075313230343745	-47.813493190982086	133.4910421052632	55.38660404744931	60.07531323034431	55.38660404744901	311.09244678366264	
1.7641585422172164	118.51472599442697	-49.41529786208366	59.444677853611296	-49.41529786208352	188.7298613842197	64.39435245184721	59.444677853611765	64.39435245184683	342.6201913401145	
1.8176178919813746	159.66164439408618	-56.418256070769665	49.98618391011207	-56.41825607076939	233.7074537213007	67.77511510097979	49.98618391011241	67.77511510097929	363.92875656706076	
1.8710772417455326	219.164250101917	-63.57224670276558	32.0880084933537	-63.5722467027651	259.69085739156606	64.37733039924399	32.08800849335387	64.37733039924343	366.3202980858679	
1.9245365915096906	284.8594591018883	-64.21051323794183	8.34478663873778	-64.2105132379411	268.65552655898915	54.049740941251336	8.344786638737775	54.049740941250704	345.1316193264674	
1.9779959412738488	342.10367281417405	-53.25484199363797	-17.141650820624086	-53.254841993636994	271.84636779286336	37.630466474799846	-17.14165082062427	37.63046647479919	301.1100291980322	
2.031455291038007	380.7198367862183	-30.26145983404108	-40.06716304067186	-30.261459834039922	283.10778422929616	16.70449144444401	-40.067163040672185	16.70449144444337	239.07692805002512	
2.084914640802165	399.6355692079054	-0.43045910430048906	-57.11126864139821	-0.43045910429922074	310.6565602120724	-6.945268153518657	-57.11126864139861	-6.945268153519263	165.45277923479404	
2.138373990566323	405.2593337993657	27.231872354392355	-66.68024869056617	27.231872354393637	352.59020012237886	-31.80923743131974	-66.68024869056659	-31.809237431320273	86.91988244799575	
2.191833340330481	405.9131935021596	43.689997190432905	-69.11693551453403	43.68999719043414	398.79203433258135	-56.622358994438784	-69.11693551453439	-56.62235899443924	10.936993403363392	
2.2452926900946393	405.86105244324284	43.21343663728243	-66.3539987724346	43.21343663728351	437.25053576064715	-79.84371892787064	-66.35399877243486	-79.843718927871	-53.42627218995523	
2.298752039858797	403.59516705268305	25.246786076569038	-60.781116151059834	25.246786076569833	460.0042949975517	-99.3469146067692	-60.781116151059976	-99.34691460676947	-96.56635890127893	
2.3522113896229553	393.79155796439636	-5.732672587847304	-53.4383992583843	-5.732672587846821	464.3687646579297	-112.88938159866389	-53.438399258384344	-112.88938159866404	-111.82974077840215	
2.4056707393871135	370.96948793917585	-42.26313100848921	-42.56852176744596	-42.26313100848898	450.0278421037093	-119.23602488786217	-42.56852176744591	-119.23602488786224	-99.36997167228766	
2.4591300891512713	332.51327835052996	-76.6946182063196	-23.834523204002956	-76.69461820631966	416.2463541459884	-118.85298842956024	-23.834523204002867	-118.85298842956021	-67.27361212036837	
2.5125894389154295	280.1531283593439	-104.1424687411569	7.371800712829668	-104.14246874115707	362.343798678224	-113.44192362090365	7.371800712829732	-113.4419236209036	-28.380772733193155	
2.5660487886795877	220.19040869428545	-124.03239509128147	52.668746585256656	-124.03239509128177	291.1200797441327	-104.56536888260878	52.66874658525668	-104.56536888260867	5.7575893235753455	
2.6195081384437455	162.23894238662186	-139.47454548531732	108.58941567298652	-139.47454548531772	211.54891023864548	-92.57798526216823	108.58941567298646	-92.5779852621681	30.17425128768049	
2.6729674882079038	116.70743504091277	-154.74112279867202	167.06306410234538	-154.74112279867245	137.11225428259738	-76.88503843903891	167.06306410234527	-76.88503843903882	47.95799724408774	
2.7264268379720615	91.50594781164207	-171.70885111338208	218.2119615058007	-171.70885111338248	80.277709480034	-57.059110485954534	218.21196150580056	-57.05911048595452	67.34519444784883	
2.7798861877362198	89.83191503334768	-187.75712297745946	253.8576737348575	-187.75712297745991	46.676433496652066	-33.74269385458333	253.8576737348573	-33.742693854583386	96.62656955298159	
2.833345537500378	108.72445905971601	-196.25854108756806	269.9783731204852	-196.25854108756843	33.003513713781544	-8.462282362717382	269.978373120485	-8.462282362717492	139.87755143421185	
2.8868048872645358	139.5558079471698	-189.8152778908957	267.2760509712277	-189.815277890896	29.964522224175056	17.309655962806122	267.2760509712275	17.309655962805962	195.43361278658568	
2.940264237028694	169.8607842827427	-164.39784435571494	249.9691316530438	-164.39784435571514	27.996354992353798	42.755027915227316	249.9691316530436	42.75502791522714	256.97652240300636	
2.993723586792852	186.73920301239107	-122.15128057457272	223.56974070774413	-122.15128057457281	21.69433404149606	67.28243165099062	223.56974070774405	67.28243165099045	315.7605383895228	
3.04718293655701	180.79371405239604	-70.84129119661364	192.60063951897732	-70.84129119661365	10.802392833824811	89.59406062015807	192.60063951897723	89.59406062015792	362.6193188287598	
3.1006422863211682	149.03889675194065	-20.371178026648124	159.33028830206325	-20.37117802664804	-2.1105739967057033	107.37558490019804	159.3302883020632	107.37558490019794	389.52496299903964	
3.1541016360853265	95.95772698121152	22.153994575703564	124.00709509552182	22.153994575703706	-14.231213313765778	118.385472084627	124.00709509552183	118.38547208462691	391.1316601266884	
3.2075609858494842	31.90752108940699	55.15247971558769	86.28399028323139	55.15247971558783	-23.790605484401055	122.3276268581456	86.28399028323142	122.32762685814556	366.60037266949814	
3.2610203356136425	-29.895541059051638	81.78813871958168	46.90489353031572	81.78813871958181	-30.08110859436762	121.89845002367251	46.90489353031575	121.89845002367252	320.8731390529656	
3.3144796853778007	-77.27560908286647	106.16684732297693	8.467741967932845	106.16684732297708	-32.82500011123481	121.84539708914556	8.467741967932913	121.84539708914559	264.1439163338216	
3.3679390351419585	-102.53773659637652	129.73903773946475	-25.248263088661307	129.7390377394649	-32.21882640393777	126.25689348291358	-25.24826308866124	126.25689348291363	208.92750679079458	
3.4213983849061167	-105.28796554575766	150.19305383689488	-50.92287064902868	150.19305383689496	-28.91343790787657	135.91123243493044	-50.9228706490286	135.91123243493047	165.87682578161665	
3.474857734670275	-92.2681907854307	163.38802242027208	-67.11141443006947	163.38802242027216	-24.044814128906516	147.59396372926858	-67.1114144300694	147.59396372926864	140.46914115138222	
3.5283170844344327	-74.52987830688703	166.31151968685919	-74.54413950236632	166.3115196868593	-18.598793077913818	155.96746646132442	-74.54413950236625	155.96746646132448	132.30395924067057	
3.581776434198591	-62.158350170886195	159.08137432857984	-75.0462603766448	159.08137432857993	-13.497923384523803	156.85771797616874	-75.04626037664474	156.85771797616871	136.99254291330055	
3.635235783962749	-60.17756031516063	144.46937620467298	-69.82636522293112	144.46937620467304	-9.710260606680713	149.96603467106286	-69.82636522293107	149.96603467106286	149.04132448421876	
3.688695133726907	-67.7076937871862	126.08122051749305	-58.30598899969113	126.08122051749311	-8.585624753198807	139.45822443207732	-58.30598899969111	139.45822443207726	163.9426533021876	
3.742154483491065	-80.66062086935855	106.21808453244992	-38.37714751263769	106.21808453244998	-11.877212773840284	132.2594589920263	-38.37714751263769	132.2594589920262	178.78373817853523	
3.7956138332552234	-94.88834561689549	84.76679385422348	-8.171783025057557	84.76679385422354	-20.60738814815994	135.05047164772827	-8.171783025057572	135.05047164772816	191.87773179474348	
3.849073183019381	-107.43323198366699	59.86779431671653	31.601370184863303	59.86779431671656	-33.26911529750342	151.54546304192172	31.601370184863303	151.54546304192164	202.16731190282468	
3.9025325327835394	-115.6592385944636	29.911985868232215	76.19882492576795	29.91198586823221	-44.638678595438876	181.13966872568767	76.19882492576797	181.13966872568759	208.7841391289718	
3.9559918825476976	-116.6800974785042	-4.5093341570675705	117.43083735011163	-4.509334157067613	-46.89121048948998	219.21792340421706	117.43083735011166	219.21792340421706	210.64393472758664	
4.009451232311855	-108.58888441914578	-39.807730418067266	146.3186978497857	-39.807730418067344	-33.43929093275824	258.7004957681569	146.3186978497858	258.70049576815694	206.12244405088134	
4.062910582076014	-92.72069241406561	-70.64448686010928	156.38036065622344	-70.6444868601094	-3.8977399315218193	291.9170930584409	156.3803606562236	291.91709305844097	193.19990756565954	
4.116369931840172	-73.85648456428567	-92.19540216581981	145.92113061763303	-92.19540216581993	33.56356665856421	312.2290848646213	145.9211306176332	312.2290848646214	170.4836618409302	
4.16982928160433	-57.72456670025568	-102.34724554456321	118.20178048204352	-102.34724554456336	65.02798421587508	315.33955021894224	118.20178048204369	315.33955021894235	138.71082800732182	
4.223288631368487	-47.326223167989426	-102.15467668711973	79.79872042417432	-102.15467668711989	78.08516102518496	300.0683251532222	79.79872042417449	300.0683251532223	101.59256388851117	
4.276747981132646	-40.90548975928397	-95.04331856332067	38.1085142634332	-95.04331856332087	69.19625584145803	268.2978936789579	38.10851426343333	268.29789367895796	64.8398759374963	
4.330207330896804	-33.667585581267744	-84.81878944326499	-0.8000653115007363	-84.81878944326515	46.07152813503818	224.0120781420825	-0.8000653115006582	224.01207814208252	33.536306047705764	
4.383666680660962	-20.556452069060185	-73.96954195480771	-33.343201004822106	-73.96954195480785	23.472932821141868	171.9449255350144	-33.3432010048221	171.9449255350144	9.396955844686175	
4.43712603042512	1.523597792970694	-62.71074672106887	-58.491495104989106	-62.710746721068986	14.799864699076544	116.61554362678541	-58.49149510498911	116.61554362678537	-10.259481393766503	
4.4905853801892786	34.02305857291606	-48.93767423857075	-76.90131837923597	-48.937674238570885	25.503901904137138	62.23789809804722	-76.901318379236	62.237898098047175	-30.950131380397394	
4.544044729953436	78.12310492360487	-29.49695484337292	-89.56665376679386	-29.496954843372997	51.66373099972616	12.971091655922917	-89.5666537667939	12.971091655922896	-57.94154937287399	
4.597504079717594	134.93144465567664	-2.07387620345677	-96.66502529523393	-2.073876203456834	84.2890999291107	-27.329738146842693	-96.66502529523392	-27.32973814684269	-93.28386209529332	
4.650963429481752	204.92463642210717	32.88187723709097	-97.0972111864424	32.88187723709096	116.50478737377169	-56.28514910565745	-97.09721118644234	-56.28514910565742	-134.1873391342184	
4.704422779245911	286.87706007877097	71.52554654687822	-89.06168093288527	71.52554654687826	147.67336273817537	-74.24760060950182	-89.06168093288511	-74.24760060950177	-173.13523273348957	
4.757882129010069	378.6455751710921	107.55443288555836	-71.35632598115795	107.55443288555843	182.69723600053618	-84.42163023327313	-71.3563259811577	-84.42163023327312	-199.7430755331118	
4.811341478774227	477.3623605652293	134.18374984463202	-44.66641499685166	134.18374984463216	227.265377675095	-91.35490551133442	-44.666414996851316	-91.35490551133445	-204.1964365316766	
4.864800828538384	578.9101328198435	146.65462196740282	-12.000488765178885	146.65462196740305	282.52438246476765	-98.58468806026862	-12.000488765178485	-98.58468806026868	-181.48756221256045	
4.918260178302543	675.7445973370894	143.86593121093128	22.02145745052847	143.8659312109315	342.87714276857236	-106.99984190356938	22.02145745052894	-106.99984190356953	-134.41833621049133	
4.971719528066701	756.668782582218	128.9106271304853	52.769347610343544	128.9106271304855	397.3110611880514	-114.88986179418129	52.76934761034404	-114.88986179418151	-73.21772910651526	
5.025178877830859	809.7802322686425	108.31268956376445	77.14995694064369	108.31268956376462	433.79584153934525	-119.35973737415475	77.14995694064422	-119.35973737415506	-11.266533405992028	
5.078638227595017	828.4106736105748	90.0393022158664	94.29927314334152	90.03930221586646	444.10419044076787	-117.85346804187883	94.29927314334199	-117.85346804187915	41.066981400089375	
5.1320975773591755	815.1424192303141	80.78434807575138	105.21559946185866	80.78434807575127	426.7601446177899	-108.78764535431594	105.21559946185903	-108.78764535431625	80.85753929406047	
5.185556927123333	780.7822312553834	83.35609004694494	111.87372584763094	83.35609004694464	386.966259900601	-91.29060204790136	111.87372584763112	-91.29060204790159	112.72214166345118	
5.239016276887491	738.093803883334	95.5523984206634	116.57037312600819	95.55239842066293	333.785012543564	-64.95216177065105	116.57037312600809	-64.95216177065112	144.7830025690345	
5.292475626651649	694.3899158344705	110.87047233264171	121.63522305011304	110.87047233264121	275.2522387738027	-30.29724199193648	121.63522305011264	-30.297241991936364	183.2604497185137	
5.3459349764158075	648.5654338873335	121.39439275383336	129.13282737077924	121.39439275383296	215.0167430983051	10.090707868590805	129.13282737077847	10.090707868591096	228.82085504645283	
5.399394326179966	593.522180965003	120.85556645578859	140.29615405366633	120.85556645578848	151.51597690951274	50.92521668872294	140.29615405366536	50.92521668872335	276.3824334696933	
5.452853675944123	522.5067188733142	106.70242419905114	154.81766729712422	106.70242419905139	81.24715048751969	85.08619165748718	154.8176672971231	85.08619165748763	317.81096252644744	
5.506313025708281	434.0316912538248	80.38233521341499	170.64290361214492	80.38233521341576	2.7031592857559588	105.92159125761751	170.64290361214384	105.92159125761796	345.480560893694	
5.5597723754724395	332.71786437758874	45.83966753002892	184.4933083051058	45.83966753003017	-81.85162726870715	109.90906335713417	184.49330830510485	109.90906335713451	354.5223940825567	
5.613231725236598	226.6981066455233	8.110432649482476	192.95622872776602	8.110432649484238	-167.72746448449487	98.04376198603376	192.95622872776516	98.04376198603394	343.10232242126665	
5.666691075000756	124.38370927310689	-27.711470198143793	193.4493118539413	-27.711470198141654	-250.49167341229537	75.18154382834902	193.44931185394069	75.18154382834906	311.4618637506333	
5.720150424764914	32.58049706752459	-56.40110930569595	184.7012066183441	-56.40110930569364	-327.79363081787767	47.85307272768605	184.70120661834366	47.85307272768594	261.2192818363348	
5.7736097745290715	-43.81291940153238	-73.24198938118583	166.83295962935424	-73.24198938118356	-399.171282929228	21.95180723345087	166.83295962935404	21.95180723345067	195.75269504186267	
5.82706912429323	-101.63140073691622	-75.19903661455801	141.33747850885675	-75.19903661455598	-464.49984479358426	1.3776856529131294	141.33747850885666	1.3776856529128914	121.09691500250483	
5.880528474057388	-139.21838892610802	-62.58997579303745	111.04981117754022	-62.58997579303579	-521.9114334335711	-12.037824267940396	111.04981117754022	-12.037824267940623	46.14557094349143	
5.933987823821546	-156.12054576162566	-39.43224233863468	79.85549069510081	-39.43224233863348	-566.5131435269279	-17.855214070223525	79.85549069510083	-17.855214070223706	-18.764164515029773	
5.987447173585704	-153.37916274425774	-11.815752724825941	51.91342812467904	-11.815752724825089	-590.569716418388	-16.340976785120617	51.91342812467901	-16.34097678512074	-64.57937427947314	
6.040906523349863	-133.61960547376557	14.789742335481282	30.59979203007085	14.78974233548189	-585.4496718211436	-8.192760329816469	30.599792030070745	-8.192760329816545	-86.17224742956415	
6.09436587311402	-101.58363448136019	37.844428109413954	17.596050440543294	37.844428109414466	-545.9440004794151	5.421473899535874	17.59605044054311	5.4214738995358225	-83.50953798234528	
6.147825222878178	-63.55946626375119	57.623506503706665	12.571923927741837	57.62350650370722	-474.5798438584851	22.878042389247017	12.571923927741597	22.878042389246957	-60.881492065961204	
6.2012845726423365	-26.08014816506332	74.98527425924618	13.543019050168292	74.9852742592468	-383.0892703799795	42.384003245656906	13.543019050167995	42.384003245656785	-24.78109180182313	
6.254743922406495	6.222912075675708	89.00043550110796	17.716234336668915	89.00043550110867	-289.4989243214694	62.399846558411	17.716234336668577	62.39984655841079	18.352757600302297	
6.308203272170653	31.36704501328707	96.21090985079519	22.425665913465085	96.21090985079593	-211.5318800941899	81.88643839460454	22.425665913464726	81.88643839460423	63.595702513408966	
6.361662621934811	49.60261104194478	92.04139594539743	25.91886238376388	92.04139594539811	-159.98724025808258	100.16220215975588	25.918862383763525	100.16220215975547	107.95429982151504	
6.4151219716989685	61.81143214593506	73.54624310378966	27.70116504544523	73.54624310379023	-135.39453857187587	116.49702840178739	27.70116504544491	116.49702840178695	149.95065697786362	
6.468581321463127	68.33950641619292	41.19346244279485	28.340112480091918	41.19346244279519	-129.00437525344816	129.83162059075698	28.340112480091655	129.8316205907566	188.82285977969974	
6.522040671227285	68.84315629539618	-0.6216546907667535	28.90699751026118	-0.6216546907667535	-127.1508793189063	138.9818615370288	28.90699751026101	138.98186153702846	223.81046733945752	
6.575500020991443	62.97181218397972	-44.77768552581766	30.438562487043086	-44.7776855258181	-116.52505681882782	143.28076794757365	30.438562487043026	143.2807679475734	253.78445378963232	
6.628959370755601	50.76859729843665	-83.31107749207331	33.750122156258044	-83.31107749207413	-88.54974767251949	143.1450136025313	33.75012215625809	143.14501360253112	277.36800845823416	
6.68241872051976	32.6495395103988	-109.7033783889466	39.654078589894446	-109.7033783889478	-41.8896458670643	140.07767440683332	39.654078589894596	140.07767440683318	293.5011133270837	
6.735878070283917	9.673110542924832	-120.72069352317115	49.12973427578319	-120.72069352317256	18.40415988626885	135.86595482519863	49.129734275783434	135.86595482519851	302.0478567006521	
6.789337420048075	-16.39392646184578	-117.08235691063838	62.980713767836605	-117.08235691063983	83.43341572742895	131.40015532046598	62.980713767836924	131.4001553204659	303.96976040731505	
6.842796769812233	-42.62104004075431	-102.79789724396385	80.97541075012593	-102.79789724396515	144.55876804538897	125.89202883532661	80.9754107501263	125.89202883532647	300.8855252631813	
6.896256119576392	-65.15378618438342	-83.0154168268198	101.05910540526502	-83.01541682682078	196.16862662619556	117.1128985203201	101.05910540526544	117.11289852031996	294.2536230012408	
6.94971546934055	-79.82464823564642	-62.144041447613624	119.4296559508087	-62.144041447614235	236.93715569725964	102.65046167784739	119.42965595080915	102.65046167784723	284.77549261864897	
7.003174819104707	-82.86200357170728	-43.15133194801417	131.769928768442	-43.15133194801438	269.289808257868	81.49622195276135	131.76992876844247	81.49622195276112	272.54687660095794	
7.056634168868865	-71.31561912910117	-28.008990547958646	135.11572365351057	-28.008990547958547	298.1496338723793	55.073500588729495	135.115723653511	55.07350058872919	257.8874796725912	
7.110093518633024	-42.972195566983544	-18.41196505975988	129.28988176083112	-18.41196505975956	329.74753738844515	27.090187623650262	129.28988176083146	27.09018762364991	242.26712177250863	
7.163552868397182	3.299946422621673	-15.843697437634141	117.05124605508199	-15.84369743763368	369.42302004774103	2.3089098155163015	117.05124605508223	2.3089098155159373	228.53347446445105	
7.21701221816134	66.56918150850856	-20.8385388050244	102.92032060744828	-20.83853880502384	419.6002270828196	-15.14525768890818	102.92032060744846	-15.145257688908517	220.1455668088792	
7.270471567925498	142.335811155697	-32.399542741724645	91.37321101692862	-32.39954274172406	477.3773578374153	-23.136136210033946	91.37321101692875	-23.136136210034216	219.78346033344476	
7.323930917689656	222.38967108258495	-48.26793616294111	85.3322513443574	-48.267936162940515	534.3105635783224	-21.953605923393845	85.33225134435752	-21.953605923394043	228.02993488976105	
7.377390267453814	296.1274692052516	-65.81940376805218	85.56746417663722	-65.81940376805161	578.8457887508843	-13.776350406866928	85.56746417663733	-13.776350406867069	242.77410763379117	
7.430849617217972	353.710048380371	-83.26018955361337	91.0405946239155	-83.26018955361289	600.5621071942874	-1.5608051774011154	91.04059462391558	-1.560805177401205	259.56965273295316	
7.48430896698213	388.9768228539819	-99.95048657531281	99.71640841001916	-99.9504865753124	594.018036893359	12.050272533557884	99.71640841001924	12.050272533557857	272.7216061315514	
7.5377683167462886	400.910240619253	-115.86708349896274	109.35098414305753	-115.86708349896244	560.3948840115235	25.387135614467187	109.35098414305759	25.387135614467255	276.75416987196024	
7.591227666510447	392.7897050371845	-130.53711944138314	117.98263197227517	-130.537119441383	506.07610769992925	37.85850100966055	117.98263197227521	37.858501009660756	267.8908364275095	
7.644687016274604	370.23097815405595	-141.96424390675875	124.09524902352672	-141.96424390675872	439.821828323744	49.696209213540065	124.09524902352676	49.69620921354049	245.2996237846407	
7.698146366038762	338.7523860086193	-146.63929727732128	126.61597606632105	-146.63929727732142	369.77099111371643	61.58946672880244	126.61597606632108	61.58946672880312	211.71234196741338	
7.751605715802921	302.11847049503905	-140.8115004695182	124.87081078054655	-140.81150046951842	302.209189183122	74.32907370674573	124.87081078054658	74.32907370674664	172.98890595965162	
7.805065065567079	262.5177316193835	-122.3573018468655	118.56467119902644	-122.35730184686588	241.74234944598254	88.43431977120743	118.56467119902648	88.43431977120854	136.45589221442089	
7.858524415331237	221.56179261994853	-92.36208056866778	107.85970456620842	-92.36208056866826	193.0524009303809	103.71538607008358	107.85970456620849	103.71538607008479	108.42107605169969	
7.911983765095395	181.87065075320902	-55.05453728895196	93.52810274633431	-55.0545372889525	161.78205789510136	118.9296973020847	93.52810274633441	118.92969730208593	91.97410022692857	
7.965443114859553	148.33760707136364	-16.2468164327137	77.06527974949422	-16.246816432714297	154.50129424181068	131.85280649931266	77.06527974949437	131.85280649931374	86.20709466021886	
8.01890246462371	127.60555021507946	18.83144432184452	60.522008823703956	18.831444321843907	176.5494780556233	139.9075167773764	60.52200882370407	139.90751677737728	87.3028276317155	
8.07236181438787	126.17962798691676	47.30097502803912	45.941842375793534	47.300975028038515	228.84424321930285	141.19438071321179	45.94184237579362	141.1943807132124	90.85213363430202	
8.125821164152027	146.98478048872346	68.61796177293448	34.54678258445612	68.6179617729339	305.4566205632542	135.4230615017355	34.546782584456096	135.42306150173584	94.01141500329445	
8.179280513916185	186.5242948999102	83.9169973386709	26.09335111983978	83.91699733867037	393.4354310900054	124.230069839459	26.093351119839625	124.23006983945913	96.37672867791319	
8.232739863680344	234.63735320024148	94.54891723625045	18.849835688224854	94.54891723625003	475.7592496465849	110.68900350482289	18.84983568822452	110.68900350482282	99.41272863524665	
8.286199213444501	277.1105694105056	101.2576905791498	10.314417495108783	101.25769057914948	536.0548762423803	98.2270559101767	10.31441749510829	98.22705591017655	105.05500056496561	
8.33965856320866	301.04513693156633	103.84403739832722	-1.6221008652188047	103.844037398327	563.3199123602387	89.39499532154387	-1.6221008652193873	89.39499532154373	114.38604294004529	
8.393117912972818	299.34936443305753	101.24119237201396	-17.661865244031354	101.24119237201384	554.4126720338895	85.00519855710085	-17.66186524403192	85.0051985571007	126.89259920381676	
8.446577262736975	272.9519681882349	92.30159526556747	-36.70896543127614	92.3015952655674	513.7883711211834	84.00906007672143	-36.708965431276596	84.00906007672128	140.36879730036816	
8.500036612501134	229.5783944430238	76.54532046264002	-56.23319040933656	76.54532046264	451.08420106273456	84.10966567656013	-56.23319040933682	84.10966567655996	151.38688393795854	
8.553495962265291	180.24082084203656	55.254612385277824	-73.18007197355453	55.25461238527783	377.45654447350137	82.89301817419052	-73.18007197355459	82.8930181741903	156.13252211892757	
8.60695531202945	135.52642495977403	31.605482671795343	-84.97071778355163	31.605482671795365	302.64729986175234	78.9443304044645	-84.9707177835515	78.94433040446424	151.38656204630826	
8.660414661793608	102.87316261801526	10.287086532489056	-90.22897317690212	10.287086532489127	232.60416950583107	72.40813495817702	-90.22897317690186	72.40813495817672	135.44715639248813	
8.713874011557765	85.55881880235647	-3.8843629020098263	-89.04176594999507	-3.8843629020097126	168.90893739452278	64.71708614482634	-89.04176594999481	64.71708614482603	108.70371077538226	
8.767333361321924	82.48992903584649	-7.383190023968538	-82.80855112827736	-7.383190023968467	109.48887709859092	57.64801911291584	-82.80855112827714	57.64801911291553	73.72538801253538	
8.820792711086082	88.96924996818169	1.1232136834069308	-73.77915497535369	1.1232136834069948	50.777843235457404	52.21751063357374	-73.7791549753536	52.2175106335734	34.81332864368323	
8.87425206085024	98.18649250685635	20.541168325306856	-64.48604777290531	20.541168325306842	-9.617785023886807	48.05612463633129	-64.48604777290534	48.056124636330914	-2.9251250929505535	
8.927711410614398	103.7458844050769	47.47082287595021	-57.21021020529101	47.470822875950105	-70.24950894587516	43.63325676697768	-57.21021020529117	43.633256766977276	-34.721441410083465	
8.981170760378557	102.44202476548864	76.40535690504063	-53.524020484968375	76.40535690504039	-124.91273715908935	37.233637067745704	-53.524020484968595	37.233637067745235	-57.172319960399605	
9.034630110142714	95.93438030937088	100.65672851139425	-53.928442034874806	100.65672851139385	-164.12522095896114	28.084576136208184	-53.92844203487509	28.08457613620767	-68.78046141327624	
9.088089459906872	90.72210525533332	114.26124701007036	-57.6294563252897	114.26124701006985	-178.81278797192576	16.889988890732347	-57.62945632529004	16.88998889073178	-69.89197543030623	
9.141548809671031	94.8890546981156	114.41007087541618	-62.60752971589599	114.41007087541564	-165.01587328786965	5.352625966953157	-62.60752971589642	5.352625966952549	-62.2214880996722	
9.195008159435188	114.55247175461538	102.99135189652935	-66.1860320626163	102.99135189652884	-127.49634026730806	-5.092151034850231	-66.18603206261683	-5.092151034850868	-48.29447481128731	
9.248467509199347	150.28457877970158	85.69939426304452	-66.02729690122007	85.69939426304418	-79.41029971810991	-14.462792572353315	-66.0272969012207	-14.462792572353951	-31.02179390214875	
