# Stress in units of bar (10^5 Pa)
# z	Sxx	Sxy	Sxz	Syx	Syy	Syz	Szx	Szy	Szz
0.0	322.50800135950186	262.90504174680007	-48.11101326470707	262.9050417467991	90.00410172722293	15.459649916213516	-48.111013264707175	15.459649916213635	10.867560355090568	
0.05498574370500809	312.9323107226483	265.94691366045436	-46.69300226969863	265.9469136604534	70.62365924497212	16.71172947130751	-46.693002269698724	16.711729471307613	43.593973147841695	
0.10997148741001618	302.36312765430864	263.44833662305297	-44.368610962696025	263.448336623052	51.99078717642169	18.25749390854316	-44.36861096269613	18.25749390854324	74.26462676115744	
0.16495723111502428	291.24714701436926	255.79952423141816	-41.64191940980252	255.79952423141725	36.05139193215793	19.746414137557984	-41.64191940980262	19.746414137558045	102.35930175393132	
0.21994297482003236	279.5313118060866	243.85559587248622	-39.073990727959696	243.85559587248545	24.240413980892157	20.878329768730794	-39.07399072795979	20.87832976873085	127.5848016143068	
0.27492871852504047	266.73026135266224	228.67243127101216	-37.199937663214776	228.67243127101153	17.14139903334589	21.46131179265995	-37.199937663214854	21.461311792660002	149.8661795517001	
0.32991446223004856	252.0302682815529	211.4703655841557	-36.44419221450799	211.4703655841552	14.544159977166801	21.457799013691336	-36.44419221450805	21.457799013691393	169.35917477973013	
0.38490020593505664	234.61603009189616	193.2874293671707	-37.073481240205396	193.2874293671704	15.696309376383555	20.9714952623752	-37.07348124020545	20.97149526237527	186.41552955922188	
0.4398859496400647	213.9563468106727	175.01295557257788	-39.14424769599632	175.01295557257774	19.451799789647744	20.21753844334838	-39.14424769599638	20.21753844334848	201.5084383570441	
0.4948716933450728	190.01533114191852	157.21992942326017	-42.50627455523893	157.21992942326017	24.49325069959726	19.472148207617703	-42.50627455523898	19.47214820761783	215.13292371390838	
0.5498574370500809	163.31755272163647	140.21447154650556	-46.83149622155515	140.21447154650565	29.652634154302472	19.033053438553647	-46.83149622155522	19.033053438553797	227.69467376835257	
0.604843180755089	135.1279637770376	124.0096896123893	-51.68782457791583	124.00968961238947	33.953973501858464	19.152299707163092	-51.68782457791592	19.152299707163273	239.41002703530557	
0.6598289244600971	106.98795333483878	108.54680810940674	-56.61809614688673	108.54680810940697	36.60534689892549	20.022010733227273	-56.61809614688681	20.022010733227454	250.24557693066197	
0.7148146681651052	80.71627231580112	93.58266311225977	-61.221571128597134	93.58266311226002	37.09698697567679	21.741213540488175	-61.221571128597255	21.74121354048836	259.8999496181649	
0.7698004118701133	58.01914445060442	78.89463166722061	-65.22803025076276	78.8946316672208	35.21416814076574	24.297329532140886	-65.22803025076293	24.297329532141053	267.8704980478938	
0.8247861555751214	40.08849917807296	64.3624521585239	-68.53955262588512	64.36245215852406	30.976855971267398	27.574444635051673	-68.5395526258853	27.57444463505182	273.58297042974283	
0.8797718992801294	27.520117530804118	49.87871246359555	-71.23757305168243	49.878712463595605	24.857124290553806	31.32859732056241	-71.23757305168265	31.32859732056251	276.5196132001926	
0.9347576429851375	20.11112928967541	35.436849237587055	-73.562943729656	35.43684923758705	17.57504627678128	35.19567845264432	-73.56294372965625	35.19567845264439	276.3569192363131	
0.9897433866901456	17.063436375029397	21.069601570703995	-75.86733916515698	21.069601570703938	10.284893759680415	38.71053584391598	-75.86733916515728	38.710535843916	273.0589456310037	
1.0447291303951538	16.871973846189256	6.9136440158675185	-78.53460012913416	6.913644015867433	4.382928969206702	41.32386956631729	-78.53460012913446	41.323869566317285	266.8932711534862	
1.0997148741001619	17.963681760694037	-6.951959451541157	-81.90047397594701	-6.9519594515412635	1.333764693122447	42.47851505443923	-81.9004739759473	42.47851505443921	258.37871716243467	
1.15470061780517	18.66375308502272	-20.377494182706187	-86.15282080833897	-20.377494182706297	2.44693166547043	41.669123611246874	-86.15282080833924	41.66912361124683	248.19712354357176	
1.209686361510178	17.623390443280307	-33.22492681693504	-91.27804116445598	-33.224926816935124	8.5336708867857	38.52108952984982	-91.27804116445627	38.521089529849775	237.0587188623213	
1.2646721052151861	14.19852186439411	-45.32323059363335	-97.02015829867238	-45.32323059363339	19.890796172364887	32.85748360666044	-97.02015829867258	32.85748360666041	225.59883771208112	
1.3196578489201942	8.57520182676047	-56.38229966492714	-102.87057852089782	-56.38229966492713	36.12845287941463	24.764885467632972	-102.870578520898	24.764885467632958	214.3202397418451	
1.3746435926252023	1.9890598930257042	-66.02777341886122	-108.10426232845181	-66.02777341886124	56.34870071557666	14.603061371448199	-108.10426232845192	14.603061371448211	203.59588924499135	
1.4296293363302104	-3.4520602155801896	-73.73959494381639	-111.90614431839698	-73.73959494381639	79.37026356063787	2.960210036541526	-111.90614431839703	2.960210036541563	193.72920938137736	
1.4846150800352185	-4.790927375177077	-78.82675117760218	-113.49560370535889	-78.82675117760218	104.04244535631801	-9.39417046272271	-113.49560370535886	-9.394170462722652	185.01671050103573	
1.5396008237402266	1.117398669908841	-80.52372273926063	-112.27014019829878	-80.5237227392607	129.4938493539713	-21.638867134915664	-112.27014019829866	-21.638867134915593	177.82575462863966	
1.5945865674452346	17.2324661558348	-78.26321368215017	-107.91253184680741	-78.26321368215031	155.38956474573843	-33.019739291016386	-107.9125318468072	-33.0197392910163	172.5906090900534	
1.6495723111502427	45.54128197333871	-71.55655673637924	-100.44113440021994	-71.55655673637945	181.89160794137152	-42.97448519303647	-100.44113440021968	-42.97448519303639	169.77906055984704	
1.7045580548552508	86.77079785462436	-60.3802143937653	-90.23165595677132	-60.380214393765634	209.56686554786592	-51.25133996476552	-90.23165595677101	-51.25133996476545	169.83471597459723	
1.7595437985602589	139.95547132055628	-45.15147592771528	-77.88934246844542	-45.15147592771571	238.9586259242194	-57.92281482692648	-77.88934246844507	-57.92281482692643	173.07202961065207	
1.814529542265267	202.47387776256176	-26.728684340910714	-64.12399811342259	-26.728684340911194	270.3194125521769	-63.37549120454189	-64.1239981134222	-63.37549120454185	179.58853549210113	
1.869515285970275	270.3920000285686	-6.327296442166356	-49.606328679824855	-6.327296442166865	303.4045721748782	-68.22074640313416	-49.6063286798245	-68.22074640313414	189.2205754270215	
1.9245010296752831	338.96119446935785	14.74812109494232	-34.836610106109404	14.748121094941752	337.02599523011423	-73.1369481866124	-34.83661010610906	-73.13694818661239	201.53427755430366	
1.9794867733802912	403.221230056842	35.211673483175424	-20.109337665205622	35.211673483174856	369.1417877576728	-78.71017919484434	-20.10933766520529	-78.71017919484439	215.8323174937461	
2.0344725170852995	458.68977901973636	54.08725218480786	-5.530550311469088	54.08725218480731	397.1210030389678	-85.2719487262002	-5.530550311468777	-85.27194872620026	231.21172996481334	
2.0894582607903076	501.8909528599918	70.75858989057369	8.906964454310465	70.75858989057316	418.0832842003696	-92.82879619402854	8.906964454310756	-92.82879619402863	246.62328836121776	
2.1444440044953157	530.7076895225393	85.07510887659447	23.193008392956347	85.07510887659396	429.35423351821385	-101.03195456157971	23.193008392956617	-101.03195456157982	260.97154338928465	
2.1994297482003238	544.3837742478007	97.07236544163695	37.20714309384673	97.07236544163646	428.9551471274099	-109.26724267587116	37.20714309384698	-109.2672426758713	273.2102373455566	
2.254415491905332	543.6069240581564	107.00414712674146	50.66494483710071	107.004147126741	415.9920028053787	-116.75511677150458	50.66494483710093	-116.75511677150473	282.44127114619886	
2.30940123561034	530.1850196654059	115.04784191697848	63.11053888988882	115.04784191697809	390.8377136907802	-122.70610485230992	63.110538889889035	-122.70610485231012	288.02692440633365	
2.364386979315348	506.67308834503655	121.3295669744966	74.00880569666656	121.32956697449623	354.9224365846225	-126.426992575146	74.00880569666674	-126.42699257514619	289.6515122029897	
2.419372723020356	475.9868967878101	125.82026845055756	82.86578765172628	125.82026845055724	310.7414926475518	-127.38262475373702	82.86578765172645	-127.38262475373719	287.33047439299133	
2.474358466725364	440.9154071556116	128.45136105845484	89.32617019327375	128.45136105845447	261.1247988850291	-125.21344339367909	89.3261701932739	-125.21344339367928	281.36104807282857	
2.5293442104303723	403.97491064440703	129.1966645708619	93.26398640687341	129.19666457086163	209.18186062043324	-119.7393925193884	93.26398640687353	-119.73939251938856	272.2581372099403	
2.5843299541353804	367.1727794831944	128.16102869501876	94.80219153480176	128.16102869501847	157.78554968949004	-110.9055958758111	94.80219153480185	-110.90559587581126	260.59943338587067	
2.6393156978403884	331.85721526868394	125.6112794909373	94.28019720369598	125.61127949093701	109.39423303660496	-98.77394780967938	94.28019720369606	-98.77394780967951	246.9224915960375	
2.6943014415453965	298.87338997898905	121.91201668862543	92.13680311891027	121.91201668862519	66.04102048436074	-83.54702445852354	92.13680311891034	-83.54702445852365	231.67420376663517	
2.7492871852504046	268.4460354130787	117.50186968079181	88.81611312409652	117.50186968079154	29.29044194105124	-65.58808635933487	88.81611312409657	-65.58808635933497	215.21477913801817	
2.8042729289554127	240.69858107885105	112.69394551218808	84.6930632088975	112.6939455121879	0.29439072852037285	-45.46592119796145	84.69306320889751	-45.465921197961535	197.9108020838395	
2.8592586726604208	215.25880887252015	107.7179309623464	80.04742237384038	107.7179309623462	-20.259340801831012	-23.924314612630354	80.04742237384036	-23.924314612630432	180.24204661491746	
2.914244416365429	191.69651335976712	102.50803929260039	75.06746874832714	102.50803929260023	-32.18390800485857	-1.892201771055844	75.06746874832713	-1.8922017710558912	162.90930763324712	
2.969230160070437	169.37045722501796	96.99154397588444	69.93936193348915	96.99154397588428	-35.95353536912668	19.610032040213017	69.93936193348911	19.610032040213	146.91024725447093	
3.024215903775445	147.58170609939705	90.9237643301141	64.91342808565416	90.92376433011397	-32.70057178217603	39.576933726202256	64.9134280856541	39.57693372620227	133.51484265202117	
3.079201647480453	125.67954231809158	84.12798743177385	60.347257306424794	84.12798743177375	-24.260033460148577	57.11551744030797	60.34725730642472	57.11551744030801	124.16603880313406	
3.134187391185461	103.09964324720515	76.63247400085879	56.70663847085481	76.63247400085869	-13.069753279352643	71.51312094381443	56.70663847085473	71.51312094381447	120.29845113472992	
3.1891731348904693	79.54212654645978	68.66414742388778	54.49872453280311	68.66414742388767	-1.610561271450079	82.29177262454151	54.49872453280302	82.29177262454157	123.13723106002575	
3.2441588785954774	55.02226715348118	60.71881560118736	54.161484157807564	60.718815601187295	7.76322831232217	89.24425160089083	54.16148415780744	89.24425160089092	133.47290580646404	
3.2991446223004854	30.14173043316764	53.49438564128447	55.95036363151975	53.49438564128441	13.400698935508885	92.46390869227176	55.95036363151962	92.46390869227183	151.52378900635148	
3.3541303660054935	5.7570294341929635	47.94505323868708	59.853405146058435	47.945053238687024	14.678463463606455	92.32461290925315	59.85340514605831	92.32461290925322	176.82304465011282	
3.4091161097105016	-16.721688220088936	44.95807586537039	65.5513959066284	44.95807586537037	12.09527374190517	89.52465264279053	65.55139590662827	89.5246526427906	208.21050583152095	
3.4641018534155097	-35.60892625532201	45.38877095488273	72.45025794044724	45.38877095488272	7.223448461020681	85.06336026093261	72.4502579404471	85.06336026093268	243.9610466928481	
3.5190875971205178	-49.30990946178186	49.83194556103689	79.77687237880414	49.83194556103688	2.284209413369922	80.19662497752054	79.77687237880404	80.19662497752057	281.9452561440837	
3.574073340825526	-56.327641974601235	58.43516610001447	86.66215988590199	58.435166100014484	-0.12971713969854903	76.32978300212775	86.6621598859019	76.32978300212778	319.87999267921776	
3.629059084530534	-55.6963033097441	70.9168713415889	92.26860733544079	70.91687134158893	2.274446604412603	74.87529284788772	92.26860733544072	74.87529284788776	355.57536180225964	
3.684044828235542	-47.10143038191568	86.40839641591263	95.91975171795377	86.40839641591265	11.2369772789106	77.06248753174219	95.91975171795372	77.06248753174224	387.1029942456319	
3.73903057194055	-31.208611022239786	103.60477136556355	97.12013655462664	103.60477136556358	27.458733127244514	83.71950155769113	97.1201365546266	83.71950155769112	412.92337741021305	
3.794016315645558	-9.40881792712932	120.8875878668811	95.60143667024343	120.88758786688112	50.64899224653472	95.13054794393157	95.60143667024339	95.13054794393157	431.89740691652105	
3.8490020593505663	16.147868501108547	136.4674368058741	91.33184801589996	136.46743680587414	79.49171079158015	110.95342686796492	91.33184801589994	110.95342686796491	443.27234980149336	
3.9039878030555744	42.82412521563387	148.61970822298161	84.5029316591288	148.61970822298167	111.82385320111611	130.24091146369412	84.50293165912876	130.24091146369415	446.5883923075982	
3.9589735467605824	67.91863776022086	155.80486001819492	75.51028840797186	155.804860018195	144.98019660848067	151.54399158831734	75.51028840797183	151.54399158831728	441.65083747554	
4.013959290465591	89.09667672240067	156.96900474805793	64.89681178744381	156.96900474805796	176.25954744566295	173.05826301666193	64.89681178744377	173.0582630166619	428.55609479639764	
4.068945034170599	104.63796676379053	151.49153698326046	53.34626844162745	151.49153698326046	203.05941118515017	192.89114667261634	53.34626844162741	192.89114667261632	407.75815247380535	
4.123930777875607	113.73073177859885	139.2774690139288	41.58817846071126	139.2774690139288	223.23381214941463	209.24272979857597	41.58817846071122	209.242729798576	380.18336194753755	
4.178916521580615	116.43507306437199	120.81962321416555	30.373476858395964	120.81962321416557	235.55200049865053	220.5875119008212	30.37347685839591	220.5875119008212	347.334136116846	
4.233902265285623	113.6108289603997	97.08839412875403	20.40948648174976	97.08839412875406	239.57882225556767	225.82205687883936	20.40948648174969	225.82205687883936	311.3057821979857	
4.288888008990631	106.70025403671288	69.42342701656031	12.313553842720296	69.42342701656034	235.82919256030877	224.32463201740336	12.313553842720202	224.32463201740336	274.629415608712	
4.3438737526956395	97.49010815129395	39.39671406351652	6.546369935155324	39.396714063516576	225.59818471084296	215.99935988919415	6.546369935155216	215.99935988919415	240.00528711916448	
4.3988594964006476	87.79173245396186	8.664271271406026	3.3908345658037558	8.664271271406076	210.77876023998905	201.26070738327994	3.3908345658036456	201.26070738327994	209.94223992929216	
4.453845240105656	79.38209749078058	-21.274079132720196	2.8958603371957565	-21.274079132720104	193.65674599487792	180.97556631891825	2.895860337195641	180.97556631891825	186.39568563040194	
4.508830983810664	73.73450931315723	-49.078652947544946	4.866948813795862	-49.07865294754485	176.51787678438333	156.39535264827833	4.866948813795744	156.3953526482784	170.48838310745654	
4.563816727515672	72.03786981408264	-73.70302257915755	8.876435183887043	-73.70302257915743	161.5108443617636	129.05452761432952	8.876435183886914	129.05452761432954	162.36522024764042	
4.61880247122068	75.34040564553257	-94.35575424897061	14.276129552080747	-94.35575424897048	150.5121840580398	100.63452034422295	14.276129552080617	100.63452034422298	161.26087226376325	
4.673788214925688	84.44656596482405	-110.43151550570387	20.262038054357117	-110.43151550570377	144.93196931688232	72.84189671428558	20.26203805435698	72.84189671428561	165.72421759373242	
4.728773958630696	100.00285752368221	-121.43768174583414	25.99066386589493	-121.43768174583401	145.83948037105847	47.25544590705938	25.9906638658948	47.2554459070594	173.9564279112119	
4.783759702335704	122.48181826283987	-126.9050151101407	30.649514224917326	-126.9050151101406	153.6863244245452	25.199788063861106	30.649514224917198	25.19978806386109	184.12453668990278	
4.838745446040712	152.13201147533334	-126.42972173356151	33.55593070957667	-126.42972173356135	168.4401759938419	7.587869284592179	33.555930709576536	7.587869284592157	194.66129070585254	
4.89373118974572	188.76497220805987	-119.69234231041526	34.261112216381456	-119.69234231041514	189.4241891076074	-5.138304912373663	34.26111221638132	-5.138304912373673	204.4439760804024	
4.948716933450728	231.77288126745185	-106.7522305847986	32.58615787383956	-106.75223058479847	215.25975258710594	-13.023031649965695	32.586157873839426	-13.023031649965723	212.86071391123866	
5.0037026771557365	279.82756767009766	-88.0214646024837	28.631579339707447	-88.02146460248352	243.92806778063635	-16.575241287036235	28.63157933970731	-16.57524128703626	219.74460881555194	
5.0586884208607446	330.7237739454072	-64.5739078560947	22.773561447975446	-64.57390785609445	272.7245180630937	-16.61300990911373	22.773561447975307	-16.61300990911375	225.22924547853546	
5.113674164565753	381.4906343792529	-38.13978336337891	15.599817089918538	-38.13978336337864	298.6618947425979	-14.096084394301613	15.599817089918403	-14.096084394301627	229.58937650112654	
5.168659908270761	428.3547040042179	-11.019740781928299	7.851695753076632	-11.019740781927897	318.66647521484947	-9.900226363565448	7.8516957530764895	-9.900226363565459	233.0912581915697	
5.223645651975769	467.0136517273726	14.071810646529883	0.30884531700119666	14.071810646530324	330.0981350306569	-4.68352099420974	0.3088453170010581	-4.683520994209758	235.86190854989076	
5.278631395680777	492.9497004147226	34.425022637676385	-6.320106830736227	34.42502263767695	331.03964137384594	1.1832197998249292	-6.320106830736355	1.183219799824947	237.82550179675945	
5.333617139385785	502.06992905791196	47.63252520411072	-11.50984410260023	47.63252520411136	320.75488200684526	7.605801105456965	-11.509844102600358	7.605801105457007	238.7174700835349	
5.388602883090793	491.2176610921075	52.02312091542616	-15.01285431125669	52.02312091542687	299.7821342060538	14.658087481221212	-15.012854311256806	14.65808748122127	238.17072000534478	
5.443588626795801	458.78912414192837	46.936608292042536	-16.888843828226637	46.93660829204336	269.79420514143516	22.392718117267965	-16.888843828226747	22.39271811726802	235.81494228167114	
5.498574370500809	405.1052508657649	32.813861079572916	-17.49360193530802	32.81386107957379	233.5261158070836	30.676205417593494	-17.493601935308124	30.676205417593543	231.43137243391692	
5.553560114205817	332.6428039414201	11.168400864241377	-17.41868603308895	11.168400864242315	194.31094664901227	39.087394141279574	-17.418686033089042	39.087394141279624	225.04968389613978	
5.608545857910825	245.8434477793919	-15.715257338076796	-17.361656928963583	-15.715257338075823	155.55235003448425	46.92480483066094	-17.361656928963647	46.92480483066098	217.04194142794614	
5.6635316016158335	150.7164720781608	-45.09147390835044	-17.984375318533836	-45.09147390834944	120.451105419367	53.28145377591079	-17.9843753185339	53.281453775910805	208.11617619896998	
5.7185173453208415	53.99867689696819	-74.27826232563015	-19.777419531204806	-74.27826232562913	91.47486919732737	57.21054065976582	-19.77741953120485	57.21054065976579	199.22348568773862	
5.77350308902585	-37.72580548748034	-100.9373872080958	-22.972226884622135	-100.93738720809475	70.28860853280368	57.89750783573275	-22.97222688462217	57.897507835732696	191.42556104374776	
5.828488832730858	-118.99531899397222	-123.43888554841136	-27.493431563793546	-123.43888554841028	57.58411714482094	54.79214820444071	-27.493431563793543	54.7921482044406	185.70299949451038	
5.883474576435866	-186.06179252696757	-140.93822739419164	-32.99663088658123	-140.93822739419056	53.28400290506696	47.69048579763719	-32.9966308865812	47.69048579763704	182.8032398340768	
5.938460320140874	-237.30864682924985	-153.31360710945086	-38.921936766473735	-153.31360710944983	56.71290511537848	36.739024549026325	-38.921936766473664	36.73902454902613	183.15320445669866	
5.993446063845882	-273.12567993897625	-161.01571692770972	-44.56307124506681	-161.0157169277087	66.78360019415095	22.392643956595865	-44.563071245066695	22.39264395659561	186.8088887532043	
6.04843180755089	-295.4749823062813	-164.8090264364971	-49.17188524280859	-164.80902643649608	82.27850263907713	5.329899369862169	-49.17188524280843	5.329899369861888	193.51431960706168	
6.103417551255898	-307.2027610875062	-165.43453564814712	-52.02080995526159	-165.43453564814618	102.0393551042398	-13.640091407871427	-52.0208099552614	-13.640091407871738	202.7894408347567	
6.158403294960906	-311.19599803978986	-163.56161325679759	-52.464401551839856	-163.56161325679662	125.02369502352855	-33.624517425344656	-52.46440155183964	-33.62451742534498	214.0450876647941	
6.213389038665914	-309.9400518465056	-159.51230961438065	-49.977149685237876	-159.51230961437975	150.3668872653146	-53.695157800667275	-49.97714968523766	-53.69515780066763	226.6706607956729	
6.268374782370922	-305.13602872413253	-153.42223965771632	-44.222270043215936	-153.4222396577155	177.21664064781075	-72.9324627472725	-44.22227004321573	-72.93246274727284	240.10286771566356	
6.3233605260759305	-297.5632891704065	-145.19243453297693	-35.10043961184094	-145.19243453297614	204.84071796886445	-90.49225519610673	-35.10043961184077	-90.4922551961071	253.8395368628765	
6.3783462697809385	-287.45736058599607	-134.7042802351312	-22.75252349769805	-134.70428023513048	232.45515620771678	-105.62752291678862	-22.75252349769794	-105.62752291678898	267.3978788644444	
6.433332013485947	-274.7750399945793	-122.0502252830542	-7.623099147661396	-122.05022528305352	259.10347941705254	-117.76400465059936	-7.623099147661355	-117.7640046505997	280.2872360594588	
6.488317757190955	-259.58668254654714	-107.5580926166623	9.573235454359363	-107.55809261666165	283.74263492839617	-126.54055084757638	9.573235454359308	-126.54055084757671	291.97243952365807	
6.543303500895963	-242.46334359509063	-91.96650829297897	27.902043528965304	-91.96650829297836	305.132531387551	-131.82282276571243	27.902043528965173	-131.82282276571271	301.89506655531426	
6.598289244600971	-224.44320549642018	-76.3625127829273	46.29820313342017	-76.3625127829267	321.93837910248715	-133.7040913427576	46.298203133419946	-133.70409134275786	309.47999421283583	
6.653274988305979	-206.9827576647567	-62.05253184140756	63.680289650882614	-62.052531841406946	332.91777335442066	-132.48457928194085	63.680289650882315	-132.4845792819411	314.1699668572846	
6.708260732010987	-191.63589120380112	-50.29637145552519	79.08077789312969	-50.296371455524614	336.7651344511945	-128.6030256825367	79.08077789312935	-128.6030256825369	315.48335904539323	
6.763246475715995	-179.7534512517742	-42.248615472360925	91.74198883160898	-42.24861547236033	332.4960944427768	-122.60004380259811	91.74198883160861	-122.6000438025983	313.0532874605289	
6.818232219421003	-172.04277286674537	-38.527050032655275	101.17990196125152	-38.527050032654635	319.40490119682056	-115.03453120315008	101.17990196125115	-115.03453120315027	306.65819874263343	
6.873217963126011	-168.39901245680917	-39.148683529799754	107.20272382463199	-39.148683529799115	297.2288070664522	-106.44442305305563	107.20272382463163	-106.44442305305577	296.2202357871494	
6.928203706831019	-167.79458024218584	-43.44756860622748	109.88312679170377	-43.44756860622683	266.23371085697113	-97.30710945384793	109.8831267917034	-97.30710945384803	281.80090468511156	
6.9831894505360275	-168.30213421164166	-50.10768370749342	109.48415322373562	-50.10768370749277	227.2751959798751	-88.00287422778092	109.48415322373529	-88.00287422778098	263.5885760911555	
7.0381751942410355	-167.6808540044957	-57.377964323753964	106.39867747885083	-57.377964323753304	181.7851617810107	-78.8108758642704	106.3986774788505	-78.81087586427043	241.90429634342942	
7.093160937946044	-163.4505795856139	-63.236287430318264	101.08100886508859	-63.2362874303176	131.79046897591962	-69.88591512186626	101.08100886508828	-69.88591512186622	217.18863831077005	
7.148146681651052	-153.458620956959	-65.83295159281494	93.99020608691345	-65.83295159281431	79.86003136509318	-61.29052303853229	93.99020608691315	-61.29052303853222	189.99995740539975	
7.20313242535606	-136.47982324572934	-63.59731409235755	85.57798225839045	-63.59731409235692	28.824244354964662	-53.0278891078171	85.5779822583901	-53.027889107816996	160.9993267830514	
7.258118169061068	-112.06660732921056	-55.70446039120077	76.26773875497003	-55.704460391200136	-18.22074650632291	-45.05801115992322	76.26773875496966	-45.058011159923055	130.9484072804149	
7.313103912766076	-80.99453725106333	-42.04784330372828	66.44024847253597	-42.0478433037277	-58.2660481064261	-37.34739602331295	66.44024847253553	-37.34739602331277	100.6661594856098	
7.368089656471084	-44.841805190930735	-23.310274733977735	56.45819697307373	-23.310274733977188	-88.70477556683127	-29.901325045320544	56.45819697307324	-29.901325045320345	70.9675908275331	
7.423075400176092	-5.9576765436349035	-0.840321035330847	46.65053738558468	-0.8403210353303319	-107.4766187892842	-22.769769837073348	46.650537385584144	-22.769769837073152	42.584196593288404	
7.4780611438811	33.051722161616276	23.55280745507889	37.31705083541751	23.552807455079392	-113.49983602045971	-16.020576080516605	37.31705083541694	-16.020576080516424	16.094761004417464	
7.533046887586108	69.68717252399188	47.87911722790809	28.746751642955672	47.879117227908566	-106.629841099575	-9.723257615498154	28.746751642955093	-9.723257615497996	-8.128492214021936	
7.588032631291116	101.84815907375733	70.31877076256818	21.21492134434981	70.31877076256863	-87.7521398535791	-3.913689331434896	21.214921344349257	-3.913689331434763	-29.948633306298554	
7.6430183749961245	128.15522453249943	89.37530667435537	14.994046634748752	89.37530667435578	-58.73688092842072	1.4312532881052649	14.994046634748234	1.4312532881053652	-49.45312078162628	
7.6980041187011325	148.05571036979217	104.14339894207993	10.339785688072919	104.14339894208028	-22.08832727781646	6.41261054098131	10.339785688072483	6.412610540981373	-66.89313314801227	
7.752989862406141	161.83509728438798	114.21978218334277	7.491456493871709	114.21978218334309	19.283498388018117	11.18451777267225	7.491456493871378	11.18451777267227	-82.59546262149854	
7.807975606111149	170.5577857013613	119.72877587176467	6.6369349919784195	119.72877587176494	62.41409313876167	15.934684693416301	6.6369349919782135	15.934684693416282	-96.84986505164767	
7.862961349816157	175.80023292020047	121.19834930179383	7.858741624900856	121.19834930179408	104.68244425376325	20.837828929695384	7.8587416249007775	20.837828929695327	-109.8265246076951	
7.917947093521165	179.38792749900753	119.3814437663883	11.073657913363808	119.38144376638854	143.96556846685792	26.03593504178632	11.073657913363885	26.03593504178622	-121.52841894144663	
7.972932837226173	183.22633692931976	115.1321735913978	15.980230016905814	115.132173591398	178.85912880862065	31.616662010650412	15.980230016906038	31.61666201065028	-131.79523982099712	
8.027918580931182	188.8636008335312	109.31685772915839	22.034178125206054	109.31685772915861	208.57806544534097	37.6045022900993	22.03417812520642	37.60450229009913	-140.36849578806334	
8.08290432463619	197.48183063086367	102.83244271709485	28.47684257635847	102.83244271709509	232.93116055554884	43.95932120109305	28.47684257635898	43.95932120109285	-146.98162549015518	
8.137890068341198	209.54441320866547	96.49702159683775	34.394373098216654	96.49702159683804	252.1080729214862	50.58405037179325	34.39437309821729	50.584050371793026	-151.4640037085166	
8.192875812046205	224.9033148926588	91.13367885091176	38.827901450643594	91.13367885091205	266.4324438666194	57.3419877595004	38.82790145064433	57.34198775950016	-153.82933881888644	
8.247861555751214	242.7212031974405	87.41862294560437	40.91962861991292	87.41862294560468	276.3054232608926	64.04223283907672	40.91962861991375	64.04223283907646	-154.32949156321632	
8.302847299456221	261.66130505937247	85.92615769241495	40.055297161578096	85.92615769241522	281.9739520596469	70.46394367484646	40.05529716157898	70.4639436748462	-153.46238119220237	
8.35783304316123	280.0409739492153	86.9411634474121	35.98246074303556	86.94116344741236	283.5307445129515	76.36198394649391	35.982460743036455	76.36198394649364	-151.9196820010593	
8.412818786866238	296.10439381877023	90.44926760685964	28.880856198200803	90.44926760685982	281.092075873082	81.47258885333416	28.880856198201695	81.47258885333395	-150.50122628794517	
8.467804530571247	308.30996828565344	96.0869489230944	19.365522207195397	96.08694892309458	274.63637375850743	85.5461167081661	19.36552220719625	85.5461167081659	-150.01818515837516	
8.522790274276254	315.46866062047286	103.12457260334185	8.411423763176693	103.1245726033419	264.3039611761496	88.37198240997827	8.411423763177462	88.37198240997813	-151.18866405299224	
8.577776017981263	317.0667546298473	110.5998546102549	-2.7991899745318567	110.59985461025487	250.2748743932706	89.79901324694934	-2.7991899745311972	89.79901324694923	-154.53812930437533	
8.63276176168627	313.1543565546659	117.45819536004828	-13.059140694077517	117.45819536004817	232.95535207804267	89.76304116273319	-13.05914069407698	89.76304116273312	-160.3430540379495	
8.687747505391279	304.50792212740305	122.76087406567827	-21.32944522145352	122.76087406567811	212.92961964017533	88.29163405108272	-21.329445221453103	88.29163405108271	-168.59277760437308	
8.742733249096286	292.40132558966144	125.84688088975068	-26.90811212403894	125.84688088975045	190.98254380730953	85.49430000201008	-26.90811212403866	85.49430000201008	-178.9623836260308	
8.797718992801295	278.55114682946754	126.47420905038209	-29.544679077686993	126.47420905038183	168.19482448726984	81.54757651597215	-29.544679077686837	81.54757651597215	-190.83825449540882	
8.852704736506302	264.8031443687272	124.91096715612981	-29.4599507764332	124.91096715612954	145.81660610295472	76.6823149054033	-29.45995077643312	76.6823149054033	-203.35987152474533	
8.907690480211311	253.05137921674864	121.86183529592478	-27.295072614172376	121.8618352959245	125.23074685829398	71.14899799620314	-27.29507261417237	71.14899799620312	-215.4750581534538	
8.962676223916318	244.89386237294414	118.35836042593553	-23.966216318289344	118.35836042593527	107.92854913046563	65.1967812360796	-23.966216318289366	65.19678123607957	-226.0267206164352	
9.017661967621327	241.56292941123627	115.66615909478455	-20.494441798652584	115.66615909478429	95.21251870608795	59.05552791336417	-20.49444179865262	59.05552791336413	-233.8559309865508	
9.072647711326335	243.704496464651	114.97780103625163	-17.82261033341369	114.97780103625142	88.05278426029152	52.90307327331859	-17.822610333413706	52.90307327331854	-237.8960302314952	
9.127633455031344	251.1728143793691	117.3496178924362	-16.647995172476833	117.34961789243599	86.78227007232883	46.87658191273995	-16.64799517247685	46.8765819127399	-237.27134277036944	
9.18261919873635	263.2083709150621	123.50406739286765	-17.33550197019372	123.50406739286741	90.99001960244168	41.075213592263665	-17.335501970193715	41.07521359226361	-231.3786514123968	
9.23760494244136	278.3047059729074	133.69390601151747	-19.890864512549285	133.6939060115172	99.44379030838229	35.576972449705124	-19.890864512549268	35.5769724497051	-219.93682224868647	
9.292590686146367	294.6505350643085	147.76539881983473	-23.99665370967798	147.76539881983445	110.22403907479458	30.463557885786727	-23.996653709677958	30.46355788578673	-203.00487776263228	
9.347576429851376	310.12047098653164	165.0209446801107	-29.110182287185353	165.02094468011032	120.90247427053751	25.836344061360805	-29.110182287185335	25.836344061360855	-180.97266647579642	
9.402562173556383	322.87844439146886	184.44872939057464	-34.56724195608093	184.44872939057416	129.03864075256294	21.833896916846513	-34.56724195608093	21.833896916846598	-154.5022890428989	
9.457547917261392	331.6197351699636	204.62166378485398	-39.698052442498195	204.6216637848534	132.6007877701832	18.61945585907895	-39.698052442498216	18.619455859079054	-124.46757853568853	
9.5125336609664	335.6152924885751	224.03811221650304	-43.92796113291064	224.03811221650233	130.2653163931726	16.339805381977147	-43.92796113291069	16.33980538197728	-91.87250410077243	
9.567519404671408	334.92250908512057	241.10654253732864	-46.843111770321855	241.10654253732784	121.72506007313011	15.077976726710826	-46.843111770321926	15.077976726710965	-57.77251295360536	
9.622505148376415	330.21241178459417	254.42583399396682	-48.23326138162908	254.4258339939659	107.75615125418659	14.82990130738302	-48.23326138162918	14.829901307383164	-23.204497759168547	
