# Stress in units of bar (10^5 Pa)
# z	Sxx	Sxy	Sxz	Syx	Syy	Syz	Szx	Szy	Szz
0.0	653.9971114188444	523.220142733319	-65.93919529955018	523.2201427333127	-50.45413606595764	-115.72367819077135	-65.93919529955026	-115.72367819077301	45.65035996613144	
0.05498574370500809	-78.83640150528272	553.291060966858	-70.42672702209283	553.2910609668554	208.61471733184766	-52.40088418931047	-70.42672702209174	-52.40088418930623	107.85416406997759	
0.10997148741001618	99.69318319941034	595.2188001359938	-64.71305129036476	595.2188001359934	-371.75298255238846	61.03558504853217	-64.71305129036357	61.03558504853203	52.52488376400301	
0.16495723111502428	372.1524207367151	353.41674134031416	-92.26731161968108	353.4167413403138	-987.0526024356687	137.76060039364341	-92.26731161968195	137.76060039364407	141.17210468645658	
0.21994297482003236	457.5656284113029	-209.45384195872109	-1.7834114241878811	-209.45384195872148	371.8146535235493	95.12134541251939	-1.7834114241868904	95.12134541251747	236.72690640937947	
0.27492871852504047	34.897093667473044	273.65486418833353	16.937659447520126	273.6548641883298	-321.7634163326399	108.70402615491227	16.937659447517913	108.70402615491159	207.16172973193142	
0.32991446223004856	395.8457075724463	491.38379502349176	-56.036408069406654	491.3837950234937	163.51240936955168	42.024306054010495	-56.03640806940731	42.024306054008996	231.52569571797966	
0.38490020593505664	539.8630207706843	-263.9106461006156	53.13851841991458	-263.9106461006171	142.99946205620446	-59.046121850724084	53.13851841991583	-59.046121850722564	351.7629934904862	
0.4398859496400647	-587.1426249987164	551.18486250194	138.326584016158	551.1848625019442	116.8749466334108	5.1675763607082645	138.32658401615768	5.167576360708525	224.83513978870647	
0.4948716933450728	1562.7749344476601	-186.5188709547558	-34.9965824229991	-186.5188709547574	210.8089850095048	-14.41228056186719	-34.99658242299894	-14.412280561869151	164.17325093582016	
0.5498574370500809	-183.01304938313848	99.48379875670159	-102.2766294644993	99.48379875670153	254.64343338486012	-56.054848800689726	-102.27662946449807	-56.05484880068813	120.34227830610547	
0.604843180755089	237.0266122837636	357.6700224172451	-60.76267879898053	357.67002241724117	-608.1019815464152	28.936208796619972	-60.76267879898232	28.93620879662189	168.69352892097595	
0.6598289244600971	288.4181534337795	-46.62010158069335	-110.46073313694481	-46.620101580689294	198.11355413324	58.680755146226126	-110.46073313694232	58.68075514622554	166.32028082208558	
0.7148146681651052	346.29203583977954	242.11536416118176	-67.27498973592428	242.11536416118662	403.5196141294158	53.01641265553129	-67.27498973592638	53.01641265553025	292.025158479246	
0.7698004118701133	-613.1713614197976	5.34688772848347	-152.2060064069799	5.346887728484731	-314.63532598748316	33.44218278088842	-152.2060064069791	33.442182780889475	222.4015496565999	
0.8247861555751214	-985.4622615645226	240.8680649279126	-125.27224328504366	240.86806492791246	149.48242392762506	-49.96675298477738	-125.27224328504423	-49.96675298477406	394.1528273351186	
0.8797718992801294	-91.55045737243361	-463.0309274267109	-42.88936910549752	-463.030927426712	-55.88933319707223	-43.663481223293104	-42.889369105497394	-43.663481223292116	442.9839051039051	
0.9347576429851375	638.9271130779238	615.3158292779209	-68.22241722954978	615.315829277919	412.5710929654327	84.47022416296744	-68.22241722955104	84.47022416296407	436.595513935407	
0.9897433866901456	-276.1191219472296	-333.4442516171261	-64.78264136865245	-333.44425161712496	160.27145306503178	-44.80927586331756	-64.78264136865214	-44.80927586331759	350.5596598655719	
1.0447291303951538	585.9419761391495	360.62844516020215	38.77762220052239	360.628445160202	-69.64147629933376	80.89305028917562	38.777622200522146	80.89305028917605	287.0889988940699	
1.0997148741001619	-162.0940539167887	-445.5551514796537	-103.06039800160708	-445.5551514796542	766.8274800424631	121.89201843946205	-103.06039800160826	121.89201843946046	364.29682610691145	
1.15470061780517	148.04130253278362	248.25192787058987	-178.67347151455235	248.25192787058486	-1454.1514998508965	44.04790284681817	-178.67347151455206	44.047902846819674	385.0414068434476	
1.209686361510178	-30.017817292183445	71.05102088052017	-126.68400079160807	71.0510208805198	321.7254586409316	100.62203168694984	-126.68400079160728	100.62203168694835	-21.3678969111117	
1.2646721052151861	-938.9973889202039	-473.7535113388567	51.55267366744301	-473.75351133885385	-1025.2540138375318	227.49071339631192	51.55267366744114	227.49071339631053	-171.3423890607859	
1.3196578489201942	257.37915879853267	26.913976075618933	93.30977566390487	26.913976075615484	197.44452498784054	82.29978436164171	93.30977566390509	82.29978436164417	280.13517193751034	
1.3746435926252023	1240.4145413825054	-145.93173398625092	-132.74291608158856	-145.93173398624765	420.8701753233026	-86.89650545160602	-132.74291608159214	-86.89650545160664	311.84525378396097	
1.4296293363302104	491.2189625794062	490.25512282537534	-52.326700372153006	490.25512282537596	271.3065391269733	23.444221321282797	-52.32670037215233	23.444221321283347	246.32829078682929	
1.4846150800352185	294.67669923956373	-651.9072228800636	-256.8138571568466	-651.9072228800613	-170.425543747123	158.87774603714053	-256.81385715684604	158.8777460371381	340.58372131265764	
1.5396008237402266	-1091.398468929046	375.4819172734234	-365.54126247422676	375.4819172734276	1110.1914826227855	-33.40923471864984	-365.54126247422505	-33.40923471864725	329.9721516308209	
1.5945865674452346	-120.59528860611525	-209.04031017504366	-352.622695765323	-209.0403101750464	-334.47897613290945	-239.37211674378642	-352.62269576532265	-239.3721167437862	197.67727097981987	
1.6495723111502427	-1388.0831105479483	-88.585273877705	-186.22225264619914	-88.58527387770559	-320.3306786369186	1.0695149462883158	-186.222252646199	1.069514946288918	-59.364932009566154	
1.7045580548552508	176.13471861805286	-1299.097632358563	-95.73716867133261	-1299.097632358566	1016.5194255079294	-208.16578984780946	-95.73716867133162	-208.16578984780986	-188.97916324028296	
1.7595437985602589	-181.65497421034578	756.3673299598157	-1.9255257124604632	756.3673299598169	191.21518838690199	-181.0634890123871	-1.925525712459735	-181.06348901238746	75.52908286591392	
1.814529542265267	-770.8592293650169	-287.41509325521287	47.695042218902195	-287.41509325521446	-345.43805254518736	-108.75483397973835	47.695042218901314	-108.75483397973812	213.1653882580734	
1.869515285970275	1418.396737987912	-515.7111948948179	15.42611753806912	-515.7111948948191	460.46754176934746	-136.3162746725412	15.426117538071626	-136.316274672541	186.06021310849889	
1.9245010296752831	388.61366974183926	361.1703088181253	8.1218210258607	361.17030881812195	-957.6854761427543	-15.563409568808883	8.12182102586094	-15.563409568809687	252.8079009021494	
1.9794867733802912	1110.1252843367745	595.8685787421913	34.18534139515096	595.8685787421937	1513.97092093157	84.35486166571074	34.1853413951503	84.35486166571168	248.53060703792826	
2.0344725170852995	-160.64654384329526	305.21342844183033	98.88638420115531	305.2134284418289	-220.82107084679234	107.43250678513839	98.88638420115605	107.43250678514016	184.95933674206245	
2.0894582607903076	2119.92728606227	-225.3916359978363	-87.44383792109866	-225.39163599783728	804.1153018646331	193.66086233247145	-87.44383792109826	193.66086233246972	268.2452176701587	
2.1444440044953157	-938.7929925655418	628.2932760154699	-109.42805109735032	628.2932760154688	653.759404755874	-183.26807336456218	-109.42805109734994	-183.26807336456255	268.86752232759693	
2.1994297482003238	1179.3999389774112	-356.60965262366847	-198.55335149819874	-356.60965262366796	1049.8737368765599	-233.15390183269136	-198.55335149819967	-233.15390183269216	21.12839927102727	
2.254415491905332	2541.1727127089753	-66.94878954972086	23.37934190583363	-66.94878954972081	1655.6252364265426	-311.4477690048099	23.379341905833083	-311.4477690048102	315.39020001706655	
2.30940123561034	-165.51811349538264	33.383241160956246	286.1894674358269	33.38324116095607	231.04797537129943	-158.65871553865648	286.1894674358277	-158.65871553865708	530.4371497597332	
2.364386979315348	515.7968002012519	-230.01044616134885	145.16693630856383	-230.0104461613493	277.84851356898025	-329.07554455053	145.16693630856412	-329.0755445505297	629.0448511628077	
2.419372723020356	40.78029295957843	737.6890468190046	-109.30056813960847	737.689046819006	-225.5198073928002	-258.16175920652324	-109.30056813960802	-258.1617592065231	665.9504326768179	
2.474358466725364	1022.4343421884734	316.2092262534495	370.9998288558515	316.2092262534483	780.5061101018046	40.02254272705375	370.9998288558532	40.022542727053484	354.06175802238437	
2.5293442104303723	-1286.086897370532	-163.50072438534536	449.095087784629	-163.50072438534636	-286.6922692140371	-76.79561417550059	449.0950877846281	-76.79561417550026	65.74633131219638	
2.5843299541353804	1278.5200530961995	143.1801294530811	224.66142011181023	143.18012945308098	545.1085563948601	-0.7789468908036296	224.66142011181012	-0.7789468908038899	-207.28777583739515	
2.6393156978403884	275.00382155637743	1367.2380219752401	-85.42662372073352	1367.2380219752395	-660.1648880427023	-167.86313729763228	-85.42662372073316	-167.8631372976326	195.85341549789806	
2.6943014415453965	888.5851262590728	-922.987857541699	-267.76956818201415	-922.9878575417	-331.83782552127445	-195.10756550509177	-267.7695681820142	-195.10756550509166	335.5815083162958	
2.7492871852504046	336.0090962976284	-100.70063535770933	170.9420695261574	-100.70063535770942	-19.557137101300373	-88.51438215148144	170.9420695261572	-88.51438215148268	244.86006131491138	
2.8042729289554127	-837.5060558880245	236.58177662250952	34.985583207097065	236.58177662250978	1809.0347327971167	-460.8051010938672	34.98558320709695	-460.80510109386717	392.16091912821497	
2.8592586726604208	625.6393160348352	82.43695624631451	125.77701615798362	82.43695624631464	-324.2117712716534	-211.85610253828486	125.77701615798316	-211.85610253828474	517.2158740580768	
2.914244416365429	50.9549340932562	-107.46591007092469	146.7761659590671	-107.4659100709247	-2087.454237306013	175.44592295730078	146.7761659590668	175.4459229573011	185.35100140951542	
2.969230160070437	234.6989578825401	-205.56261329957908	41.498299127133144	-205.56261329957866	501.23316793934487	292.0539028799023	41.49829912713356	292.0539028799023	-80.53073050108087	
3.024215903775445	315.6015313714192	1031.4342020533388	167.3007806043074	1031.4342020533381	121.7413720764641	339.3124129246304	167.30078060430785	339.31241292463005	-75.15055392779622	
3.079201647480453	-125.02455488763611	505.0400379947576	223.14019666526588	505.0400379947576	-762.9654098742255	33.555703673756504	223.14019666526602	33.55570367375636	124.47705888978757	
3.134187391185461	-13.888452021677008	-363.926805351607	50.81617256219857	-363.9268053516073	-810.8415724085162	102.8353600523949	50.8161725621982	102.8353600523952	207.03550478032858	
3.1891731348904693	138.58391748774065	-613.0981119893572	26.11312352096964	-613.0981119893572	857.9101410755143	-43.22502494169637	26.11312352096964	-43.22502494169642	-33.75066821942591	
3.2441588785954774	987.3564339682582	344.5998972233843	-140.45587146065344	344.59989722338366	929.0230554350828	35.8633021062914	-140.4558714606537	35.86330210629159	-142.6549639095556	
3.2991446223004854	91.95087491847931	18.537794735193554	-161.2854488972061	18.537794735193682	201.69503881874365	126.0782431875513	-161.28544889720644	126.07824318755169	-47.72430623496021	
3.3541303660054935	-1006.1194868514506	315.0210836715072	-20.902051064128173	315.02108367150754	289.6680689042039	342.79708530472783	-20.902051064128433	342.7970853047286	-91.16845804253552	
3.4091161097105016	-43.167249486960145	181.75209750312692	-77.38220658277949	181.75209750312703	-69.36028373053426	215.06016352135623	-77.38220658277977	215.0601635213562	25.25394379231224	
3.4641018534155097	161.9162386475492	267.1837771445397	-14.76437172525645	267.18377714453965	-453.5680318995039	78.67831231636477	-14.764371725256547	78.6783123163647	152.1712695895316	
3.5190875971205178	759.9975558933933	-546.6242380903686	449.59952749277005	-546.6242380903686	960.4865000110789	117.10875424346695	449.5995274927699	117.10875424346733	476.98456691470074	
3.574073340825526	-491.6180822479896	-190.44915380069773	382.0505324337789	-190.44915380069818	-884.7826628547	250.00153219943323	382.0505324337786	250.00153219943306	407.59950184531414	
3.629059084530534	-999.204254701168	-477.3959071763831	10.846094700526352	-477.39590717638276	-414.85168925162793	-123.47273223447445	10.846094700526319	-123.47273223447498	462.65140593800874	
3.684044828235542	-302.08896699305234	281.3297583635947	-90.0267179190917	281.329758363595	20.451620440301646	-143.29698420450984	-90.02671791909155	-143.29698420451	577.2786118836725	
3.73903057194055	-55.26296177987324	-18.483845118766933	95.21451236458276	-18.483845118766475	-673.5543294865815	-7.595759465599344	95.21451236458276	-7.5957594655990555	684.6240670586751	
3.794016315645558	938.3710588432288	683.4958106531168	185.01669435007543	683.4958106531167	647.8911737707167	-235.4829378336115	185.01669435007543	-235.48293783361137	686.995123058848	
3.8490020593505663	-2226.032727004788	562.8000495705253	108.08124278446452	562.8000495705256	-806.7108406933404	-101.72405870116083	108.08124278446445	-101.72405870116077	391.97015374749384	
3.9039878030555744	1055.2804443384957	-315.6666519402729	134.6946768609058	-315.66665194027235	471.517917639323	-46.648514926873	134.69467686090584	-46.648514926872956	336.0805064325968	
3.9589735467605824	570.3221556232384	374.6173897704775	379.9383398984088	374.61738977047736	1077.1369839580602	398.4271461484393	379.9383398984094	398.4271461484393	437.8353142766249	
4.013959290465591	698.719830543702	-161.06914462604246	110.63493814025891	-161.06914462604288	-82.77040343809426	551.8567525558664	110.63493814025915	551.8567525558661	447.2522220197982	
4.068945034170599	-196.51515191094452	586.1004936773317	-48.33398262957202	586.1004936773317	-983.6755626365366	227.03955174970332	-48.33398262957228	227.039551749703	443.22063995413646	
4.123930777875607	693.9655713512694	409.93695018984295	-105.0146777727417	409.9369501898429	954.3683726446778	-3.9314333515566986	-105.01467777274205	-3.9314333515567146	555.6161022831528	
4.178916521580615	-111.22067056208606	97.20764792664421	-144.8682613392072	97.20764792664453	1082.9913060777496	332.74161281998335	-144.86826133920695	332.74161281998374	940.8136201556205	
4.233902265285623	577.2004784156378	517.5538236732206	-11.974857186902188	517.5538236732207	484.75359166994133	508.1605311054709	-11.974857186902147	508.16053110547097	830.3069905700831	
4.288888008990631	-254.49459026474216	125.92335659838234	196.12131589641382	125.92335659838221	373.70514749524494	369.1193646807996	196.1213158964134	369.11936468079904	509.30463822786993	
4.3438737526956395	-285.138985028269	-10.439055495288175	58.49000676854328	-10.43905549528881	814.979795042287	254.8842558110591	58.4900067685432	254.88425581105935	-315.62896001228927	
4.3988594964006476	394.40626245078556	-644.6172235095524	-22.787714977268532	-644.6172235095532	-576.8264274513818	413.0275845226467	-22.787714977268514	413.02758452264635	-541.4194271210995	
4.453845240105656	-203.1821888148154	447.2382673406933	-153.3047788242955	447.23826734069416	-86.24417715958852	260.0996694725757	-153.30477882429565	260.0996694725763	-392.12575817605125	
4.508830983810664	52.641193491527176	-388.50905834665195	-145.49495719737013	-388.5090583466512	142.27961356486907	172.01458200245213	-145.4949571973703	172.01458200245273	-46.6437881704295	
4.563816727515672	390.10979898836683	-360.74178678560605	-219.3205425080961	-360.7417867856063	409.44236383724115	217.8645014838143	-219.32054250809634	217.86450148381377	388.2994408752264	
4.61880247122068	-181.12850515303248	134.8385883543757	91.29253032929687	134.83858835437596	-405.8681245492208	9.874121459400422	91.29253032929638	9.874121459400596	261.7104697602339	
4.673788214925688	-94.35067802448987	-235.12273990484576	78.77699510013271	-235.12273990484505	597.548044651193	-121.98217914379082	78.7769951001334	-121.98217914379077	28.627424098088152	
4.728773958630696	109.77195218110413	204.3185288958594	39.34875602134543	204.3185288958597	-73.71705119822639	-25.592337766752884	39.348756021344755	-25.592337766752372	165.6304212988641	
4.783759702335704	59.698740333705004	-578.1004474520274	294.4043767875225	-578.1004474520274	285.17205360293235	137.4463385994785	294.404376787522	137.44633859947825	264.891138469142	
4.838745446040712	-199.3561147457414	-331.72030514062783	156.79551070643947	-331.72030514062857	-179.46051166643107	130.173123061513	156.79551070643944	130.17312306151294	401.3940020007415	
4.89373118974572	-603.6379170585753	775.7092391603362	-67.34363334143055	775.7092391603372	-546.1818781147412	-281.55647121065135	-67.34363334143022	-281.55647121065175	377.33292812814204	
4.948716933450728	1600.5932725069965	-1268.9764066653208	-106.1269584792729	-1268.9764066653213	1065.3067089469637	-495.160753433469	-106.1269584792729	-495.1607534334686	303.45943778911726	
5.0037026771557365	396.8911410384678	613.1833306143029	193.9328186533647	613.1833306143038	89.41179556751254	-236.16976998983333	193.93281865336508	-236.16976998983304	-31.70582017523394	
5.0586884208607446	-1225.607712822186	-1296.5664835714463	108.14457443702327	-1296.566483571447	-886.1036795705821	93.67424428196759	108.14457443702226	93.6742442819671	24.701065172103895	
5.113674164565753	869.9562985073468	-39.985522700066085	-117.66933089732255	-39.98552270006823	262.49027401650955	-18.27131530427296	-117.66933089732306	-18.271315304273244	451.9252418266322	
5.168659908270761	-499.1777829639536	447.04479492069515	290.5655957888705	447.04479492069424	1351.8579386205392	293.74399959185246	290.56559578887027	293.7439995918521	435.75314724763604	
5.223645651975769	1129.7723333561269	-332.56809009851213	-27.574316841854	-332.5680900985108	804.0178735271104	287.1867803031004	-27.574316841853243	287.18678030310014	146.62553307998022	
5.278631395680777	1509.9399172747237	807.8041943515174	-66.8740855343794	807.8041943515171	952.0782213664706	59.9919581760271	-66.8740855343791	59.99195817602818	-120.43448949623138	
5.333617139385785	899.1504302190663	202.07516597745013	-212.91198521422712	202.07516597745152	-141.83802388971262	-36.1789537337443	-212.91198521422842	-36.17895373374463	278.80898382032035	
5.388602883090793	524.4014026615059	-176.02952199555537	-132.57811088369212	-176.0295219955529	687.8371735329346	-78.88053891910054	-132.57811088369056	-78.88053891910037	446.22227467028205	
5.443588626795801	945.5778257479878	162.52028282987752	-166.42790152288225	162.52028282987928	1234.7698847696242	-333.33852078923707	-166.4279015228844	-333.33852078923803	287.0391329631767	
5.498574370500809	264.05023442761075	1668.2902956260168	6.26547663728393	1668.2902956260195	-586.5938992095296	-134.0877416313037	6.265476637284435	-134.08774163130255	196.14642531837393	
5.553560114205817	1446.6665503382433	-550.5046191528957	20.087758269649672	-550.5046191528957	360.50810376607086	-117.55994002483396	20.087758269648827	-117.55994002483267	264.2082907578229	
5.608545857910825	1293.3879673381962	-126.2800540471511	-27.144463357123964	-126.2800540471532	304.74475055812246	109.64781721086489	-27.144463357122792	109.64781721086415	491.8010920354555	
5.6635316016158335	86.88349811561207	-214.19116549676147	126.59773886186083	-214.19116549676124	-663.6955725044633	314.0736605700601	126.59773886186076	314.0736605700601	485.9067316222246	
5.7185173453208415	189.36805693104046	-81.84398380597577	210.58681406090125	-81.84398380596997	49.92293337985645	278.48502418926864	210.5868140609014	278.4850241892698	135.60757505690023	
5.77350308902585	-406.04109506907855	-553.970074649378	15.824054027672698	-553.9700746493794	-465.96796885439875	316.37628063161895	15.82405402767236	316.3762806316189	-165.36678773433124	
5.828488832730858	-2108.0121047141924	-402.2669848812216	-1.5984402648400737	-402.2669848812195	157.32391693837394	104.37236954446543	-1.598440264839725	104.37236954446396	-33.19009268788462	
5.883474576435866	-1663.1487714935245	-479.04142463043377	-74.84151155185599	-479.0414246304362	33.86221008624181	77.69341396803712	-74.84151155185636	77.6934139680381	133.9564594690211	
5.938460320140874	498.1236599792777	-172.9577294971765	-280.8900627206535	-172.957729497173	270.8759065419733	-49.49785883499197	-280.89006272065365	-49.497858834992705	147.91334069849984	
5.993446063845882	-1150.9927010891918	813.2384454780055	-46.56794675150963	813.2384454780068	-394.9382753491896	-167.79646060807002	-46.56794675151194	-167.7964606080695	-17.971701732196816	
6.04843180755089	748.7441782861423	-737.5529052176103	83.37488423377782	-737.5529052176066	114.62282159565741	76.6686430464333	83.37488423377869	76.66864304643227	150.2339765322521	
6.103417551255898	-406.49142573262804	-78.24843951857035	-121.19524213731694	-78.24843951856998	241.21586008704756	170.8751941910795	-121.19524213731688	170.8751941910787	386.304659876125	
6.158403294960906	748.4515460235958	-517.1031804794625	13.511765960513165	-517.1031804794621	137.24660693017708	91.20433516816458	13.51176596051626	91.20433516816459	464.25192724879554	
6.213389038665914	-982.5669887980484	122.68600723732338	-94.07351881653398	122.68600723732156	762.8707859521397	-159.86028405034122	-94.0735188165354	-159.86028405034205	190.80733587469456	
6.268374782370922	-676.3819312079851	-25.193366934428973	-274.3986595111489	-25.193366934428525	-920.4883620808741	-70.22774616641536	-274.3986595111475	-70.2277461664157	69.00825245438526	
6.3233605260759305	76.87804176067786	-288.9603104942018	-133.95303384450062	-288.960310494201	239.49748539997609	-51.22680087023662	-133.95303384449778	-51.22680087023504	161.913276196955	
6.3783462697809385	-104.11822382929488	10.017606103377311	31.27174432179613	10.017606103380347	513.9747300772153	-256.7764059468619	31.271744321794024	-256.77640594686505	235.91990172411752	
6.433332013485947	-845.743027973897	-471.80291438074204	47.74681863995885	-471.80291438073846	74.70909398021864	-301.2831565822059	47.746818639960146	-301.2831565822061	303.0129605574138	
6.488317757190955	-476.7925315463389	-195.98851049931523	-191.23123845967442	-195.98851049931577	1149.7451704723571	-218.43596236233435	-191.2312384596739	-218.43596236233452	367.37509126024935	
6.543303500895963	-569.502533963323	-207.3072295873234	-181.72795521803593	-207.30722958732272	-286.8473257399947	-195.57725454361685	-181.72795521803602	-195.57725454361687	315.0888558207329	
6.598289244600971	-245.20352194081332	-308.5436239815681	40.09098213552389	-308.5436239815729	356.13265233441	-109.91781025000176	40.090982135523376	-109.91781025000256	360.7345975106263	
6.653274988305979	589.3504541261603	6.694154321907567	293.6619462129908	6.694154321907307	483.07960848245136	-108.6238495619678	293.66194621298825	-108.62384956196807	388.04004461055075	
6.708260732010987	-1020.2382535720129	475.94092235242425	340.0387823392608	475.94092235242596	-157.89721820493935	-153.73102165199228	340.0387823392621	-153.73102165199168	366.0645256779804	
6.763246475715995	134.3468080071516	211.11894726077065	261.2335008383195	211.11894726077233	1268.885055237016	-185.8722862662035	261.2335008383168	-185.87228626620274	444.82798860430364	
6.818232219421003	459.96745721377897	-441.80207575387743	64.23922034204752	-441.80207575387396	448.1478001553527	-106.25069032090117	64.23922034204585	-106.2506903209013	370.3756666894684	
6.873217963126011	521.5911142124559	565.3573535175116	65.85629998888321	565.3573535175115	669.6750540359004	-116.43883140091975	65.85629998888281	-116.43883140091954	320.2610825476056	
6.928203706831019	-500.55817423993994	-20.696729413871754	118.31691876907458	-20.696729413871168	426.61405652004305	-122.38911126772267	118.31691876907308	-122.38911126772274	284.9060667379737	
6.9831894505360275	-83.26958755273941	45.167741991934626	110.75844979677032	45.16774199193258	-554.2328710033194	-58.447581979969456	110.75844979677095	-58.44758197997282	255.83663586073962	
7.0381751942410355	-384.7622579388881	-271.217491054873	141.07729736618364	-271.2174910548703	981.0597418877018	-117.19934305231995	141.07729736618595	-117.1993430523197	382.1217145166378	
7.093160937946044	-336.59952709120154	98.44472219108815	189.34883763163188	98.44472219108661	181.79737986465898	-8.395905392921078	189.3488376316327	-8.395905392922478	265.27747911259263	
7.148146681651052	-613.6443481697759	-392.17560121561286	99.23928132186417	-392.1756012156106	-445.8483033570098	96.96533850453349	99.23928132186266	96.96533850453454	205.01096561901784	
7.20313242535606	-431.3475962913663	-551.1540202942499	86.60963643830392	-551.1540202942473	913.7333446576228	-50.4193893656284	86.6096364383033	-50.41938936562659	210.70366439650957	
7.258118169061068	-260.05660773907937	352.2524322307813	58.29975830575932	352.2524322307833	-588.1361371116964	-111.24399480290631	58.29975830575855	-111.24399480290455	133.7239932691655	
7.313103912766076	-313.80284532047824	-439.86015163330785	103.11973967913968	-439.86015163330876	361.3607718752633	-159.97414971305815	103.11973967914176	-159.97414971305832	79.39497321413317	
7.368089656471084	272.3943251924942	-274.09024792840853	97.017619683679	-274.0902479284093	-819.5535741982013	-110.55832563169959	97.01761968367826	-110.55832563170006	94.8152394911422	
7.423075400176092	-355.8731369611315	-274.27399091206763	-23.136448296989222	-274.273990912068	-700.5607526243522	-32.74057350941938	-23.136448296989084	-32.740573509418894	40.34324141274218	
7.4780611438811	327.7477218351829	114.593018500545	-21.349320756050343	114.59301850054399	-362.2015558571462	116.87540273560194	-21.34932075605143	116.87540273560467	-123.49865465369757	
7.533046887586108	-158.79603478935675	281.5060447453199	49.26539517792694	281.5060447453233	-592.7647028168418	96.71288306153141	49.26539517792508	96.71288306153018	-100.626030552936	
7.588032631291116	968.923583932515	385.6299581062042	-57.416600370842005	385.62995810620515	99.92709309005856	1.9375378633190063	-57.41660037084438	1.9375378633165123	-119.85365324174953	
7.6430183749961245	115.48357356517216	396.86878891754105	62.951295337501975	396.86878891754293	502.62048205944956	-0.47270992606052376	62.95129533749925	-0.4727099260593683	-149.02024249548785	
7.6980041187011325	456.09566317400373	227.2290381809498	27.77157901740396	227.22903818094665	-1191.354552290953	-29.944864495639983	27.771579017403997	-29.944864495640225	-86.43546296408915	
7.752989862406141	-482.5200528958066	102.48073827526315	16.13636421220098	102.48073827526474	311.12054451852504	17.059427513318013	16.1363642121982	17.059427513318994	-46.23096500949209	
7.807975606111149	1190.0478955083756	150.89166647581712	-33.50931020671815	150.8916664758173	-7.670263142935156	66.40305907422508	-33.50931020671771	66.40305907422542	4.392834887083684	
7.862961349816157	-165.38351779314084	-184.79922154790353	-65.8995362965623	-184.79922154789887	618.8000408513548	-102.5914292714279	-65.89953629655776	-102.59142927142723	-19.050407446683842	
7.917947093521165	-77.77665656557113	87.97231791972771	-32.3045990568218	87.97231791972605	113.03398718058874	-21.64245087019392	-32.30459905682171	-21.642450870194185	-63.16255316974877	
7.972932837226173	425.79392759899264	410.8333607319573	-95.01708543581768	410.83336073195363	852.1959791400345	31.27340022179163	-95.01708543581886	31.27340022179035	-209.35354156025986	
8.027918580931182	-741.0284031971831	-49.06653012941296	-42.42951181249306	-49.06653012941383	64.31307141062541	122.00241426249733	-42.4295118124919	122.00241426249735	-213.4875578940678	
8.08290432463619	1558.516539884117	555.0327347405934	25.170989640643267	555.032734740592	718.5172550026725	107.29754267928516	25.170989640641274	107.29754267928537	-245.64140303375962	
8.137890068341198	-1059.795266989821	-524.6724320023612	38.75263202875424	-524.672432002359	-426.74332940018274	-59.78870398296059	38.75263202875531	-59.78870398296243	-235.5143915359135	
8.192875812046205	23.393269666500437	733.3376621196288	74.29934076918221	733.3376621196296	-376.69390637725144	44.538266741915585	74.29934076918255	44.53826674191664	-242.16507917751957	
8.247861555751214	1103.2769939936486	-480.8546041839831	146.80865943084558	-480.85460418398156	1222.768424512852	151.5865507162591	146.80865943084763	151.58655071625844	-186.3110764995101	
8.302847299456221	-651.5121315836553	301.8909880476345	190.8767870574698	301.8909880476353	32.34666569360395	24.413727607136856	190.8767870574694	24.41372760713634	-187.2646325034865	
8.35783304316123	731.2976336264355	250.4363889572073	191.52798476050486	250.43638895720815	305.09910042456573	-8.021924739972661	191.52798476050845	-8.021924739972487	-147.08328002234603	
8.412818786866238	107.14790835526692	-545.7211210396206	117.2609354688173	-545.7211210396191	883.0069062914708	120.19335699397324	117.26093546882008	120.19335699397186	-85.11841750036896	
8.467804530571247	628.4129780854072	22.916005499962484	78.65940175135687	22.916005499963884	-23.3054641803534	114.56694875257624	78.65940175135867	114.56694875257726	-66.8033697793591	
8.522790274276254	642.872140055353	149.80155438342086	0.5246499719839369	149.80155438342203	470.97506547905607	143.71207304715315	0.5246499719846388	143.7120730471521	-33.34157058456895	
8.577776017981263	577.108244039473	298.09386725561325	-76.21079102685863	298.0938672556096	232.4843069958641	217.91263185818397	-76.21079102685744	217.91263185818204	-128.8752415872424	
8.63276176168627	656.9722605384198	15.219746437309077	-45.86624490028449	15.21974643730965	-75.42620623272902	112.7772325472235	-45.8662449002834	112.7772325472239	-245.04231063304545	
8.687747505391279	-206.82434771937926	367.11619874929016	-117.72794010793027	367.11619874928886	550.5833410370227	109.9127007298965	-117.72794010793066	109.91270072989576	-148.81070954722765	
8.742733249096286	549.8207398790664	-126.87558163717006	-115.88908489175417	-126.87558163716909	281.70055964641125	-31.20734891698208	-115.88908489175451	-31.20734891698244	-26.20792440137142	
8.797718992801295	232.28250057716872	957.7574924697375	-207.74063287081458	957.7574924697354	-343.295058479909	38.36791998789528	-207.74063287081393	38.367919987899654	-28.90232165273604	
8.852704736506302	-234.40809450619045	95.46004134299304	-213.8841132069743	95.46004134298948	1018.0820699276475	122.44295015932389	-213.88411320697708	122.44295015932553	-190.6414494855456	
8.907690480211311	878.3322499877589	-355.73385345365983	-102.05291744843653	-355.7338534536562	-222.33520188293983	257.9468240393528	-102.0529174484378	257.9468240393543	-316.2886441735052	
8.962676223916318	-165.592656457394	193.75690592697183	19.955208310539042	193.75690592697137	-173.91659681912762	80.34327801513189	19.95520831054168	80.34327801512849	-386.3991051875075	
9.017661967621327	55.88433329488345	209.45656333887413	189.30780941251618	209.45656333887368	333.17269614074115	-50.079055307541736	189.3078094125134	-50.07905530754292	-297.1575363675657	
9.072647711326335	1105.1254279429124	-13.979050554255942	186.19420850089745	-13.979050554255616	57.16365048393479	-4.953233783365798	186.19420850089523	-4.9532337833656435	-219.30358855776373	
9.127633455031344	-1008.2105022905874	88.21119102285458	61.63832761651738	88.21119102285422	-272.21329475630404	27.061110786806523	61.63832761651935	27.061110786804406	-244.6615984332694	
9.18261919873635	82.90621370099616	-7.763058020194803	17.234828917847846	-7.763058020196788	-460.15788643910327	29.067235579563253	17.23482891784698	29.06723557956268	-379.6198827276965	
9.23760494244136	-38.47744216017094	-396.02179805640685	-50.086399852938634	-396.0217980564047	-280.5807575587997	-23.508175327053483	-50.08639985293673	-23.50817532705251	-477.32124928230144	
9.292590686146367	549.0640584155425	535.0252954870252	-104.41255500071038	535.0252954870227	168.30249786250826	146.62170720851623	-104.41255500070658	146.62170720851714	-312.1031984001986	
9.347576429851376	519.3524614350912	84.18405368999706	-31.024112308996614	84.18405368999753	487.62916817151046	73.40628633089742	-31.02411230899768	73.40628633089575	-237.03897753847266	
9.402562173556383	763.60235490997	328.9672747478318	-0.9211319317317813	328.9672747478311	564.7690349175019	22.731053795242822	-0.9211319317327415	22.731053795243994	-173.86587917565086	
9.457547917261392	705.5968742763298	-131.32349478958363	18.283943841494988	-131.3234947895803	-110.9653932900256	13.031554434730012	18.283943841495248	13.031554434732389	-124.74023531725236	
9.5125336609664	250.82354252368734	326.7344751109934	-137.2030450619887	326.73447511099806	599.8286998266672	-29.740017406123822	-137.20304506198994	-29.740017406124153	-56.19440101473825	
9.567519404671408	876.6263641461934	83.90366903519826	-172.05703364330904	83.90366903519678	393.573961012025	-56.20616653702001	-172.05703364330947	-56.20616653702005	-24.018334817638014	
9.622505148376415	-276.9178071624081	457.24456242485394	-36.818870333546904	457.2445624248485	624.2219717272326	10.952804094029414	-36.81887033354863	10.952804094028478	-87.75599080064227	
