# Stress in units of bar (10^5 Pa)
# z	Sxx	Sxy	Sxz	Syx	Syy	Syz	Szx	Szy	Szz
0.0	257.1138197128889	-258.8766524869225	68.01506147708585	-258.8766524869226	503.9734633382832	-2.316720370575018	68.01506147708584	-2.3167203705748936	174.38729651270677	
0.055341420315649814	278.2507564218715	-326.7887498457353	71.86418909189501	-326.788749845735	455.7829519675052	-21.30604937168732	71.86418909189527	-21.306049371687052	174.77831911925443	
0.11068284063129963	255.3745484738404	-355.5807955932749	75.22959027743758	-355.58079559327405	348.5265933730988	-27.711770419833123	75.22959027743815	-27.7117704198329	161.9290145969204	
0.16602426094694944	203.78040689553453	-349.0793467044714	74.63622409305206	-349.0793467044702	217.77210427810817	-25.808217715536063	74.63622409305303	-25.808217715536028	129.00434278534937	
0.22136568126259926	147.68845747935188	-321.0098325492057	68.09853683304036	-321.0098325492043	85.46723931038692	-21.01159626454279	68.09853683304162	-21.011596264543016	75.8091885070453	
0.27670710157824907	97.56998698321263	-284.49090479092933	54.22259420634889	-284.49090479092797	-47.89402075140664	-14.66875662072119	54.222594206350124	-14.668756620721668	12.928067572796056	
0.3320485218938989	50.11790019730219	-247.62385152213625	32.320109727647456	-247.62385152213523	-186.18737036059315	-3.6855439438020845	32.320109727648365	-3.6855439438027435	-41.74738245828311	
0.3873899422095487	3.0092166606331716	-212.28762185806704	4.330799467823129	-212.2876218580664	-321.13680139987923	14.749847175990293	4.330799467823585	14.74984717598953	-72.95830539614656	
0.4427313625251985	-37.15319148072915	-178.78668061436045	-23.808470526985946	-178.78668061436005	-429.98116351280805	39.291768420166804	-23.808470526985815	39.29176842016602	-77.30450497083656	
0.4980727828408483	-61.38182312696306	-151.88176124884376	-44.633801537490086	-151.88176124884342	-483.84122542151493	65.37099447183127	-44.63380153749006	65.37099447183056	-64.65485033329126	
0.5534142031564981	-65.67145904895968	-135.35999874653675	-54.843074216047455	-135.3599987465362	-464.87402141361486	88.75963258916752	-54.843074216047356	88.75963258916698	-50.31576754561013	
0.608755623472148	-49.44464210488785	-120.99304305573736	-58.3942729450192	-120.99304305573659	-382.8572559979316	107.89523046050368	-58.394272945019054	107.89523046050329	-43.86125761543908	
0.6640970437877978	-12.149093739699268	-93.48906281899085	-62.50915331055178	-93.48906281898982	-274.92511852606845	123.83290525032609	-62.509153310551596	123.83290525032581	-43.45126622546117	
0.7194384641034476	42.360288593740385	-49.6832136904915	-70.10920161967675	-49.68321369049037	-184.81797560648496	139.37632386012834	-70.1092016196765	139.37632386012805	-39.371088589474084	
0.7747798844190974	100.47854905860218	-2.6773958817805807	-76.6420204900055	-2.677395881779399	-138.63585435857252	158.46767869998	-76.64202049000514	158.46767869997976	-21.833137303664937	
0.8301213047347472	142.47412297086677	35.44798167321552	-73.77277765846206	35.44798167321668	-133.17949832270943	184.44295180716443	-73.77277765846162	184.4429518071642	14.801158488140404	
0.885462725050397	152.312929404269	66.6100052958965	-55.07564548770728	66.61000529589755	-143.43152456989048	215.81560319976376	-55.075645487706915	215.81560319976347	73.26064853381223	
0.9408041453660468	125.81602110952744	101.4608010516705	-18.95564448150748	101.46080105167123	-140.6561359303592	243.3625628731852	-18.955644481507353	243.3625628731847	154.8967565010972	
0.9961455656816967	71.34403742828118	147.55701525864552	30.902305843767387	147.55701525864578	-108.64684932620409	254.4417588504084	30.902305843767238	254.44175885040767	256.5804516448161	
1.0514869859973466	1.6977921330954047	202.17674244767514	85.75815287647568	202.1767424476748	-51.420487398313554	242.70565341537372	85.75815287647531	242.7056534153727	365.1943233283255	
1.1068284063129963	-74.21332627907637	250.08014504213236	133.60373348007974	250.08014504213176	11.411520389247471	213.39666074253049	133.60373348007928	213.39666074252946	457.91632295348734	
1.162169826628646	-147.29343976995864	269.85749263965664	163.78127843250928	269.85749263965585	62.487868091788016	179.03976547693136	163.78127843250883	179.03976547693048	512.4808703150055	
1.217511246944296	-198.22877742634162	251.0785902047764	172.26880397578657	251.07859020477537	103.53736142523053	150.0621562132133	172.2688039757863	150.06215621321275	519.8320254855801	
1.2728526672599458	-204.8570674964933	209.25926948707772	163.54562211952643	209.25926948707655	148.35836758785973	127.6641089483295	163.54562211952646	127.66410894832913	486.34281953427757	
1.3281940875755955	-162.07271718360693	179.5998631754494	147.53012824254256	179.5998631754482	202.64853793622606	104.65466091659398	147.53012824254282	104.65466091659381	424.21851619543224	
1.3835355078912452	-91.20139494280969	189.56152151989625	134.24836027767566	189.5615215198953	256.0386666221217	74.4442072438583	134.24836027767594	74.44420724385827	343.86145825310587	
1.4388769282068952	-30.41094321261363	233.48558675715782	129.60122355190092	233.48558675715714	289.01561476373126	39.504623418305464	129.6012235519011	39.50462341830564	258.2819516807524	
1.494218348522545	-13.406296778172418	274.27221252652566	131.4804851289795	274.2722125265251	291.59672883375083	9.982488947891259	131.4804851289797	9.982488947891659	190.17931696388115	
1.5495597688381948	-43.48727407996512	275.11759145461804	125.7772543219454	275.11759145461747	284.42734875986275	-5.776573157820415	125.7772543219455	-5.77657315781984	164.77601201349344	
1.6049011891538445	-84.17982312817634	234.1140562886457	89.14740525077151	234.11405628864503	310.05998603279704	-9.26535879071142	89.1474052507715	-9.26535879071076	189.7618359657401	
1.6602426094694944	-90.54378672397758	188.36519479182806	3.942838361298733	188.36519479182743	382.82681941528904	-10.538530396904704	3.942838361298673	-10.538530396904076	242.8263632504653	
1.7155840297851443	-52.0456354120989	181.39917802775602	-124.59766726979784	181.3991780277557	459.46978786949416	-16.68182242579578	-124.59766726979788	-16.681822425795215	281.0469521541644	
1.770925450100794	15.305881450133171	223.10914401194026	-264.6856704646836	223.10914401194017	486.44382906612043	-20.501256281378808	-264.6856704646836	-20.50125628137836	265.8596366205501	
1.8262668704164438	113.57392432062464	277.1160557483992	-370.4407041371454	277.1160557483991	473.09491524838273	-4.242036639845255	-370.4407041371453	-4.242036639844969	186.92355063270753	
1.8816082907320937	262.1856875281773	288.14457802192555	-402.35716341761236	288.14457802192527	491.8764610990771	42.199059459047405	-402.3571634176121	42.19905945904753	69.94307104648357	
1.9369497110477436	450.0093385497315	231.30298343758403	-347.3959423010348	231.30298343758355	599.0712269318045	107.36400012075669	-347.39594230103444	107.36400012075674	-39.83411047832678	
1.9922911313633933	625.108438733528	134.65423155543283	-228.83285182401204	134.65423155543237	768.901939772714	162.84226230766015	-228.8328518240117	162.84226230766015	-109.54966674060691	
2.047632551679043	742.7540317189854	44.139838888485954	-97.02532474006587	44.139838888485656	912.5137263815211	181.998013843789	-97.02532474006559	181.99801384378893	-138.99503136395217	
2.102973971994693	798.0755674496108	-27.13960714698392	-3.6813121116205565	-27.139607146983934	956.4991583966969	158.74523409888332	-3.681312111620393	158.74523409888323	-150.8724812896454	
2.158315392310343	804.4524339783966	-96.54789966230575	27.394143044612505	-96.54789966230561	901.979165639976	112.86894733671699	27.39414304461249	112.86894733671684	-164.76046061462003	
2.2136568126259926	764.7487031085066	-166.90951791288876	15.552511749460823	-166.9095179128885	806.2646210161092	76.18713425491728	15.552511749460718	76.18713425491717	-182.40644665823228	
2.2689982329416423	674.6406481861991	-211.02374173960004	7.560179437267337	-211.02374173959979	714.2220284888041	69.18568660451596	7.5601794372671876	69.18568660451595	-192.5789509542609	
2.324339653257292	542.4795059247047	-206.3311136293503	34.27776727990731	-206.33111362935009	632.3742112297732	87.97829897694925	34.27776727990715	87.97829897694939	-180.8163505322867	
2.379681073572942	393.76967217959304	-167.00291803714768	78.73151335062121	-167.00291803714748	560.3782101146875	113.46009598232746	78.73151335062099	113.46009598232773	-134.24676548676115	
2.435022493888592	257.052747906518	-131.2139433874536	94.20176535162675	-131.2139433874534	505.26416504546387	133.18562789907767	94.20176535162642	133.185627899078	-47.50382107132498	
2.4903639142042415	146.77931167914244	-121.26620725657386	54.66231206094609	-121.26620725657367	462.5766439695935	151.75776020781814	54.66231206094568	151.7577602078184	68.64965018975693	
2.5457053345198917	57.57198036494845	-123.76975864151186	-20.351752041101363	-123.76975864151169	414.1784597867237	179.02762654494626	-20.351752041101758	179.02762654494637	186.75697420005338	
2.6010467548355414	-21.603179044636455	-110.4935585660001	-89.45875511592851	-110.49355856599998	348.0292434044938	213.96532698045783	-89.4587551159288	213.9653269804578	275.608195075106	
2.656388175151191	-84.71758682417304	-72.58841559696185	-126.86104490068287	-72.58841559696178	264.4281022034684	244.2002308567328	-126.86104490068301	244.20023085673267	316.99687744466826	
2.711729595466841	-108.71269657816926	-29.66086856408058	-134.70604728663972	-29.660868564080587	163.40649727051277	256.0390560535101	-134.70604728663977	256.03905605350997	312.8453529215982	
2.7670710157824905	-85.99136301046036	-7.608485748626904	-129.8624772055204	-7.60848574862699	36.62667232526846	241.9321598734587	-129.86247720552043	241.93215987345855	278.2796598959853	
2.8224124360981406	-44.012794400062155	-12.35045582978924	-125.38408305585016	-12.350455829789375	-117.50819310372196	205.88183653089743	-125.38408305585023	205.88183653089732	229.0711415097219	
2.8777538564137903	-16.2391425559062	-27.077339732000127	-120.2094678278039	-27.077339732000254	-263.71121097343837	165.75478877229855	-120.20946782780408	165.75478877229853	177.2258731084342	
2.93309527672944	1.729719026164645	-31.396761895877	-102.84641090772621	-31.396761895877177	-328.93212319189104	141.29015945870793	-102.84641090772647	141.290159458708	136.6195647147746	
2.98843669704509	40.555521844263865	-21.317866355963563	-67.0906591594791	-21.317866355963734	-260.8681617816163	131.9522823787231	-67.0906591594794	131.95228237872323	125.56044384024189	
3.04377811736074	94.16938119486184	-9.337649187118934	-23.56635862049144	-9.337649187119098	-89.57223975050087	111.34065770821192	-23.566358620491723	111.3406577082121	157.28613673797264	
3.0991195376763896	98.5968945739229	-3.600120830864846	7.539543488393466	-3.6001208308650057	90.95667420008121	52.62673920087136	7.539543488393253	52.62673920087157	226.23219731371483	
3.1544609579920393	0.14741315755077267	7.15519835586095	13.424006644891225	7.155198355860838	206.7152723985323	-37.88410726833153	13.424006644891083	-37.884107268331306	305.10283371292667	
3.209802378307689	-169.55975977562647	37.349515909912604	-4.766332057311444	37.349515909912554	250.81080494471203	-116.5967637987616	-4.766332057311516	-116.59676379876136	358.839914941737	
3.265143798623339	-311.05717869838395	77.24895250964815	-36.654030123129786	77.24895250964818	250.5615457292866	-136.60629614429487	-36.65403012312984	-136.60629614429462	366.1839229438486	
3.320485218938989	-344.926600953168	97.17704318460775	-66.55277292275346	97.17704318460784	220.80792846112635	-87.10261509492844	-66.55277292275353	-87.10261509492821	332.6917655176137	
3.3758266392546386	-269.82219288368117	82.25805184730896	-76.93965488574872	82.25805184730912	165.94353431195984	0.8739851137016057	-76.93965488574882	0.8739851137017878	285.2957995250887	
3.4311680595702887	-149.83160816824375	51.23617898691131	-57.938533925250844	51.23617898691147	99.39783698982947	83.41867524606187	-57.938533925250965	83.41867524606201	253.27359162899756	
3.4865094798859384	-68.09244987699832	37.04309362303172	-14.768936925264406	37.04309362303189	32.28620874097672	134.16941647053523	-14.76893692526452	134.16941647053534	251.31232561773868	
3.541850900201588	-80.88647764573517	56.77926492488872	37.62304043681904	56.779264924888835	-47.18391095286211	152.25103312786126	37.623040436818954	152.25103312786135	275.46422290814075	
3.597192320517238	-185.58730358875104	102.31720119841927	84.26539891638758	102.31720119841927	-159.29029161831664	152.272129150529	84.26539891638754	152.27212915052905	308.7283662668893	
3.6525337408328875	-323.86256633975086	150.62084661798454	110.91594946011267	150.62084661798457	-295.2373242663918	149.72132394208924	110.91594946011267	149.72132394208927	328.67826689262495	
3.7078751611485377	-423.8858785569621	176.5557522632987	102.7893661497078	176.5557522632987	-406.8731202463056	150.7621790539458	102.78936614970786	150.76217905394586	316.1147105151175	
3.7632165814641874	-444.1471202407829	162.4282364867999	54.44618671856329	162.42823648679988	-445.22110720528156	152.68851601785846	54.44618671856335	152.68851601785855	265.4466865408426	
3.818558001779837	-381.58729393114515	107.36011603370801	-16.2045029645717	107.36011603370795	-404.8991557095233	151.40195907138587	-16.20450296457163	151.401959071386	190.14044783782936	
3.873899422095487	-256.58850966892743	30.484872145900702	-69.87592456003529	30.48487214590067	-320.24760667176986	143.44618290607968	-69.87592456003519	143.44618290607986	115.46891092850186	
3.929240842411137	-103.92401917546545	-39.120396701393844	-69.67889297968418	-39.12039670139389	-220.91179185958376	121.57080789230184	-69.6788929796841	121.57080789230206	63.54277803202438	
3.9845822627267866	32.44992224281886	-78.60189433996001	-9.896493080695798	-78.60189433996007	-107.72820236907668	77.90860372516909	-9.896493080695723	77.90860372516934	44.76527162748513	
4.039923683042437	117.47173420343174	-81.5279905846255	75.74489808251168	-81.52799058462557	22.727419150676553	17.270080278066587	75.7448980825117	17.27008027806682	60.32105906478121	
4.095265103358086	147.42396049129547	-60.80636795632856	137.85910024892877	-60.806367956328636	145.61044994661796	-39.08135999718401	137.85910024892877	-39.08135999718381	105.84905881842009	
4.150606523673736	147.83359928777753	-42.951331244112865	149.79995500613262	-42.95133124411297	217.12473653237262	-69.69245426313518	149.79995500613254	-69.69245426313503	168.37739185631193	
4.205947943989386	142.74432684889783	-52.29117602401192	125.193439343433	-52.291176024012074	217.42820285921238	-69.8828569523516	125.19343934343289	-69.8828569523515	224.15276196189586	
4.261289364305036	128.93182860916542	-94.62764655170541	98.01623679454976	-94.62764655170557	169.97250366162302	-50.35792395956802	98.01623679454961	-50.35792395956788	249.19980486584353	
4.316630784620686	85.09093494339227	-156.59522250658833	88.33271815922718	-156.59522250658853	108.8226177755333	-26.555731943009	88.33271815922703	-26.555731943008784	236.80410526341015	
4.371972204936335	2.6248607445112953	-218.19886519181586	89.70706009640575	-218.19886519181594	39.580872223973785	-12.662391040979365	89.7070600964056	-12.66239104097905	201.54010094900366	
4.427313625251985	-100.05000634806771	-263.6464443825217	85.8903837861721	-263.6464443825218	-52.08301354149905	-16.35052231675698	85.890383786172	-16.35052231675657	163.41029858703598	
4.482655045567635	-198.35871716632545	-283.5776204531519	73.32122907365144	-283.57762045315195	-164.2985198915654	-31.521923610977368	73.32122907365138	-31.521923610976913	129.38641331588622	
4.5379964658832845	-289.9600002546461	-273.4268368829256	65.15429495315233	-273.4268368829256	-268.70914600126866	-40.888488110691796	65.15429495315239	-40.888488110691355	90.78977973161707	
4.593337886198935	-376.4045164089186	-231.13178928704207	74.81318810445113	-231.131789287042	-329.4139211081723	-31.86382665299834	74.8131881044513	-31.863826652997965	38.23636165476774	
4.648679306514584	-402.1189263314395	-151.4144548198821	98.82288128011083	-151.41445481988194	-321.9311512606662	-8.351753209840101	98.82288128011108	-8.351753209839789	-18.932131748148336	
4.704020726830234	-262.362245345313	-29.727538331337513	119.32532377513284	-29.7275383313372	-244.58584366736176	15.176836445795038	119.32532377513314	15.176836445795288	-50.62713855515128	
4.759362147145884	58.61371201373504	112.26842350670351	122.95818469627245	112.26842350670412	-126.84312010628886	28.13091524277347	122.95818469627277	28.130915242773646	-31.42546701935523	
4.8147035674615335	393.2186442813859	213.6789790158015	114.29773224920525	213.67897901580207	-19.402362857745487	29.877161764906567	114.2977322492056	29.87716176490666	31.028980261612467	
4.870044987777184	537.2495819562598	218.74392726326985	111.53019056973307	218.7439272632704	44.050140506715096	25.626525281531084	111.53019056973342	25.626525281531073	99.68198017432903	
4.925386408092834	476.89790010575484	139.2904514582035	130.99746644629923	139.29045145820368	77.85450735943539	22.574642222073486	130.9974664462996	22.57464222207341	140.4499729893925	
4.980727828408483	376.91821780180396	46.81620458900818	172.94676260312357	46.81620458900818	134.6535039323357	29.923536172423614	172.94676260312394	29.923536172423603	146.95805237552048	
5.036069248724133	373.70414783868466	0.7216906317176637	219.41472629618826	0.7216906317174132	265.6668110171007	55.98477154173646	219.41472629618863	55.984771541736585	138.12421274945805	
5.091410669039783	471.4555089093383	4.864196230564815	247.7818543286056	4.8641962305645166	474.2736014514388	100.34746495373486	247.78185432860596	100.34746495373517	141.56570032592165	
5.146752089355433	598.7888186184185	25.353022752637116	247.43613653473489	25.35302275263672	694.5591086352377	149.40991363821962	247.43613653473523	149.40991363822008	180.1415713090652	
5.202093509671083	678.1619685460709	27.04678939829654	223.73786492289975	27.046789398296227	834.5339894636937	181.6757555106277	223.7378649229	181.67575551062816	263.0444267395906	
5.257434929986732	661.4275169536841	1.4636538391870033	190.62093804814086	1.463653839186776	850.4981165138904	178.935481243208	190.620938048141	178.93548124320836	377.57396425423286	
5.312776350302382	561.5046227102144	-27.755384522623352	161.58412086019354	-27.75538452262351	764.7486833574569	136.79964198924293	161.58412086019354	136.79964198924313	489.37162696810753	
5.368117770618032	445.53421356743036	-32.10516993967454	141.15873269832096	-32.105169939674596	624.32765468948	71.07908573637113	141.15873269832088	71.07908573637118	561.1548800250762	
5.423459190933682	368.72882099266843	-10.618471606169066	120.34952387990955	-10.618471606169095	468.2049529562772	13.238234647606006	120.34952387990941	13.238234647606049	578.5089229310948	
5.478800611249332	321.6621369247464	13.704646885529968	85.48003102504322	13.70464688552994	315.86150391427236	-9.228896428862903	85.48003102504308	-9.228896428862768	556.254333667709	
5.534142031564981	257.6169915546843	25.72410062446825	35.687295967318626	25.72410062446822	165.83413016546956	7.47264291953921	35.68729596731852	7.47264291953948	519.3455857467748	
5.589483451880631	157.69409681643023	34.194050934700314	-12.248228036364974	34.19405093470017	15.254050313569174	45.44457361358347	-12.248228036364974	45.4445736135838	481.71276471582144	
5.644824872196281	44.46555039787919	56.10237780627144	-38.731430352856194	56.10237780627128	-122.1544714276787	84.90898276034699	-38.7314303528561	84.90898276034731	443.9875569871976	
5.7001662925119305	-59.741331516551185	92.27923718116135	-36.74113158198351	92.27923718116124	-231.64636611627955	115.5958308843291	-36.741131581983424	115.59583088432946	404.83437282170223	
5.755507712827581	-154.96620197567938	122.51415654024221	-11.68921881558193	122.51415654024217	-312.99040841580177	130.831620995023	-11.68921881558203	130.83162099502343	367.82504595594	
5.810849133143231	-243.85158613812953	123.80296280709189	27.34408133146353	123.80296280709189	-364.18649483908837	123.4423416821341	27.34408133146312	123.44234168213458	336.9482570521697	
5.86619055345888	-320.7822322790912	92.73777092511484	72.23941487050004	92.73777092511496	-367.1332463254598	95.15507312263065	72.23941487049932	95.15507312263128	309.9705026990282	
5.92153197377453	-387.07593464409865	49.766000842127525	116.2073450573671	49.76600084212781	-307.23770688828404	63.242585395133624	116.20734505736618	63.24258539513435	280.02967622089204	
5.97687339409018	-450.1312005923769	19.837729539010247	154.39111698378554	19.837729539010823	-197.8260646891372	48.65387163058022	154.39111698378457	48.65387163058102	243.29906612970984	
6.03221481440583	-494.4897545710786	8.966831476518147	183.20276855050992	8.9668314765191	-76.61884175668328	57.39558172583457	183.20276855050898	57.39558172583542	203.60567769911017	
6.08755623472148	-477.4534075479286	1.8936621785456964	198.43370644869236	1.8936621785469754	16.38541314812062	77.31416841003323	198.4337064486915	77.3141684100341	169.94395989440915	
6.142897655037129	-377.9135987288779	-15.919188580813454	196.9509415890294	-15.919188580812033	58.3637555238963	92.08366975725517	196.9509415890289	92.08366975725598	149.26035340058496	
6.198239075352779	-231.95376751772486	-38.84305874346478	181.18932212125685	-38.84305874346353	52.506699290279414	95.21129679247684	181.1893221212567	95.21129679247753	140.23030123048906	
6.253580495668429	-97.51283280794816	-47.667436432168614	159.31870429844696	-47.66743643216779	20.319701817438286	91.77024215217685	159.31870429844727	91.77024215217739	134.05037988533394	
6.308921915984079	0.7203342514483779	-32.47702303390659	139.41227322317073	-32.47702303390625	-19.965840592893315	90.92708929953726	139.41227322317133	90.92708929953764	122.75987740177086	
6.364263336299729	72.87019083594141	-3.1444467502021567	124.0957893956422	-3.1444467502022846	-63.31249203871354	98.19918060567706	124.0957893956429	98.19918060567733	107.3513697505812	
6.419604756615378	129.04413252493273	21.765790894145567	110.96962382366729	21.765790894145226	-104.1013630167771	112.75988138128758	110.9696238236677	112.75988138128771	97.0320609364223	
6.474946176931028	167.44339060502676	31.560573089343436	96.83320906845503	31.560573089343013	-127.35896761633073	129.78406557449432	96.83320906845503	129.78406557449435	100.29754130658208	
6.530287597246678	190.233655094272	27.966183854166648	81.08611155080601	27.966183854166143	-123.1978238748584	144.34479960515262	81.0861115508056	144.34479960515262	117.39522840538407	
6.5856290175623275	209.824544085033	17.860328974623382	66.58181371962785	17.86032897462273	-100.43749289251977	154.1249448348482	66.5818137196273	154.12494483484826	140.568214263345	
6.640970437877978	233.21762683586314	6.604324087273554	58.172051960073134	6.604324087272833	-80.90792203242904	161.2484194338413	58.17205196007283	161.24841943384138	158.8276057635117	
6.696311858193628	247.8855723031617	-2.713148038916679	59.15374464081065	-2.7131480389172884	-84.53506076708652	172.3919963783389	59.15374464081079	172.391996378339	162.01631751988947	
6.751653278509277	229.8396145514953	-10.884118367654885	67.46042023453967	-10.884118367655233	-114.05206197394293	193.49279653756128	67.46042023454021	193.49279653756128	144.70836945649552	
6.806994698824927	162.2862549820511	-24.330392326569196	75.5053021167838	-24.330392326569346	-147.47344911584162	220.8884085029682	75.50530211678445	220.8884085029681	110.83436204694186	
6.862336119140577	49.014417558634406	-48.62087211753652	75.73081743373035	-48.620872117536564	-151.29979642978626	239.56654614315704	75.73081743373089	239.56654614315693	73.65265037842462	
6.917677539456227	-84.01900822692707	-78.16953429700038	67.55228437989274	-78.16953429700025	-112.65336540460916	234.3145520822352	67.55228437989311	234.31455208223508	47.77621809908298	
6.973018959771877	-205.2971791824056	-97.81182503082219	58.01205047538927	-97.81182503082167	-59.208800627601335	203.35307199284802	58.01205047538956	203.35307199284807	39.791379824755616	
7.028360380087526	-300.62081838574056	-95.04030927422272	54.510965123734465	-95.04030927422153	-38.19710273058115	159.45551166848946	54.51096512373482	159.4555116684897	45.30116379122205	
7.083701800403176	-373.2696178311598	-67.51793809907556	57.5252849795021	-67.51793809907377	-72.37374253618567	117.55729540435487	57.525284979502615	117.55729540435541	52.64032024921602	
7.139043220718826	-421.22844757718843	-21.83378492380983	61.33672552737956	-21.83378492380782	-140.18186811011896	82.12330256211897	61.336725527380246	82.12330256211985	49.77371578397394	
7.194384641034476	-429.84386763642584	30.010299441766247	60.97885420875523	30.010299441768048	-196.98490912327986	46.050106258288096	60.97885420875592	46.05010625828921	31.385841611568296	
7.249726061350126	-392.1478904645312	75.83715370681233	56.84050626351259	75.83715370681374	-208.8306611634752	0.1761657975970845	56.84050626351307	0.1761657975981823	1.763473732572864	
7.305067481665775	-326.4627727821314	110.64711129119055	52.234520236452504	110.64711129119158	-169.65789208291469	-56.527895314416554	52.234520236452596	-56.52789531441571	-29.71780873057643	
7.360408901981425	-265.29205535883364	136.551840159859	47.90456744476735	136.55184015985992	-100.71357682239167	-114.36057422959904	47.90456744476705	-114.36057422959848	-56.37044510034421	
7.415750322297075	-227.42179506678838	152.71234513227768	40.594034774888215	152.7123451322788	-39.68950074638245	-158.67274431309335	40.594034774887675	-158.67274431309295	-76.58408639421707	
7.471091742612725	-203.73636872503616	148.53090611702757	27.400582924830715	148.530906117029	-19.07982443160917	-178.99708756483824	27.400582924830132	-178.99708756483784	-88.6942048189504	
7.526433162928375	-172.732262583678	109.18987081959219	10.353073466746038	109.18987081959384	-45.13742221591947	-175.17974392091537	10.353073466745574	-175.17974392091486	-86.6509076055367	
7.581774583244025	-123.64579505193137	28.032975791221887	-4.24909522168862	28.032975791223464	-93.46155140807646	-156.405986026814	-4.249095221688831	-156.4059860268135	-64.34459253767363	
7.637116003559674	-58.25798341758903	-84.25439844145555	-10.2766485560432	-84.25439844145433	-123.19701946708204	-134.03961678566574	-10.276648556043058	-134.03961678566526	-24.580373267050383	
7.692457423875324	17.43450360265075	-199.1158726204659	-4.781379870874421	-199.11587262046532	-101.7086418817787	-114.53791304760398	-4.781379870873913	-114.53791304760347	18.46939358588938	
7.747798844190974	91.00747916108207	-280.8910072919955	11.866386926299306	-280.8910072919957	-24.788128535392445	-98.46082735309854	11.866386926300043	-98.46082735309784	47.489051533086176	
7.803140264506624	142.97435953512752	-304.11585335649966	36.216929047933164	-304.1158533565005	81.34972165989058	-84.63613619580934	36.216929047933874	-84.63613619580855	53.5563847651092	
7.858481684822274	158.28702407979785	-265.27535602357347	62.01269747413375	-265.2753560235748	175.52883971637925	-73.47611034469548	62.012697474134214	-73.47611034469486	41.21711303236063	
7.913823105137923	138.64716657421997	-182.52257109457588	82.77200852326092	-182.52257109457733	222.23060081230386	-65.90975128642084	82.77200852326109	-65.90975128642053	24.3142112235877	
7.969164525453573	103.59961825060452	-86.54477150650104	95.75918846839328	-86.54477150650237	209.30151096659483	-59.85120319991722	95.75918846839329	-59.851203199917215	16.59889006657217	
8.024505945769222	81.37840482311617	-5.888203821119763	102.76337157551535	-5.888203821120774	156.3719873363691	-48.77161769091379	102.76337157551535	-48.77161769091395	23.903810278970624	
8.079847366084874	92.50703268117235	45.768187849481805	106.42551958927096	45.76818784948123	105.00926110276143	-25.311496862363434	106.42551958927098	-25.311496862363672	43.35334066457877	
8.135188786400523	135.5233886075621	69.45807572979722	106.66374861038148	69.45807572979712	92.38349850429961	12.140561749463965	106.66374861038142	12.140561749463666	69.37325361342842	
8.190530206716172	187.02116516001297	71.10160809685755	101.70651583068936	71.10160809685779	129.57920015462793	55.60280277318205	101.70651583068911	55.602802773181686	99.50873742255347	
8.245871627031823	222.2321682948439	57.97747265399272	92.6023059319418	57.97747265399313	199.3784337255512	90.27743598556896	92.6023059319414	90.27743598556856	133.81750894691382	
8.301213047347472	236.78688254914422	40.63337461053712	85.39549612081666	40.63337461053749	267.3452123369465	102.98895295484986	85.39549612081616	102.98895295484944	169.7510261710492	
8.356554467663122	245.24034702674734	27.76296882635816	87.2607507932456	27.762968826358502	297.5907527417569	90.87624806671982	87.26075079324514	90.8762480667194	199.5272031259649	
8.411895887978773	262.10791312261813	19.164129401237773	100.11115145867143	19.16412940123797	270.3534736854541	63.441843415184984	100.11115145867106	63.44184341518449	213.80356551741272	
8.467237308294422	291.00244708814296	8.310423183738934	118.7093585341299	8.310423183739005	195.51378484916185	35.70220420558479	118.70935853412956	35.7022042055841	208.81843149879984	
8.522578728610071	326.76120633325223	-10.874014693402586	135.07213798029875	-10.874014693402614	109.71013448004045	18.72750733308861	135.07213798029832	18.727507333087658	190.3558789395748	
8.57792014892572	360.37679418849046	-38.468287308699814	143.93239163319973	-38.46828730870013	54.903332227687	16.03055448811767	143.93239163319907	16.030554488116547	170.77748443643458	
8.633261569241371	383.54146518290077	-65.42627384531383	143.95557132329822	-65.42627384531443	54.578962938244196	26.579343346680364	143.95557132329736	26.579343346679202	161.8110761453163	
8.68860298955702	393.29514400692375	-80.39037797131589	135.7523190192228	-80.39037797131654	103.52757529274585	48.21497556878342	135.75231901922177	48.21497556878231	168.28884753507364	
8.74394440987267	391.9496464906624	-83.68376051418277	121.63116288059997	-83.68376051418313	174.36811817905365	77.29202528865873	121.63116288059899	77.29202528865773	185.87891129053125	
8.799285830188321	384.1021819496174	-89.26034963337258	107.29369838837755	-89.2603496333725	235.3136802437164	106.83535169690327	107.29369838837687	106.83535169690236	203.97392481342894	
8.85462725050397	375.1993249066859	-108.98084598838103	100.15155826638448	-108.98084598838047	270.0262995304199	128.00292343034073	100.15155826638426	128.00292343033996	212.4420437029553	
8.90996867081962	369.308607053766	-138.8192625584799	102.98205838842799	-138.81926255847924	283.5392255636806	135.6179899991874	102.9820583884282	135.6179899991868	207.70865458164434	
8.96531009113527	363.41965224884353	-162.42716069688794	109.79706484901943	-162.42716069688748	288.12413940296386	132.53920307364677	109.79706484901988	132.5392030736464	194.34631883822723	
9.02065151145092	345.6979257129449	-166.80612475948715	109.881730256189	-166.80612475948706	286.11623401747033	127.7725185039157	109.88173025618941	127.7725185039157	182.2798518065905	
9.075992931766569	304.7768615568792	-154.43034814312517	96.9911346522039	-154.4303481431254	272.98998872902666	129.65352345038772	96.99113465220418	129.65352345038818	181.37345873811017	
9.13133435208222	242.81355960522308	-138.08494324559157	75.19735020820967	-138.08494324559183	251.602783406268	140.1981973728112	75.19735020820994	140.19819737281205	195.22660927816398	
9.18667577239787	179.6068844290577	-125.91039138425118	55.91918040733989	-125.91039138425116	232.07224552863423	155.086972865708	55.91918040734021	155.08697286570919	217.61617051506613	
9.242017192713519	139.7996568457319	-116.7167677458673	48.78535416192783	-116.71676774586685	215.94708241437286	168.50198947462087	48.785354161928105	168.50198947462206	235.61888940374575	
9.297358613029168	133.92307885834515	-107.41909091501513	54.85639045571834	-107.41909091501421	192.05818215757193	177.72464262684116	54.85639045571844	177.72464262684207	238.4491535620694	
9.352700033344819	151.8067993931079	-95.91108012349208	67.90115474467684	-95.9110801234909	155.50503620157633	182.6588969016891	67.90115474467666	182.65889690168953	224.6171513687458	
9.408041453660468	171.94088666429815	-78.85082770885448	80.48366811862861	-78.85082770885337	123.49706583788475	181.587679955363	80.48366811862809	181.5876799553629	201.43368027739294	
9.463382873976117	175.90283220293625	-55.824498170286546	87.84593861504727	-55.82449817028581	124.29604881095369	169.9536829552529	87.84593861504645	169.95368295525236	178.85137838637917	
9.518724294291768	161.43159067494395	-37.334740916384526	88.05726826818108	-37.33474091638434	174.49846532468948	144.7437902243236	88.05726826818014	144.74379022432288	163.8874007769796	
9.574065714607418	147.69643575531683	-43.045105844242556	81.9278627349653	-43.04510584424283	268.99666207374264	108.4542044499357	81.92786273496449	108.45420444993505	158.70634080114417	
9.629407134923067	160.80344607961302	-88.17775851035518	73.44104801467952	-88.17775851035563	382.32075198737516	67.54271631582125	73.441048014679	67.54271631582083	161.42056374836912	
9.684748555238718	206.01878165403258	-168.7197110690228	67.91427704638772	-168.71971106902316	474.06025538371614	28.71846015786315	67.91427704638747	28.71846015786301	168.12222272784433	
