# Stress in units of bar (10^5 Pa)
# z	Sxx	Sxy	Sxz	Syx	Syy	Syz	Szx	Szy	Szz
0.0	412.44439649975675	-59.792640667769874	19.675839795221837	-59.792640667770726	-72.77228056375318	-53.56973002316491	19.675839795222217	-53.56973002316634	155.12212763773488	
0.05327985003533491	461.2495145087769	-85.77227342890585	-20.75480814085046	-85.77227342890698	-48.97766619514378	-90.76573599100021	-20.754808140850468	-90.7657359910014	115.47566822712503	
0.10655970007066982	459.56277931937655	-112.69749947550315	-43.83012173229872	-112.6974994755043	-94.28380095557804	-123.48413108907494	-43.83012173229894	-123.48413108907593	68.72817685542033	
0.15983955010600473	402.46278340276933	-129.0111370088748	-41.79028366946537	-129.01113700887578	-171.68219102225663	-143.96521231607642	-41.790283669465566	-143.96521231607724	23.98950967739923	
0.21311940014133965	291.68092436344693	-130.6041036214333	-17.366199988157778	-130.604103621434	-250.27480647421777	-155.53896031248237	-17.366199988157682	-155.53896031248297	-6.293868011238111	
0.26639925017667454	150.45495484411038	-124.71430928938437	17.919707131179525	-124.71430928938493	-321.1688842905731	-166.36343845035196	17.919707131180015	-166.36343845035242	-14.69817056640889	
0.31967910021200946	14.667807416974796	-121.26120862521444	51.78783280122514	-121.26120862521492	-383.7437149134168	-180.71311641143438	51.78783280122598	-180.7131164114347	-6.996423294621175	
0.3729589502473444	-91.39430307735583	-119.98940742269959	78.25733637945498	-119.98940742270011	-425.84320919672945	-197.64011634927255	78.25733637945604	-197.64011634927283	0.43249077106872136	
0.4262388002826793	-158.84479335082727	-111.07076014291474	98.91063137128057	-111.07076014291536	-427.9941465917026	-214.59526375073347	98.9106313712817	-214.5952637507338	-5.398337475214976	
0.4795186503180142	-181.29704922564855	-90.08440497949418	118.84731146253878	-90.0844049794949	-388.07804572287387	-227.9834594668843	118.84731146253978	-227.98345946688482	-21.89762152845506	
0.5327985003533491	-155.4833896849243	-66.34454125283308	140.6243326616407	-66.34454125283389	-330.2847313549491	-231.2755272859709	140.62433266164135	-231.27552728597152	-33.49041148098353	
0.586078350388684	-94.66757170858662	-51.95319339420861	160.20524434086337	-51.95319339420951	-283.08441937125065	-217.44105523999423	160.20524434086354	-217.4410552399948	-26.95629234137387	
0.6393582004240189	-28.743360520731613	-46.833143696075894	168.42142983356115	-46.833143696076796	-253.2512091282374	-185.6361913645731	168.42142983356092	-185.63619136457362	-4.041980645450549	
0.6926380504593539	13.849674276166638	-39.55155891264856	157.8399282829945	-39.551558912649284	-226.19651522899719	-144.0223413687215	157.83992828299398	-144.02234136872195	21.52891201936976	
0.7459179004946888	23.947297212479782	-19.38833865253194	129.37921472042365	-19.388338652532276	-188.96604683691822	-103.78852418132941	129.37921472042308	-103.78852418132988	38.330098804073316	
0.7991977505300237	18.053543671388013	16.557555204565464	92.31374904972245	16.557555204565606	-144.17730234131065	-70.40444486801847	92.31374904972192	-70.40444486801891	46.79868390001351	
0.8524776005653586	29.390685436169747	63.92069309101828	57.75034960579293	63.920693091018826	-100.34289116102119	-42.41936029555711	57.75034960579248	-42.419360295557404	55.912208031817705	
0.9057574506006935	84.50109476998128	112.28491268601636	31.98808631725479	112.28491268601712	-59.53286020544246	-18.16913439396385	31.988086317254403	-18.169134393963937	73.24468643057214	
0.9590373006360284	176.99814586624524	148.41960499981116	15.182333436195552	148.41960499981195	-24.37812588278838	0.12549873380345034	15.182333436195183	0.1254987338034832	98.08366151561015	
1.0123171506713633	264.28288117229107	163.95346245196902	4.9218882071104835	163.9534624519699	-7.213217814516222	9.791114472602095	4.921888207110154	9.791114472602043	121.89644604145059	
1.0655970007066982	296.58695104911595	160.26792460150406	0.6374460604894796	160.26792460150492	-20.83244137559454	11.453373713558769	0.6374460604892693	11.453373713558431	134.7311699196647	
1.1188768507420332	253.3113181663998	144.56473146369504	5.2082695543584965	144.56473146369578	-63.003565347008625	7.3465461946322055	5.2082695543585125	7.346546194631564	132.23739302194167	
1.172156700777368	153.44430211777546	123.37530394154247	22.509586058036263	123.3753039415429	-115.69124223998764	-1.587834201342948	22.509586058036533	-1.587834201343737	118.01728849496124	
1.225436550812703	37.27854982313039	100.97685978055114	52.75823647774262	100.97685978055137	-157.79821435576622	-14.632718351559976	52.758236477743075	-14.632718351560712	100.51505485128087	
1.2787164008480378	-61.552112763132634	79.88149124307954	89.67429925141766	79.88149124307965	-181.47604256183968	-28.156173025456646	89.6742992514181	-28.156173025457186	87.80658977898362	
1.3319962508833727	-131.06438314497794	60.901457606986895	122.2807873391077	60.901457606987165	-199.13567520345444	-34.87310504405636	122.28078733910789	-34.87310504405664	83.68804846789787	
1.3852761009187078	-172.16307229926835	45.407934953447636	140.4241541627552	45.4079349534482	-226.39382512805804	-26.785233981856184	140.42415416275503	-26.785233981856233	86.78288185704125	
1.4385559509540427	-183.05219603910308	36.838064949187775	140.0722261754563	36.83806494918862	-253.7460068576006	0.5606252544801684	140.07222617545582	0.560625254480243	93.34662269279545	
1.4918358009893775	-160.4792164151855	34.31065038947882	123.91201014945602	34.31065038947977	-246.8081618433972	45.183437202313314	123.91201014945545	45.18343720231333	102.12214927461999	
1.5451156510247124	-116.07678605181476	26.158061990467587	96.67295141005872	26.158061990468426	-183.2700126228367	97.8869866099296	96.67295141005818	97.8869866099294	116.6377615175207	
1.5983955010600475	-80.97599817942232	-1.874363267910482	61.77775140752243	-1.874363267909942	-81.76812242472992	143.13875020283277	61.777751407522025	143.1387502028323	141.44372491195142	
1.6516753510953823	-81.05720880690134	-45.04942663409426	25.164669580546715	-45.04942663409415	12.87402904133595	162.1947354099891	25.16466958054639	162.1947354099885	175.2424038293023	
1.7049552011307172	-105.90777776085798	-69.98259942318595	-0.7191389764235652	-69.98259942318623	69.25453924302808	139.70749292105256	-0.7191389764238263	139.70749292105197	207.60841191695192	
1.758235051166052	-111.9064610888748	-38.7067775470351	-3.4959212228426573	-38.70677754703567	95.1241818443848	72.49633042236684	-3.495921222842785	72.4963304223664	222.95359356044247	
1.811514901201387	-65.60717220289408	50.45675133476668	18.129332926768907	50.45675133476621	131.10802396049462	-24.617262572037127	18.12933292676903	-24.617262572037397	210.51009749824826	
1.864794751236722	21.574934757974617	150.68423685653846	54.24758270486224	150.68423685653818	220.45541564106733	-121.23567599655806	54.24758270486259	-121.23567599655817	174.89509118832484	
1.9180746012720569	110.83330148942684	203.18374342509307	92.45880074886006	203.1837434250929	375.1098660296084	-182.84536374997433	92.45880074886051	-182.84536374997435	137.70535844518923	
1.9713544513073917	183.18574370009355	188.36205115979175	121.01401925308721	188.3620511597915	560.9274456417915	-186.8364830473531	121.01401925308764	-186.83648304735314	123.14529216748227	
2.0246343013427266	249.29752948207715	136.4599021399805	127.62902844380729	136.45990213998004	719.4199223566328	-135.46978306182692	127.62902844380758	-135.46978306182706	137.4639332069374	
2.0779141513780615	310.8306301561968	85.20516078393528	106.36268363403397	85.2051607839349	811.9386307345467	-56.765474998228015	106.36268363403417	-56.7654749982282	166.0937223287882	
2.1311940014133963	340.5855556810742	36.72171416074626	66.44657641997183	36.721714160746046	841.3079943630913	10.980802005910832	66.4465764199719	10.98080200591064	195.29459878924465	
2.184473851448731	325.0291270175697	-30.19199045254649	24.02492452248625	-30.191990452546364	827.7468655742625	41.8047827862501	24.024924522486284	41.80478278625	232.26762123959946	
2.2377537014840665	315.61466196984856	-116.1075388867261	-17.991917664127524	-116.10753888672576	775.4462329130697	34.31217456391244	-17.99191766412742	34.31217456391245	297.79389531479455	
2.2910335515194014	400.7300916996415	-194.01767120139402	-73.10917942418682	-194.0176712013938	676.78912352689	4.841638180410683	-73.10917942418664	4.841638180410773	401.07529777816546	
2.344313401554736	600.0754959389648	-241.2582380006893	-149.2710765557433	-241.25823800068935	543.758561882766	-30.528624947559976	-149.271076555743	-30.528624947559813	526.8441322049442	
2.397593251590071	805.4749610819993	-254.88146105299367	-229.08861084693194	-254.88146105299415	417.7196191889147	-68.28083905402511	-229.0886108469317	-68.28083905402491	644.7539607325984	
2.450873101625406	871.5760642650998	-238.59848271788175	-276.6674519477715	-238.59848271788238	341.7155647867683	-113.63727361221623	-276.66745194777127	-113.63727361221602	725.9773593470193	
2.504152951660741	766.9660886864526	-197.82206844816375	-263.10909878800874	-197.8220684481642	326.6401191270111	-166.66939640380005	-263.1090987880085	-166.66939640379982	752.6345871069094	
2.5574328016960757	591.0613796406222	-151.31669804450436	-188.03402168570636	-151.3166980445046	343.03854802078206	-213.61779313766755	-188.03402168570622	-213.61779313766732	719.8971945898223	
2.6107126517314105	446.3636536350354	-127.89787277752498	-84.20501545034902	-127.89787277752492	347.3911024656244	-232.80205049234485	-84.20501545034895	-232.80205049234462	638.566521699934	
2.6639925017667454	351.0352434054116	-141.4468948237471	-2.6017994885959297	-141.4468948237469	316.8268122016275	-211.7278055170981	-2.6017994885959155	-211.72780551709792	539.1981468766692	
2.7172723518020807	282.0239450763506	-178.26347346650934	15.625383157933797	-178.26347346650917	252.50582508343572	-160.82875549279754	15.625383157933747	-160.82875549279743	465.50219499905893	
2.7705522018374156	239.92222320145305	-211.47065622729295	-38.08971864513976	-211.47065622729286	155.87519860802976	-108.09645834142368	-38.08971864513982	-108.09645834142364	448.64949143511734	
2.8238320518727504	237.7637901544595	-220.14773401892572	-138.6783817886498	-220.1477340189257	25.83406646160813	-76.73082260591724	-138.6783817886499	-76.73082260591724	479.20882248968843	
2.8771119019080853	256.138443804651	-199.2703793647092	-244.52682930519467	-199.27037936470924	-111.4500677449425	-68.62800194107277	-244.52682930519475	-68.6280019410728	508.0712585189865	
2.93039175194342	247.12875314603764	-161.6685995432172	-317.08010311701275	-161.66859954321725	-196.65356005261935	-70.17822780873277	-317.08010311701275	-70.17822780873277	484.98202831668084	
2.983671601978755	183.91232739707564	-129.09973581831986	-333.95688985970565	-129.0997358183199	-185.39700738415124	-69.9449832116689	-333.95688985970554	-69.94498321166887	402.6471839117514	
3.03695145201409	91.02438597732854	-112.42882978505374	-294.38071563384335	-112.4288297850538	-97.49982840404417	-67.78471287883377	-294.38071563384324	-67.78471287883372	303.5866993874561	
3.0902313020494248	22.238300649954624	-99.3210898435106	-216.6488010467139	-99.32108984351069	-5.940692822034784	-70.0895888955125	-216.6488010467138	-70.08958889551246	242.1250544255352	
3.1435111520847596	11.55220163172904	-65.53534009092655	-128.3089975262612	-65.53534009092667	21.62914019966439	-80.8464814564513	-128.30899752626115	-80.84648145645124	237.82259090639693	
3.196791002120095	46.33281557340006	0.5874823745565507	-52.77851790321801	0.5874823745564157	-27.174948979067807	-97.60904930780717	-52.77851790321799	-97.6090493078071	263.4238822362575	
3.25007085215543	87.64063215137745	87.01033187941599	-0.4053834711987092	87.01033187941579	-106.80891847434384	-113.2360895363404	-0.40538347119870344	-113.2360895363403	274.5484285648031	
3.3033507021907647	111.64179905142099	172.40227149198586	28.50996013872405	172.4022714919857	-156.2486490525152	-119.76995260035041	28.509960138724043	-119.76995260035032	248.0029300253114	
3.3566305522260995	115.0581964096947	246.38747974536227	32.87307647880203	246.38747974536216	-147.76200843033686	-112.83989203515497	32.87307647880198	-112.83989203515493	192.81792295447832	
3.4099104022614344	83.34458728253756	312.8105987556582	7.131558670929277	312.8105987556582	-98.77321814247063	-95.24887586175898	7.131558670929142	-95.24887586175902	131.94201620818967	
3.4631902522967692	-15.073783237482417	374.71602284347694	-49.28239557566155	374.716022843477	-48.2025098423386	-75.28885913228507	-49.28239557566178	-75.28885913228518	80.69088615023726	
3.516470102332104	-185.37987024386484	417.581032503756	-122.83900322941989	417.5810325037562	-29.189220166609438	-59.33070037427089	-122.83900322942019	-59.330700374271046	41.20526748696042	
3.569749952367439	-373.3157195594647	408.8726280894279	-191.67737804460174	408.8726280894282	-49.68263814449324	-48.01260660949971	-191.67737804460205	-48.0126066094999	10.026961603457128	
3.623029802402774	-496.63107887384325	325.0363847061794	-240.78388188195788	325.03638470617955	-85.622587974577	-41.20727822994261	-240.78388188195814	-41.20727822994273	-12.274689076109503	
3.676309652438109	-512.3140443721372	186.55706282098956	-268.32790385696853	186.55706282098967	-105.34878047968951	-41.76246082693248	-268.3279038569687	-41.76246082693253	-17.233157315606324	
3.729589502473444	-440.96301516433664	55.61784041885369	-277.3676030068144	55.617840418853746	-106.5008732891393	-49.85770651437824	-277.3676030068144	-49.85770651437822	5.4603677517961025	
3.782869352508779	-327.1914991635989	-12.237154145351269	-267.2707381373634	-12.237154145351226	-110.05375711600954	-57.445698852981366	-267.2707381373633	-57.44569885298127	55.41516547062864	
3.8361492025441137	-198.44676544313566	-10.78919792565449	-237.18577335945457	-10.78919792565446	-116.40762667651902	-54.28121701417508	-237.18577335945437	-54.28121701417493	114.90353045709735	
3.8894290525794486	-68.63076931481757	22.002748885402895	-193.87524738367557	22.00274888540293	-95.64706347507807	-40.21662533233344	-193.87524738367543	-40.21662533233328	157.19529428231934	
3.9427089026147835	44.72747309752316	40.97710844656909	-150.6577349699688	40.97710844656923	-27.542687753141905	-28.320667492487814	-150.6577349699687	-28.320667492487686	165.3306622456129	
3.9959887526501183	122.7492215971393	26.222998526636296	-118.63680195860368	26.222998526636584	73.58260420435717	-32.99329000231064	-118.6368019586037	-32.99329000231058	146.15263022871687	
4.049268602685453	151.57423039308185	-6.844518573401274	-99.48820886044001	-6.84451857340089	177.50684703107075	-55.272334485820885	-99.4882088604401	-55.272334485820856	126.07227943105453	
4.1025484527207885	121.50149070644716	-21.99486233455044	-83.67485371875736	-21.994862334550056	257.95841564602154	-82.24223562679249	-83.67485371875748	-82.2422356267925	130.8637349780893	
4.155828302756123	39.05742116765765	7.2585929211221	-55.398743001860566	7.258592921122402	290.64719726271716	-100.52902646394081	-55.39874300186071	-100.52902646394082	167.9758770200931	
4.209108152791458	-54.40122418983597	76.82701882396717	-5.1584096796948025	76.82701882396736	256.1469816530069	-106.5851446702836	-5.158409679694934	-106.5851446702836	226.13461514770904	
4.262388002826793	-97.11149338358479	162.35497157528366	58.517615854799814	162.3549715752837	161.3466569864018	-102.82145256583652	58.517615854799715	-102.82145256583655	287.4482371959681	
4.315667852862128	-57.17635915400232	242.52006334789957	111.67995098309362	242.52006334789962	52.616404884154726	-88.76461044414872	111.67995098309358	-88.76461044414876	338.4748873034245	
4.368947702897462	37.56856204724026	304.0319647240339	133.26108041398254	304.03196472403397	-10.912134858469088	-60.7973813463815	133.26108041398254	-60.797381346381556	374.52083331388644	
4.422227552932798	129.96031711508726	330.8683477081844	123.713250201872	330.8683477081846	-6.410722927564535	-19.24055509739598	123.71325020187206	-19.240555097396008	398.7569542607667	
4.475507402968133	186.86581952608125	302.84709329234295	105.9030723461385	302.84709329234323	39.29549724773952	28.757366237720046	105.90307234613859	28.75736623772007	417.0208069730435	
4.528787253003467	211.5220478086179	213.31654892323905	105.50082311013436	213.3165489232395	88.17843103855147	74.38748411662885	105.50082311013446	74.38748411662894	430.38322278018705	
4.582067103038803	213.2605306588834	89.4113397165301	130.23893116991195	89.41133971653055	125.14915106311781	113.2404447115831	130.23893116991206	113.2404447115832	433.36097618195663	
4.635346953074137	192.74858152757753	-14.765967565427616	170.05095165502752	-14.765967565427104	151.38224450502796	145.55878745335565	170.05095165502757	145.55878745335576	422.04657154941447	
4.688626803109472	157.50809441000547	-60.84178977531751	213.74395402405503	-60.84178977531691	166.10168425465778	171.31517359652264	213.74395402405509	171.31517359652278	401.46920794034736	
4.741906653144807	122.41269875726289	-62.64246966965396	257.0670212245356	-62.64246966965345	169.22116309370597	185.0153532503441	257.06702122453567	185.01535325034422	378.79690637582	
4.795186503180142	85.96879750305516	-67.13764613707684	294.1487817442843	-67.13764613707639	170.99057847202647	175.66212400408173	294.1487817442843	175.66212400408182	349.0964187363508	
4.848466353215477	34.196343592521885	-101.68171227124519	312.23092329976214	-101.68171227124489	189.85195066234326	135.23228034353778	312.23092329976214	135.23228034353784	293.98438985321343	
4.901746203250812	-17.573764509833097	-151.82787168083337	301.9219636859064	-151.82787168083317	245.84024954666293	70.89057502085818	301.92196368590635	70.89057502085826	199.502892967344	
4.955026053286147	-17.304299751733765	-181.9092401797781	266.8109114533844	-181.90924017977795	351.30066986676366	7.563441862101069	266.8109114533843	7.5634418621012465	76.35561189787904	
5.008305903321482	63.67735998328607	-163.21263494927314	217.3068998416536	-163.21263494927297	490.17941043955875	-26.57440507058742	217.30689984165343	-26.574405070587115	-38.83529177798784	
5.061585753356817	183.74826765719638	-92.21887487964226	160.8196232178953	-92.21887487964217	609.7449984600263	-20.16347191701796	160.8196232178951	-20.16347191701755	-105.26213576635566	
5.114865603392151	268.38060979318936	0.2565958240571291	104.78068499430898	0.25659582405705805	655.7342056342206	14.681396183015725	104.78068499430886	14.681396183016181	-105.21523484862645	
5.168145453427487	279.5178805402487	64.46247000544943	63.191984238551356	64.46247000544918	621.2656609252414	53.19883034322156	63.19198423855133	53.198830343222035	-54.00120178895864	
5.221425303462821	229.30704328967133	72.57726004686114	48.23522734519622	72.57726004686077	546.3170339482999	73.82065222892095	48.2352273451962	73.8206522289214	14.025605363701029	
5.274705153498156	144.00356785768977	39.77695957004697	54.067247655548734	39.77695957004674	465.17775958203345	67.08766811069682	54.06724765554863	67.0876681106973	68.24426174062583	
5.327985003533491	37.07356937449413	-1.647172661007076	57.030921975726955	-1.6471726610071258	368.40117759137286	35.11059278122091	57.03092197572669	35.1105927812214	93.51505226824221	
5.381264853568826	-82.25614620394083	-31.650583915027525	35.38739956545098	-31.650583915027397	234.30674871628153	-14.890272565158828	35.38739956545062	-14.890272565158293	87.63530681959587	
5.434544703604161	-185.28804697050884	-38.01628794397141	-13.417461021184106	-38.01628794397115	103.56771369658435	-75.58571694391043	-13.41746102118449	-75.58571694390989	57.35472710899565	
5.487824553639496	-222.68785540086574	-6.989032731400258	-72.72553707565454	-6.989032731399831	94.6842306794598	-137.10735207452643	-72.7255370756549	-137.10735207452592	18.592883544143508	
5.541104403674831	-166.21896959455074	57.38897133622854	-118.20043072812311	57.38897133622914	289.42887713585316	-182.24665652443628	-118.2004307281235	-182.2466565244358	-9.27436437249822	
5.594384253710166	-48.44699312587659	111.10369483770172	-131.27848247529684	111.10369483770232	586.9662174656244	-191.6672545904779	-131.27848247529724	-191.6672545904774	-17.952980725207084	
5.647664103745501	53.98075315162586	92.11957471630392	-108.51289708757042	92.11957471630433	738.0576420029561	-159.01065230760656	-108.51289708757076	-159.01065230760594	-17.337134929048858	
5.700943953780835	74.44656338369391	-20.25008848844015	-61.14989004691827	-20.25008848844007	584.0700221041649	-98.83257955206221	-61.149890046918436	-98.83257955206142	-24.325743731218903	
5.754223803816171	-6.871918345502888	-174.94922004429282	-6.366539006052648	-174.949220044293	226.86995913797364	-36.192155861336545	-6.36653900605248	-36.19215586133554	-46.030285082621155	
5.807503653851505	-154.08343052438764	-292.08891327328524	40.694865101497	-292.0889132732856	-84.3987704359673	11.209707056212494	40.694865101497484	11.209707056213615	-75.72026149624381	
5.86078350388684	-291.64414559448704	-332.7978890927841	69.79133572023594	-332.79788909278443	-196.26891312552502	40.283921745097075	69.79133572023657	40.28392174509818	-102.46157326776817	
5.914063353922176	-355.5307897179553	-316.4121605329783	76.99689273239466	-316.41216053297876	-142.7110250133724	55.87259833171366	76.99689273239521	55.87259833171467	-121.65864465528128	
5.96734320395751	-346.1497417968395	-281.62781286721895	66.2193706958944	-281.6278128672196	-48.18025472767577	61.1690850948243	66.21937069589475	61.169085094825164	-136.15141939964985	
6.020623053992845	-320.30998129977	-250.05060531739764	47.528920959921614	-250.05060531739832	-4.8475867865741264	55.24301870235389	47.52892095992178	55.24301870235462	-148.95565644187946	
6.07390290402818	-326.0467618667176	-222.54067828689446	31.729125806070012	-222.54067828689497	-31.88527191065195	37.28186675791085	31.729125806070122	37.281866757911416	-157.54008581484374	
6.127182754063515	-356.44466093989706	-192.64549395871484	25.252121009543515	-192.64549395871506	-99.95730880013173	10.332466166368748	25.25212100954371	10.33246616636924	-156.89265610435254	
6.1804626040988495	-372.54687346286823	-158.09776826382654	27.910930666157114	-158.0977682638266	-169.1607789984615	-20.472805253717798	27.91093066615737	-20.472805253717258	-146.22795793781023	
6.233742454134185	-356.6597340902715	-125.85401324717547	33.50932472701648	-125.8540132471756	-214.33360098396676	-52.30450374398376	33.5093247270166	-52.304503743983076	-129.28513698753324	
6.287022304169519	-328.51468754564326	-109.75460671740845	33.825030802200175	-109.75460671740879	-231.86351116758829	-84.7526206654708	33.82503080219992	-84.75262066547	-108.71389217486765	
6.3403021542048545	-313.90246646501294	-119.84396731603583	24.68314797206304	-119.84396731603631	-232.9026574536444	-114.63089151519242	24.683147972062287	-114.63089151519165	-83.55112992661464	
6.39358200424019	-313.50141642593826	-150.91723762537458	9.057512209748763	-150.91723762537487	-228.99464096044466	-133.38672248228485	9.057512209747646	-133.38672248228423	-52.64507305244071	
6.446861854275524	-302.63022183462647	-184.7430414367546	-5.9344564450432475	-184.74304143675434	-218.18021170522235	-133.40392316801837	-5.934456445044457	-133.40392316801797	-18.46940003494308	
6.50014170431086	-250.89553061306245	-206.13264418436268	-14.49451224788903	-206.1326441843619	-184.55240505195997	-116.87276233356522	-14.494512247890071	-116.87276233356505	12.695221994280121	
6.553421554346194	-144.43684984839575	-212.8899009055932	-14.65513632783768	-212.8899009055919	-119.065020803837	-95.80991032418252	-14.655136327838445	-95.80991032418257	33.40512516808709	
6.606701404381529	-2.426737507567225	-209.3232482990786	-7.596263576392629	-209.32324829907697	-38.306286585793586	-82.76408690650743	-7.596263576393193	-82.76408690650764	38.697045452253676	
6.659981254416864	127.77818150125736	-196.43260121358978	3.4632412834208077	-196.43260121358784	25.54658726349085	-82.22361436246486	3.4632412834202833	-82.22361436246516	29.153569176899403	
6.713261104452199	201.33179031737907	-172.30318117468147	14.424143786798954	-172.30318117467937	51.372296730381244	-89.14308523576238	14.42414378679836	-89.14308523576264	11.419573163141063	
6.7665409544875335	205.28476738245507	-139.5263753031655	22.36492399231645	-139.5263753031634	39.398083095009234	-93.12519554723178	22.364923992315827	-93.12519554723193	-4.952317084535319	
6.819820804522869	161.30135211974243	-107.65615740200103	26.913448550595227	-107.6561574019992	-0.4215273828729309	-85.27760611551253	26.913448550594673	-85.27760611551265	-12.771243366026962	
6.873100654558204	105.14871551349802	-85.32986092722268	29.254630944986566	-85.32986092722135	-61.542627233320516	-64.46957506927633	29.25463094498613	-64.46957506927652	-10.453345910388133	
6.9263805045935385	64.49214455634474	-72.20678380684657	30.20148673555099	-72.20678380684575	-139.62239160283784	-37.87025355511538	30.201486735550645	-37.87025355511564	-0.2675428714211625	
6.979660354628874	49.280725440864046	-63.062889530234514	28.846873868811958	-63.06288953023404	-222.57204754621253	-14.472649327096427	28.84687386881164	-14.472649327096693	15.707263043730087	
7.032940204664208	52.5254604676158	-57.467117064123656	22.211996789817654	-57.4671170641233	-288.28521790215717	1.9466966545532642	22.211996789817412	1.9466966545529916	36.51864342110997	
7.0862200546995435	56.97504647444674	-58.64060522561678	7.525310948631105	-58.640605225616454	-315.5546542971673	13.813559293181811	7.525310948631059	13.813559293181395	59.427179558223884	
7.139499904734878	47.75145098944952	-63.229730188455434	-13.243525370216826	-63.229730188455285	-299.82539895205656	25.260614768684253	-13.243525370216567	25.26061476868354	77.75765669257434	
7.192779754770213	24.095649155160224	-60.24023014255275	-32.66435053823801	-60.240230142552846	-260.1763019994858	37.19258847345533	-32.66435053823745	37.19258847345431	83.0555701841837	
7.246059604805548	-0.35369859958218797	-43.14120043576968	-44.1083589125402	-43.14120043576998	-227.07053581380313	46.06165693451185	-44.10835891253946	46.06165693451072	70.39847242145912	
7.299339454840883	-5.213322834277022	-18.89843386267968	-47.2523655092239	-18.898433862680093	-215.70229430663926	47.12318079784673	-47.25236550922309	47.12318079784578	42.57456779005845	
7.352619304876218	29.973081495194208	-2.468118388116075	-44.838574791844266	-2.468118388116565	-211.94293074972063	38.940380807275304	-44.838574791843584	38.940380807274735	9.127842937562855	
7.405899154911553	113.26841784228657	-3.8217509242956496	-35.7964058206698	-3.8217509242963175	-191.31492637464555	25.0473265355564	-35.79640582066947	25.04732653555632	-19.354547856566747	
7.459179004946888	220.9637454996661	-20.515896885349107	-15.736675886166575	-20.515896885349953	-148.9839282444924	12.145804763369782	-15.736675886166823	12.145804763370089	-36.55621571740239	
7.512458854982222	301.1537084193939	-40.61052097910205	14.727229010934153	-40.61052097910298	-101.19357010273654	6.683600919693365	14.727229010933254	6.683600919693879	-41.1750828442226	
7.565738705017558	312.75119287522904	-53.69947906286003	45.07623242735065	-53.699479062860874	-59.86578689557207	10.989793371313693	45.07623242734924	10.989793371314226	-33.90932756662367	
7.619018555052892	258.93199067836963	-58.72848917566313	61.47689331340692	-58.72848917566378	-20.522897252907413	20.869889026547828	61.476893313405306	20.869889026548286	-14.219014278969455	
7.6722984050882275	176.19128303722331	-58.07994293665523	58.71810082526301	-58.07994293665578	23.414994979285574	28.251934338382576	58.7181008252616	28.251934338382885	19.795767809820465	
7.725578255123562	95.82280688771763	-48.375512625479985	44.65076180667756	-48.37551262548052	64.91317837257242	28.66146307170782	44.65076180667668	28.66146307170793	67.81508125005583	
7.778858105158897	24.768328449570845	-26.25941942850386	33.35147137858094	-26.259419428504486	90.22871523570825	25.83822181321146	33.35147137858067	25.838221813211383	123.89708649827284	
7.8321379551942325	-39.264278972267135	0.4928820048710918	34.54127353277991	0.4928820048704239	97.23493199957096	26.878209061006586	34.54127353278009	26.87820906100642	177.53053359968087	
7.885417805229567	-87.50721006372407	18.46563904363981	47.361164024572645	18.4656390436392	98.14496834915903	33.171157961231536	47.361164024573014	33.17115796123139	217.97512534309658	
7.938697655264902	-104.80599063864987	25.849846593846706	61.713767646822525	25.84984659384618	101.54280321022662	38.96911912762386	61.71376764682289	38.969119127623756	238.00932533549314	
7.991977505300237	-92.93079511197226	34.89984322430993	66.5976383396384	34.89984322430959	101.45782036346253	39.13695985570309	66.59763833963862	39.13695985570298	236.01108860995367	
8.045257355335572	-76.00969508106928	53.32853634746132	59.28396663361106	53.32853634746121	94.71430863155831	34.974657133082715	59.2839666336111	34.9746571330826	216.703672868882	
8.098537205370906	-69.84367830551741	69.49178569358884	46.09805069598367	69.49178569358898	101.53560085736214	30.58231332908952	46.098050695983446	30.582313329089406	189.79160739900692	
8.15181705540624	-53.489720192264045	60.77508368557562	34.067636737886396	60.77508368557585	152.11105181333602	25.73139743346157	34.06763673788586	25.731397433461424	166.26704858475296	
8.205096905441577	7.8857474584463745	14.93003323226165	24.072579700669106	14.93003323226172	249.5985917046327	14.612517108906214	24.072579700668324	14.612517108905969	153.68957642357717	
8.258376755476911	112.82003790247975	-58.49231244493346	13.33525429007589	-58.49231244493389	354.45535820518364	-8.487314097480528	13.335254290075046	-8.487314097480908	152.82527818617365	
8.311656605512246	217.81543124692158	-135.73204952071234	2.1612078643055614	-135.73204952071336	411.5955847130937	-42.49041289326371	2.161207864304841	-42.49041289326415	158.33427046582463	
8.364936455547582	280.8458548584492	-195.56391046586666	-4.708319966352266	-195.56391046586822	392.9035557260156	-77.88361016379724	-4.708319966352841	-77.88361016379757	163.70227762370922	
8.418216305582916	292.04734285511756	-231.92380296850175	-3.6605660011847885	-231.9238029685035	316.6524521142986	-102.34936200711266	-3.660566001185366	-102.34936200711275	166.53899943597813	
8.47149615561825	265.3691252030804	-256.1715805251303	2.3184624443570145	-256.17158052513196	231.9175639778511	-109.68776888408038	2.3184624443562396	-109.68776888408024	169.87731558142966	
8.524776005653585	223.14400849169198	-288.75856416620763	4.620375655671539	-288.7585641662092	185.25523861716204	-104.02869690993671	4.620375655670584	-104.02869690993637	179.54611126835232	
8.578055855688921	192.0641665406616	-343.6780261961849	-4.19492289173175	-343.67802619618635	191.9841878607709	-95.20807882636385	-4.194922891732656	-95.20807882636333	200.61493720057842	
8.631335705724256	192.77487743889836	-416.2381927268915	-23.661835495165356	-416.23819272689286	228.40301060619163	-90.10462921599104	-23.66183549516594	-90.1046292159903	234.01711465880715	
8.68461555575959	221.54520165229238	-486.0002907853067	-44.48093286498546	-486.0002907853079	250.14639078130438	-88.75915433685523	-44.480932864985604	-88.75915433685424	273.40903908048915	
8.737895405794925	249.56161653421492	-531.7315011337064	-54.26708935473559	-531.7315011337074	222.45463548601566	-88.13667444360567	-54.26708935473539	-88.1366744436045	305.56494962643137	
8.791175255830261	248.24335556482112	-541.597837348033	-44.78167924599387	-541.5978373480337	136.95576718271346	-87.48634038106914	-44.78167924599349	-87.48634038106803	317.5894203558057	
8.844455105865595	214.4855100710488	-512.1240390623104	-14.926446889549474	-512.1240390623111	8.108334626917923	-88.22670817343801	-14.92644688954889	-88.22670817343717	306.32778856998334	
8.89773495590093	167.87852192145968	-444.35926735095705	30.09745023431758	-444.35926735095757	-139.0415506952675	-89.39258308559783	30.09745023431844	-89.3925830855975	280.53540076499627	
8.951014805936266	125.87946642974399	-345.9562794077508	79.75921764308322	-345.9562794077512	-278.9534215582782	-85.99651448376278	79.75921764308444	-85.99651448376301	253.56513205151188	
9.0042946559716	94.83273708041628	-236.18212865835568	120.01006557682811	-236.182128658356	-387.379517937439	-73.30097419919866	120.01006557682962	-73.30097419919943	234.12804822051052	
9.057574506006935	86.70164761283678	-141.06987991744873	138.85476566652306	-141.06987991744896	-438.49175874344263	-52.1288712868761	138.85476566652466	-52.12887128687733	222.7329471801653	
9.11085435604227	123.38058510176862	-78.29765169597454	132.50870695284067	-78.29765169597471	-410.6194618160375	-30.09925373334312	132.5087069528421	-30.09925373334469	214.37937669661113	
9.164134206077605	210.62549743505616	-49.010844561829586	105.45071188733114	-49.010844561829856	-307.23124988768615	-18.447906553537678	105.45071188733232	-18.447906553539394	203.04096447755214	
9.21741405611294	320.66404656504756	-45.26592708956544	65.19170619825073	-45.26592708956595	-172.71677696520302	-26.126539001814432	65.19170619825152	-26.12653900181607	184.17268524864312	
