# Stress in units of bar (10^5 Pa)
# z	Sxx	Sxy	Sxz	Syx	Syy	Syz	Szx	Szy	Szz
0.0	336.14736556332537	-84.52685659229186	31.84224402129454	-84.52685659229259	-178.31802674665929	-70.8115976058944	31.842244021295038	-70.8115976058957	138.53393658161443	
0.05327985003533491	357.2974013545231	-90.71000828802377	11.05141864175298	-90.71000828802458	-160.834998471096	-90.06202070721442	11.05141864175329	-90.06202070721557	107.82605742841085	
0.10655970007066982	347.93025480225486	-100.73275870375228	-1.3056349624975923	-100.73275870375315	-169.50582019863063	-111.21947197359847	-1.3056349624973933	-111.21947197359944	76.49870476928778	
0.15983955010600473	305.8645974254986	-110.10215650141676	-2.6320802311084712	-110.1021565014176	-201.12287520262527	-131.68537496363805	-2.632080231108265	-131.68537496363888	47.964499239262125	
0.21311940014133965	236.3504891718915	-116.10827125618374	6.837425883340339	-116.10827125618454	-246.35712274896142	-150.16199435194804	6.837425883340643	-150.16199435194872	25.09029083001969	
0.26639925017667454	150.54833543559135	-117.75060096050936	24.559545991067562	-117.75060096051007	-293.8448920795721	-166.5178016497072	24.559545991068017	-166.51780164970774	9.011949801189846	
0.31967910021200946	62.784496646066685	-115.05119235425326	46.936037834921834	-115.05119235425393	-333.25006953996336	-180.9781999204115	46.936037834922445	-180.978199920412	-1.1382583179296217	
0.3729589502473444	-12.97951889628996	-108.46469059748257	70.60186212776522	-108.46469059748321	-357.2289985039145	-193.22937494943335	70.60186212776594	-193.2293749494338	-7.339234936064733	
0.4262388002826793	-66.45525734033637	-98.56650067440958	93.0803200818626	-98.56650067441026	-362.6500130622379	-201.96945649233172	93.0803200818633	-201.96945649233217	-11.183601353905523	
0.4795186503180142	-92.91179785898879	-86.1908925911524	112.60530164756243	-86.1908925911531	-350.61879466950415	-205.1498570307745	112.60530164756304	-205.14985703077497	-12.861771054898867	
0.5327985003533491	-94.03722391706148	-72.20093602435182	127.5479742159324	-72.20093602435253	-325.5393797305139	-200.75656177723997	127.54797421593283	-200.75656177724045	-11.3653366496527	
0.586078350388684	-76.41373733913095	-57.09750954287041	136.09634440299317	-57.09750954287111	-292.81067943694467	-187.76094534105914	136.09634440299337	-187.76094534105965	-5.644222845791649	
0.6393582004240189	-48.81576634755663	-40.33237307503853	136.60386059149135	-40.332373075039136	-256.7759174442133	-166.7481437531104	136.6038605914913	-166.7481437531109	4.318650975057566	
0.6926380504593539	-18.426015832444648	-20.539364508397195	128.4094421464025	-20.53936450839763	-219.62026429033472	-139.9033761012624	128.40944214640228	-139.9033761012629	17.388133248731414	
0.7459179004946888	11.695269146516267	3.5611980119172557	112.50314091801701	3.561198011917061	-182.22912641033827	-110.32895472396783	112.50314091801667	-110.32895472396824	32.06349577691913	
0.7991977505300237	42.8558661302059	31.893980403439702	91.5328461082008	31.893980403439755	-145.45528362734626	-81.15521073544741	91.5328461082004	-81.15521073544775	47.34233098982773	
0.8524776005653586	77.68243998454244	62.381775588456705	69.07223124953006	62.381775588457	-111.30461620593945	-54.897735210457995	69.07223124952966	-54.897735210458265	62.8682146753211	
0.9057574506006935	116.16939194233123	91.26997126110624	48.64127380789911	91.26997126110675	-82.93691652168705	-33.253433924332924	48.641273807898735	-33.25343392433315	78.31920133639144	
0.9590373006360284	152.825138096717	114.37997349484058	33.01384286600228	114.37997349484121	-64.22150767508494	-17.198976487437477	33.013842866001966	-17.198976487437704	92.71319353732734	
1.0123171506713633	177.7803408895274	128.6124884539168	24.021009337116194	128.61248845391748	-58.12030891784428	-7.097641643138399	24.021009337115977	-7.097641643138672	104.32158193981071	
1.0655970007066982	180.99226327643834	132.81030666600654	22.673167217226478	132.81030666600722	-65.58823064977341	-2.704376111641628	22.67316721722637	-2.704376111641991	111.39335673006804	
1.1188768507420332	157.50600551762201	127.945021633092	29.187643924037218	127.9450216330926	-84.69658702714096	-3.065001386406439	29.187643924037232	-3.0650013864068852	113.13808858192911	
1.172156700777368	109.99465304080067	116.3621350502592	42.73005356646607	116.36213505025972	-111.29505375090514	-6.425705303469666	42.73005356646617	-6.4257053034701554	110.30731809287727	
1.225436550812703	48.055204638607925	100.96936504769054	61.09127665348553	100.969365047691	-140.24761778686036	-10.220768852798006	61.09127665348567	-10.22076885279849	105.0117257800502	
1.2787164008480378	-15.751793066491416	84.31286473751554	80.72652947255665	84.31286473751597	-166.92472921878306	-11.29138140826762	80.72652947255678	-11.291381408268037	99.88311087149881	
1.3319962508833727	-69.97215806011121	68.20383886741214	97.40208720804534	68.2038388674126	-187.17348095961788	-6.516405720339013	97.40208720804536	-6.516405720339333	97.2372787783051	
1.3852761009187078	-107.40117859911953	53.28288971385029	107.28276265878924	53.28288971385083	-196.91697520767957	6.167216135159128	107.28276265878912	6.167216135158883	98.6080967595993	
1.4385559509540427	-126.04802675378623	39.213784639593015	108.02015573837132	39.21378463959361	-192.0122383728776	26.60886828905153	108.0201557383711	26.608868289051337	104.72972840440644	
1.4918358009893775	-128.7670969594183	25.282307259253507	99.44503978698089	25.282307259254075	-169.48004159881296	51.62764027032544	99.44503978698057	51.62764027032523	115.68158830476884	
1.5451156510247124	-121.25535955257209	11.642933907769317	83.69692997268933	11.642933907769804	-129.6101242286033	75.13685320303429	83.69692997268898	75.13685320303402	130.7970264779425	
1.5983955010600475	-108.99105102150372	0.6180902062488371	64.79657902884668	0.6180902062491782	-76.24303755602986	89.45986409244972	64.79657902884637	89.45986409244941	148.32373483191265	
1.6516753510953823	-94.36365488073137	-3.020432921578376	47.73333206106582	-3.0204329215782764	-14.96361053424771	87.7327009700067	47.73333206106556	87.7327009700063	165.25781497010504	
1.7049552011307172	-75.5400745919165	5.600951059157762	37.15905077316547	5.600951059157698	50.967002006672296	66.69134595891786	37.15905077316531	66.69134595891748	177.89216696575886	
1.758235051166052	-47.99825688991794	28.116601805876485	35.92715560566846	28.1166018058762	122.78680653373095	28.714036811180392	35.92715560566842	28.714036811180033	183.29379929599858	
1.811514901201387	-8.242406991084842	60.21994563775927	43.98968425854578	60.21994563775894	205.1386581845097	-17.9955637066038	43.989684258545864	-17.995563706604095	180.93419865321152	
1.864794751236722	43.47320739672593	92.30613731094317	58.15945706029895	92.30613731094283	301.5394741740199	-61.647965914610865	58.15945706029913	-61.64796591461108	173.47747893231977	
1.9180746012720569	102.94370686388031	113.53940020345814	73.00084195054495	113.5394002034578	409.82265123878153	-90.93848871700499	73.00084195054521	-90.93848871700516	166.0585846731472	
1.9713544513073917	163.767558315415	116.19573183606511	82.52402464286436	116.19573183606474	520.4545537639932	-99.36137761490318	82.52402464286465	-99.36137761490332	164.38481813979553	
2.0246343013427266	220.23709060148497	98.17366052583222	81.96057652391174	98.1736605258319	619.0987906992358	-87.66772046242406	81.96057652391198	-87.66772046242419	173.01303835976	
2.0779141513780615	270.08666420914165	62.11067953976797	68.87282163652571	62.11067953976766	691.7230315554931	-63.296755341838534	68.87282163652593	-63.29675534183865	194.79682483102965	
2.1311940014133963	316.0177217140207	13.260712072342546	43.20976544611762	13.26071207234239	728.8135655328401	-37.0421420839752	43.20976544611781	-37.0421420839753	231.36003633759879	
2.184473851448731	365.2954977269354	-42.16005171708456	6.658359886285881	-42.160051717084656	727.5833726951403	-18.78200331188929	6.658359886286055	-18.782003311889348	283.42125284624257	
2.2377537014840665	425.3676038908277	-97.25624012785912	-37.88487184962431	-97.2562401278592	691.7264549466747	-14.38462695217849	-37.884871849624126	-14.384626952178479	350.0061086430024	
2.2910335515194014	497.366353915897	-144.96478422017927	-86.03005699829481	-144.96478422017935	630.5681626944441	-24.962155309322004	-86.03005699829461	-24.962155309321943	426.8916635614417	
2.344313401554736	571.2905733062694	-179.2480873751626	-131.25223950948933	-179.24808737516284	556.9931377890429	-48.029240675007806	-131.2522395094891	-48.0292406750077	505.762376976681	
2.397593251590071	628.3144621948948	-196.98258042553155	-165.32039575903553	-196.98258042553186	484.43473892039736	-79.11935931531652	-165.3203957590353	-79.11935931531637	575.2884184532217	
2.450873101625406	649.902853773428	-199.32398740907507	-180.68371496914972	-199.32398740907541	422.82424389083144	-112.80353068244972	-180.6837149691495	-112.80353068244955	624.2227923385207	
2.504152951660741	628.1307257569105	-191.43792727949278	-174.21257203249598	-191.437927279493	375.2107361186599	-143.1458319999279	-174.2125720324958	-143.14583199992774	645.2735339995562	
2.5574328016960757	569.756240969335	-180.66068316210232	-150.113676007782	-180.66068316210254	337.2081051373469	-164.40635573956763	-150.11367600778186	-164.40635573956746	637.9845811688334	
2.6107126517314105	491.89586580565924	-173.37878701365787	-119.70245781709102	-173.378787013658	299.5864571842442	-172.50124740242762	-119.70245781709093	-172.5012474024275	609.1591359129267	
2.6639925017667454	413.1124616504213	-172.5377892276338	-97.41874776895742	-172.53778922763382	252.92782929763345	-166.62467343099837	-97.41874776895733	-166.62467343099826	570.2041641050863	
2.7172723518020807	346.3221311507644	-176.49588149700898	-94.76392269149697	-176.495881497009	192.2916122656875	-149.85563843439633	-94.76392269149699	-149.85563843439624	532.2612069209905	
2.7705522018374156	295.7780568130392	-180.59383231790645	-115.2401824394635	-180.59383231790645	119.68054218818787	-127.93190163304949	-115.24018243946352	-127.93190163304942	501.3760516413661	
2.8238320518727504	258.24920614928266	-179.8578235056362	-152.81514506381347	-179.8578235056362	44.14842684825743	-106.81329257143753	-152.81514506381347	-106.8132925714375	476.43036994590926	
2.8771119019080853	226.47517456625172	-171.43233696302912	-194.53180276807996	-171.43233696302917	-21.239382466299148	-90.55199734200002	-194.53180276807996	-90.55199734200002	451.3832912424336	
2.93039175194342	193.7439169861897	-155.17339432255113	-225.80811507084206	-155.17339432255122	-65.11052976946262	-80.56547268985848	-225.80811507084206	-80.56547268985847	420.44326117584427	
2.983671601978755	157.77193111884458	-132.27266077988799	-235.8834926756412	-132.27266077988807	-83.24766897942102	-76.37814969430146	-235.88349267564118	-76.37814969430144	382.61009778382896	
3.03695145201409	121.94336793569155	-103.22547169397832	-221.20830929851712	-103.22547169397843	-81.30387394889355	-76.85056695366241	-221.2083092985171	-76.85056695366238	342.37839485116774	
3.0902313020494248	92.73876246777554	-66.95896208289156	-185.74603605649204	-66.95896208289169	-71.51483354706485	-80.80851769027963	-185.74603605649196	-80.80851769027961	306.1957153329262	
3.1435111520847596	75.03298832463483	-21.705727547482994	-138.70456457561716	-21.705727547483104	-66.05730158434093	-86.94178524981083	-138.7045645756171	-86.94178524981079	277.7166159930446	
3.196791002120095	68.34246385672527	33.122861309950736	-91.12667952152005	33.12286130995061	-70.27726850875061	-93.48163894547073	-91.12667952152	-93.4816389454707	255.35533516392113	
3.25007085215543	65.61770649324981	95.58512758000455	-52.93133752722712	95.58512758000442	-81.23618893381946	-98.26823935000428	-52.931337527227114	-98.26823935000424	233.74981332202304	
3.3033507021907647	55.944209722658215	161.22082538659134	-31.11906479164086	161.22082538659126	-91.19268330186506	-99.3450969868951	-31.119064791640913	-99.34509698689507	207.5869648346884	
3.3566305522260995	28.19052672236913	223.7142073960352	-29.052647636463703	223.71420739603514	-93.99061111567288	-95.77846058843076	-29.052647636463796	-95.77846058843076	174.74984735986502	
3.4099104022614344	-24.43973292523225	275.6913259637199	-46.33658144113706	275.6913259637199	-89.02337035136517	-88.06693183498713	-46.336581441137206	-88.06693183498719	137.08126142139	
3.4631902522967692	-100.80303173905389	309.33345977434897	-79.08494540127828	309.333459774349	-80.68466110497842	-77.92205470907585	-79.08494540127846	-77.92205470907594	98.99084822258256	
3.516470102332104	-190.15966370113063	317.8696016361	-120.70150594164673	317.8696016361001	-74.89004968135217	-67.57230639117587	-120.70150594164693	-67.57230639117597	65.52214060694925	
3.569749952367439	-274.36442355190036	298.05311283328336	-163.29873866669934	298.05311283328354	-74.95728007477234	-58.95959205347285	-163.2987386666995	-58.95959205347295	41.072194024963906	
3.623029802402774	-333.67752027966884	252.9943741018634	-199.50046625823228	252.99437410186357	-80.18616670607048	-53.12843788263825	-199.5004662582325	-53.12843788263832	28.816851708877778	
3.676309652438109	-353.9558106538223	192.71240672368086	-223.92933155453315	192.71240672368097	-86.75965735201476	-49.989003404839636	-223.9293315545333	-49.98900340483966	30.18621468334623	
3.729589502473444	-331.3783695396305	131.14035784795595	-233.91400617400961	131.14035784795607	-89.57405897514121	-48.546714848317784	-233.91400617400967	-48.54671484831776	44.1427294524888	
3.782869352508779	-272.67816843391194	80.49483808631939	-229.55013756345738	80.4948380863195	-83.53201173223765	-47.61523477167208	-229.55013756345738	-47.61523477167201	66.82441825370402	
3.8361492025441137	-191.86338355934788	46.610344145192286	-213.22119440026265	46.61034414519241	-64.39370539810628	-46.69990154142123	-213.22119440026262	-46.699901541421156	92.347037975277	
3.8894290525794486	-105.76077945825499	28.1704476791058	-188.72826841945354	28.170447679105948	-29.843025471462038	-46.52410357311612	-188.7282684194535	-46.52410357311603	115.04200519347489	
3.9427089026147835	-30.108566933708772	20.135124222889097	-160.03398209073555	20.13512422288928	18.75538770147442	-48.621870554410606	-160.03398209073552	-48.62187055441052	132.05694216742518	
3.9959887526501183	23.280873577884392	18.65551204072905	-129.91335010376716	18.655512040729274	75.06571564907988	-54.19590187250431	-129.91335010376713	-54.19590187250424	144.7126142867751	
4.049268602685453	48.71692022987661	23.886186438547654	-99.14835374613773	23.886186438547902	128.33445233859905	-62.94502013115058	-99.14835374613777	-62.94502013115054	157.64838890666203	
4.1025484527207885	48.52860540990699	39.21644286825223	-66.8958496563672	39.21644286825247	166.67911230618313	-72.75089512034651	-66.89584965636729	-72.75089512034648	176.1281975065003	
4.155828302756123	32.611683490437244	67.57790367871985	-32.196027603887714	67.57790367872009	181.2450212300924	-80.31910246672561	-32.1960276038878	-80.31910246672561	203.18837997149507	
4.209108152791458	15.494064926330921	108.16049185578603	4.300676768040155	108.16049185578622	170.47763713472563	-82.3112604742915	4.3006767680400735	-82.31126047429152	238.2260559031298	
4.262388002826793	10.558268440581742	154.94621419365478	39.755543242409274	154.94621419365495	141.07636644913833	-76.28227374302867	39.75554324240921	-76.2822737430287	277.6072006568466	
4.315667852862128	24.78531922592214	197.90502328076064	70.32266991394344	197.9050232807608	105.67622671698119	-61.14646337325171	70.32266991394339	-61.146463373251734	316.5500308431572	
4.368947702897462	56.13853999304122	226.05502072689683	93.46988679324295	226.055020726897	77.50008048823295	-37.274184728897986	93.46988679324292	-37.274184728898	350.92586450279293	
4.422227552932798	95.70702747727661	230.6902058812576	109.78021331617583	230.6902058812578	65.0486278853407	-6.4352319976729575	109.78021331617583	-6.435231997672949	378.128275676552	
4.475507402968133	132.34668288840257	208.7986182512201	122.88830368520671	208.79861825122035	69.6873391153488	28.479843873898474	122.88830368520674	28.47984387389851	396.91294383685454	
4.528787253003467	157.2370936236759	164.32346425112615	137.5887380630047	164.32346425112644	86.8456795612215	63.92540510465227	137.58873806300474	63.92540510465233	406.76704338624296	
4.582067103038803	166.32012888205347	106.85825235237812	157.3309807435302	106.85825235237844	109.78656945827694	96.14963216790798	157.3309807435303	96.14963216790807	407.35905527067126	
4.635346953074137	159.82649312794206	47.86987206197516	182.58610611393271	47.869872061975514	133.26075258865325	121.47308843531323	182.58610611393277	121.47308843531334	398.1638932273342	
4.688626803109472	141.0640320711161	-4.03135419762031	210.6772900227075	-4.031354197619969	155.80374818251107	136.50464680937387	210.67729002270755	136.50464680937395	378.20867169884696	
4.741906653144807	115.16042054922531	-45.436822840926325	236.79087562070214	-45.436822840925984	179.96763798999837	138.68113525436183	236.7908756207022	138.68113525436195	345.9755199698087	
4.795186503180142	88.70238637030155	-76.95159524917374	255.50619840966186	-76.95159524917338	210.99854837451167	127.29191641247385	255.50619840966183	127.29191641247397	300.01753597710416	
4.848466353215477	69.40465084858005	-99.54101653243663	262.31516629156977	-99.54101653243637	254.28115013566037	104.627890515812	262.31516629156977	104.62789051581214	240.54968576885977	
4.901746203250812	64.6446336413538	-111.88001888293817	254.8616335606502	-111.88001888293795	311.84504259674026	76.22065178831869	254.8616335606501	76.22065178831885	171.41510855773498	
4.955026053286147	78.28454556086734	-110.81781354595667	233.69890765503544	-110.81781354595651	379.6948772829105	49.49371733603515	233.69890765503538	49.49371733603536	100.87782677530761	
5.008305903321482	107.35087031177093	-94.68012243343524	202.19541072058976	-94.68012243343516	447.5925471597416	30.993588058800423	202.19541072058968	30.993588058800697	39.977156938057824	
5.061585753356817	141.47177394938254	-66.3673004571402	165.60920319069697	-66.3673004571402	501.50770989316084	23.57585993541041	165.60920319069686	23.575859935410744	-1.302487612637897	
5.114865603392151	166.2856956318979	-33.66195751140913	129.55222702691248	-33.66195751140917	529.1383667760814	25.143916387745424	129.55222702691236	25.143916387745804	-18.16726651881352	
5.168145453427487	169.18730335847616	-5.975089000627861	98.1313165336792	-5.975089000627932	524.2235950170334	29.657052494887704	98.13131653367905	29.65705249488812	-13.040258518252037	
5.221425303462821	144.431826552542	10.159188180095356	72.51102931067312	10.159188180095256	488.44690927259126	29.816384184865996	72.51102931067298	29.81638418486644	5.595973030242247	
5.274705153498156	95.17230363731218	14.129781779537993	50.69246388840489	14.129781779537886	430.9893698341976	19.998496256370107	50.69246388840469	19.998496256370565	26.882275931652366	
5.327985003533491	32.25053551577193	10.939501849594357	28.950384837662668	10.939501849594357	367.2466580538501	-1.7526599753444536	28.95038483766243	-1.7526599753439775	41.740006935101185	
5.381264853568826	-29.122931826691243	7.821213562259345	4.421187778384482	7.821213562259459	316.37101201392045	-33.183998917975416	4.421187778384194	-33.183998917974925	45.59656389382041	
5.434544703604161	-74.18699831502163	9.619050168721536	-22.62254963870832	9.619050168721742	295.58762593895483	-68.50313704331076	-22.622549638708644	-68.50313704331025	38.81566382460905	
5.487824553639496	-93.84857464025606	15.448197050725994	-48.242667534870435	15.448197050726236	311.3527890575889	-99.97105150381606	-48.24266753487076	-99.97105150381553	25.06035692359793	
5.541104403674831	-89.21468798830823	17.987062578820133	-66.44060149074853	17.987062578820453	351.27030069276935	-120.06671738255537	-66.44060149074883	-120.0667173825548	8.669845640701482	
5.594384253710166	-71.86509870333425	6.997063834175847	-72.04255628711763	6.9970638341761315	386.1247860074243	-123.82897603753067	-72.04255628711788	-123.82897603753005	-7.570608928838489	
5.647664103745501	-59.56172224707959	-24.814570720558223	-63.20642363154801	-24.81457072055811	383.59106515963	-110.52298380998104	-63.206423631548155	-110.52298380998033	-23.17338596837093	
5.700943953780835	-67.55687048217075	-76.65876473394566	-42.32384163990374	-76.65876473394566	327.62234249886706	-83.83695874141645	-42.323841639903755	-83.83695874141566	-39.16212369451192	
5.754223803816171	-101.41978529577668	-138.7585459095502	-15.050479091625775	-138.7585459095504	228.7593361578129	-50.395771059367675	-15.050479091625649	-50.39577105936681	-56.56059434186596	
5.807503653851505	-154.69960805010146	-196.80181531708917	11.856318081859502	-196.80181531708942	117.34904276323908	-17.380288483761873	11.856318081859762	-17.380288483760943	-75.33286228602068	
5.86078350388684	-213.6564579548506	-238.443600541835	32.82194761085486	-238.4436005418354	24.654541724307762	9.50435060424282	32.82194761085519	9.504350604243754	-94.28079993303956	
5.914063353922176	-264.93725166636773	-258.1383554834878	45.01163619389199	-258.1383554834883	-33.846152271480975	26.92230219945546	45.01163619389233	26.922302199456368	-111.68213822935573	
5.96734320395751	-301.5803576506768	-257.5416628867695	48.6694617641614	-257.5416628867699	-62.63975639354064	33.727160954323736	48.669461764161724	33.727160954324575	-125.89095085317157	
6.020623053992845	-323.9410561740315	-242.505938319616	46.31883512508623	-242.50593831961643	-77.65841231833663	30.307465669200305	46.3188351250865	30.307465669201065	-135.62131751101396	
6.07390290402818	-336.185562993122	-219.7212911577381	41.249257309157365	-219.7212911577385	-93.9095321120088	18.012036015962405	41.24925730915756	18.012036015963105	-139.93539860284622	
6.127182754063515	-341.8270597434952	-194.8689272534296	36.010746577691236	-194.86892725342994	-117.81286101277692	-1.1537217689933246	36.01074657769135	-1.1537217689926642	-138.23414924160494	
6.1804626040988495	-342.30008075119747	-172.54032157610237	31.590399622409855	-172.54032157610266	-146.99488616799363	-24.68414359025066	31.590399622409848	-24.68414359025001	-130.3455554185383	
6.233742454134185	-337.35991585341145	-156.42569202435865	27.534094000367496	-156.42569202435888	-174.714102316459	-49.673533496401575	27.53409400036732	-49.67353349640092	-116.59249335347013	
6.287022304169519	-326.3399000537389	-149.05258251456317	22.78000504480044	-149.05258251456334	-194.48125336881623	-73.0152446334161	22.780005044800067	-73.01524463341546	-97.79964381311157	
6.3403021542048545	-307.76326638194314	-150.91967402034714	16.72528080299192	-150.9196740203472	-202.25335594144445	-91.76398268828473	16.725280802991342	-91.76398268828413	-75.29746033334727	
6.39358200424019	-278.792403623544	-159.97554398214766	9.8277165637209	-159.97554398214754	-196.12102358748317	-103.77888949292958	9.82771656372016	-103.77888949292907	-51.01727117993681	
6.446861854275524	-235.7360255608864	-172.15929778861755	3.4573734921846664	-172.15929778861715	-176.26981906193873	-108.44103266795187	3.457373492183835	-108.44103266795149	-27.474880960355712	
6.50014170431086	-176.47964331196204	-182.8028926969502	-0.7723534694557479	-182.80289269694947	-144.5250234745102	-106.96441373453283	-0.7723534694565881	-106.9644137345326	-7.462382426370157	
6.553421554346194	-103.80300475813782	-188.0375167316956	-1.7865402330621851	-188.0375167316945	-105.38803547881056	-101.87304453460717	-1.7865402330629774	-101.87304453460709	6.650691881466122	
6.606701404381529	-26.458246426207914	-185.74537189560863	0.5164306615606162	-185.74537189560726	-65.95532750671971	-95.76851499115017	0.5164306615598995	-95.76851499115021	13.735734792584553	
6.659981254416864	43.167887848471274	-175.73776861986784	5.306178787984021	-175.73776861986624	-34.84906422522488	-90.06847312613198	5.306178787983375	-90.0684731261321	14.422094954837943	
6.713261104452199	93.69750085981656	-159.49080896248006	11.215540187632188	-159.49080896247835	-19.654795549956326	-84.46980311815918	11.215540187631596	-84.46980311815933	10.99545643814877	
6.7665409544875335	119.5210632415016	-139.54066433940946	16.84030411772596	-139.5406643394078	-24.67113607366762	-77.47561230831346	16.84030411772542	-77.47561230831363	6.64562606734294	
6.819820804522869	122.57977637771275	-118.85963037968394	21.039499878281745	-118.85963037968243	-49.79268807587704	-67.57721560348737	21.03949987828126	-67.57721560348757	4.424078916720491	
6.873100654558204	110.35616522466415	-100.06332215629939	22.984136780021945	-100.06332215629813	-90.62464088271294	-54.29342729126875	22.984136780021526	-54.29342729126897	6.373369097501579	
6.9263805045935385	91.94688983551117	-84.8210295768664	22.068820543921014	-84.8210295768654	-139.60313474267235	-38.454752503486674	22.06882054392068	-38.45475250348693	13.08559606481381	
6.979660354628874	74.06387588034029	-73.556790741516	17.89075535395579	-73.55679074151527	-187.56748483444056	-21.697893406992844	17.890755353955562	-21.697893406993167	23.654875693634747	
7.032940204664208	59.57843761777231	-65.61380121429147	10.43308373455515	-65.61380121429099	-226.04513033707488	-5.680129914302449	10.433083734555051	-5.680129914302868	35.91995715290559	
7.0862200546995435	48.44624687508198	-59.46935480234535	0.3552036396679705	-59.46935480234506	-249.57737057783115	8.406805070695306	0.3552036396680265	8.406805070694771	46.89613075517717	
7.139499904734878	40.36443913859275	-53.390142392067666	-10.87144186809902	-53.390142392067574	-257.0403091549782	19.817196596505063	-10.8714418680988	19.817196596504417	53.46294235721881	
7.192779754770213	36.94243139914086	-46.213097101901596	-21.177404724583962	-46.21309710190165	-251.29082419678062	28.001848449612325	-21.177404724583607	28.001848449611607	53.25493456500471	
7.246059604805548	42.068510732936694	-38.053076120271776	-28.380980244212104	-38.05307612027201	-236.85955910442883	32.50883432021276	-28.380980244211678	32.50883432021206	45.56710788395137	
7.299339454840883	59.922481595517894	-30.482103632808816	-30.70920616862876	-30.482103632809196	-217.3668037854032	33.218034713089324	-30.709206168628363	33.21803471308873	31.791260624960845	
7.352619304876218	91.70463120696776	-25.717182319124223	-27.1925904141578	-25.717182319124717	-194.09396519104612	30.717245764978042	-27.192590414157547	30.717245764977633	15.134350014755507	
7.405899154911553	133.0942575552622	-25.245929750000776	-17.928975912140746	-25.24592975000138	-166.80093302501066	26.412065265240596	-17.92897591214075	26.41206526524042	-0.2548712059535294	
7.459179004946888	174.16975905494763	-28.94967365529692	-4.266963895382357	-28.949673655297595	-135.013898335848	22.15018498081338	-4.266963895382675	22.150184980813414	-10.352055968213556	
7.512458854982222	202.8441664136754	-34.89928039012617	11.271413146858439	-34.8992803901269	-99.35698388253176	19.486260395710815	11.271413146857803	19.48626039571101	-12.047047457200078	
7.565738705017558	209.640993138131	-40.28177994025888	25.600908092240275	-40.2817799402596	-61.560105564256396	19.06353968412206	25.600908092239404	19.06353968412234	-3.5240511187097585	
7.619018555052892	191.57015344596664	-42.41882987410494	36.205542720015586	-42.41882987410565	-23.999138165525018	20.526251620744073	36.20554272001462	20.52625162074436	15.609856936664231	
7.6722984050882275	152.5604650746839	-39.65585127676353	42.20497638312614	-39.65585127676416	10.797733675163048	22.963891766236507	42.20497638312524	22.963891766236735	44.20594444262386	
7.725578255123562	101.2025483085961	-31.74942084947258	44.627137011711454	-31.749420849473182	40.5576796618947	25.568241502588656	44.62713701171076	25.56824150258879	79.49304047167725	
7.778858105158897	47.38556886227138	-19.70979768060339	45.599329218129085	-19.709797680604	63.84363603930939	27.973772048320043	45.599329218128645	27.973772048320093	117.23457856845593	
7.8321379551942325	-0.4391919786017695	-5.445572170809353	46.92666487433125	-5.4455721708099	80.4476611556632	30.11779789856337	46.92666487433106	30.117797898563346	152.3856017750586	
7.885417805229567	-36.46903478862379	9.003365058774925	49.02511645287423	9.003365058774428	91.89992749081551	31.84666305396579	49.025116452874215	31.846663053965713	180.20574288313784	
7.938697655264902	-57.93609019266389	21.71634791976328	50.86995522732741	21.716347919762867	101.1986184907999	32.69391750285199	50.869955227327466	32.69391750285188	197.51118163395788	
7.991977505300237	-64.2401952312824	30.61482871484074	50.87437029674592	30.614828714840414	112.83305589654	31.933897192503423	50.87437029674595	31.933897192503302	203.56125808898867	
8.045257355335572	-55.69054115903928	33.00247814709499	47.94330729360924	33.00247814709475	131.60698238609402	28.74740452626731	47.94330729360915	28.74740452626716	200.172493426486	
8.098537205370906	-32.55263990528563	25.54561883957173	42.03443986595494	25.545618839571574	161.01443677133187	22.304898625967397	42.034439865954695	22.304898625967226	190.9951033887944	
8.15181705540624	4.78933787852602	5.48620342777906	34.018309256185326	5.486203427778847	200.71552862391542	11.86507456994718	34.01830925618493	11.865074569946975	180.20584131030938	
8.205096905441577	54.0124717612172	-27.609379899121095	25.180191613430427	-27.609379899121464	244.87169189454386	-2.9158636051547724	25.180191613429894	-2.915863605155014	171.2036738422774	
8.258376755476911	109.22836639474274	-71.11667110271026	16.77038561776164	-71.11667110271087	283.45953730035376	-21.46937044059576	16.770385617761022	-21.469370440596016	165.85951767878797	
8.311656605512246	161.56824172828055	-120.16955530498544	9.717150055604208	-120.16955530498635	306.38416402561256	-41.96926353416357	9.717150055603538	-41.9692635341638	164.60293533483124	
8.364936455547582	202.17361992366983	-169.96471135987616	4.367438930994979	-169.96471135987733	308.7595481439334	-61.61763328347775	4.367438930994285	-61.6176332834779	167.1489474659551	
8.418216305582916	225.97031552240836	-217.99682268067534	0.2972156299969617	-217.9968226806767	293.4155708788808	-77.59813252538444	0.2972156299962547	-77.59813252538447	173.33513408372335	
8.47149615561825	233.83656813698414	-264.5386964633131	-3.5945334693996136	-264.53869646331447	269.0003045181946	-88.18305665797797	-3.5945334694003144	-88.18305665797783	183.48446373553904	
8.524776005653585	231.4530127810049	-311.17256738408497	-8.472966154847391	-311.1725673840864	244.54785860435828	-93.31489019860602	-8.47296615484805	-93.3148901986057	198.0500592082042	
8.578055855688921	225.87278988331445	-358.2740207801713	-14.627665024640299	-358.2740207801727	223.93389075515523	-94.33618097842981	-14.627665024640844	-94.3361809784293	216.75521624199754	
8.631335705724256	221.7546080300075	-403.14978811149103	-20.75889917400803	-403.1497881114924	203.59446011855732	-93.11989062879995	-20.758899174008416	-93.11989062879928	237.8470741026424	
8.68461555575959	219.3920359276353	-439.9193784495326	-24.037962885403445	-439.9193784495337	174.64043941569898	-91.20733036732389	-24.03796288540361	-91.20733036732312	258.05911289886785	
8.737895405794925	215.55212173819277	-461.2686267854078	-21.13096942599708	-461.2686267854088	128.08375521841162	-89.33473975694426	-21.130969425996987	-89.33473975694348	273.49509049836587	
8.791175255830261	206.54024267499287	-460.9640922170578	-9.725891121243013	-460.9640922170587	59.768247693157534	-87.39582710529653	-9.725891121242654	-87.39582710529584	281.10080232842995	
8.844455105865595	191.1443269177156	-436.3067803219764	10.150321681292215	-436.30678032197716	-26.789475340184026	-84.66942659470392	10.150321681292834	-84.66942659470345	279.8771277496045	
8.89773495590093	172.27991258113627	-389.2517623350902	35.656452608128404	-389.25176233509075	-120.76495965573721	-80.2235690775761	35.65645260812926	-80.22356907757593	271.1334159297736	
8.951014805936266	156.42037619555532	-326.4058179625133	61.72584498570468	-326.4058179625138	-207.01816017051047	-73.47567152204853	61.72584498570573	-73.47567152204874	257.6084523303265	
9.0042946559716	151.50672757840118	-257.43034321829543	82.52215225673774	-257.43034321829583	-270.2997327759581	-64.81889583609944	82.52215225673889	-64.81889583610005	241.99621008804826	
9.057574506006935	163.79946251910147	-192.6245831155119	93.20862130845484	-192.6245831155123	-300.115569133875	-56.009765633022035	93.20862130845603	-56.009765633022965	225.72327216436318	
9.11085435604227	195.3066457370039	-140.36271775547021	91.39538173311057	-140.36271775547064	-294.41986067935164	-49.909199831866836	91.3953817331117	-49.90919983186804	208.5685133985691	
9.164134206077605	241.81431602207425	-105.23500992915409	77.8181890389836	-105.23500992915456	-261.25926269009	-49.493780614351074	77.81818903898457	-49.493780614352396	189.1565458531503	
9.21741405611294	293.2664993910132	-87.65678003988714	56.11303873360682	-87.65678003988774	-216.51152892515074	-56.5503090800421	56.11303873360755	-56.55030908004345	165.99519368885197	
