# Stress in units of bar (10^5 Pa)
# z	Sxx	Sxy	Sxz	Syx	Syy	Syz	Szx	Szy	Szz
0.0	278.9795474641095	-113.83791831035823	39.41972937714282	-113.83791831035889	-217.6807226438327	-84.43828647852763	39.419729377143426	-84.43828647852871	132.91788532013885	
0.05327985003533491	280.2649343194661	-107.04981720260645	30.629724456142796	-107.04981720260712	-215.72002421575806	-97.5409621634378	30.62972445614332	-97.54096216343885	108.21314231435517	
0.10655970007066982	266.4185131398826	-105.10809796441177	25.29068457107739	-105.10809796441251	-221.55018820006654	-112.64726938276674	25.290684571077836	-112.64726938276767	84.01627377898934	
0.15983955010600473	236.91584404752282	-105.61897801183618	24.887263500002497	-105.6189780118369	-235.58057619981497	-128.6036860136092	24.887263500002923	-128.6036860136101	61.521148883386	
0.21311940014133965	194.09893044551347	-106.42876898697246	29.90936054120965	-106.42876898697321	-255.60636767205938	-144.24791950595034	29.909360541210074	-144.2479195059511	41.780602994352535	
0.26639925017667454	142.80543225279237	-105.95222132828573	39.861117779023346	-105.95222132828644	-277.7955650317556	-158.50257155216252	39.8611177790238	-158.5025715521632	25.531565871654085	
0.31967910021200946	89.33528067789372	-103.20177760886823	53.45625741627458	-103.20177760886895	-297.6400658916815	-170.38495797769505	53.456257416275086	-170.38495797769565	13.128086415375847	
0.3729589502473444	40.15487423684792	-97.7545514615588	68.92293197462175	-97.75455146155952	-311.28127552446574	-178.97355986489674	68.92293197462223	-178.97355986489734	4.605531430187153	
0.4262388002826793	0.5850821670192943	-89.50679803714041	84.31378453026738	-89.50679803714112	-316.1587321959827	-183.41133645396954	84.31378453026785	-183.41133645397002	-0.179800125296941	
0.4795186503180142	-25.93982823838448	-78.59583405649586	97.7688408744781	-78.59583405649651	-311.25886286902727	-182.98497384563316	97.76884087447851	-182.98497384563362	-1.440276615393083	
0.5327985003533491	-38.38243336328023	-65.14964411208052	107.71425574968845	-65.14964411208113	-297.15924240823836	-177.26427169774786	107.71425574968876	-177.26427169774837	0.6062127603817018	
0.586078350388684	-37.616446415600464	-49.30469957332274	113.02122499623567	-49.30469957332329	-275.42782559231375	-166.26979227196017	113.02122499623584	-166.26979227196063	5.7122567045604224	
0.6393582004240189	-25.92125842013764	-31.156820973402667	113.13771885145005	-31.156820973403114	-248.2926598377981	-150.56604773671756	113.1377188514501	-150.56604773671802	13.546592289752065	
0.6926380504593539	-6.078842115635084	-10.925010763859476	108.17833480072755	-10.925010763859774	-218.0904308015099	-131.2467223082154	108.17833480072747	-131.24672230821582	23.640780181926242	
0.7459179004946888	18.96395716723734	10.911395497621157	98.94968171295248	10.911395497621013	-187.2098738841208	-109.81121676888539	98.94968171295231	-109.81121676888579	35.397150739909335	
0.7991977505300237	46.44935410612871	33.46106914774967	86.83892766267533	33.46106914774969	-157.88610867398407	-87.93730718338406	86.83892766267509	-87.93730718338443	48.09431038240496	
0.8524776005653586	73.5315374863672	55.39538819462791	73.63138167535321	55.3953881946281	-132.2710570525195	-67.24019540213467	73.63138167535291	-67.24019540213502	60.940417398971185	
0.9057574506006935	97.21060926411513	75.16292740634714	61.25461441857962	75.16292740634748	-112.22020022834167	-49.04196220696743	61.254614418579344	-49.04196220696776	73.11647944575225	
0.9590373006360284	114.23927690450708	91.18882581455267	51.46523388744013	91.1888258145531	-99.21956269051347	-34.21137278202748	51.4652338874399	-34.21137278202781	83.84017883593056	
1.0123171506713633	121.64397886735011	102.26099094452442	45.5767842367762	102.2609909445249	-94.00569579522498	-23.061396827316095	45.576784236776014	-23.061396827316432	92.4847147530112	
1.0655970007066982	117.2749877145112	107.69369728939948	44.26020815021419	107.69369728939999	-96.50357767990452	-15.315442217353548	44.260208150214055	-15.315442217353905	98.67869298575322	
1.1188768507420332	100.71949604585653	107.55441148218085	47.44022311357191	107.5544114821814	-105.43012940599257	-10.15771543896751	47.44022311357185	-10.157715438967893	102.45051046112911	
1.172156700777368	73.45963621969646	102.4558923633671	54.291497113901244	102.45589236336764	-118.71381380284762	-6.341561336651622	54.29149711390121	-6.3415613366520125	104.26948621888084	
1.225436550812703	39.007139961795616	93.49492338959797	63.34029253109531	93.4949233895985	-133.39603731563597	-2.4245551560180436	63.34029253109529	-2.424555156018425	104.98036140105964	
1.2787164008480378	1.864424347547331	81.95799490312292	72.71538206805224	81.95799490312342	-146.21187685587964	2.9075534098432776	72.7153820680522	2.907553409842908	105.6656088690786	
1.3319962508833727	-33.12184041405136	69.07760258762993	80.51141274182632	69.0776025876304	-153.87879844312073	10.486101932082109	80.51141274182626	10.486101932081757	107.3993851088177	
1.3852761009187078	-62.10730630097977	55.93855250553211	85.18175801491688	55.9385525055326	-153.4798736507773	20.317824741100495	85.18175801491677	20.317824741100168	111.03475022053941	
1.4385559509540427	-82.50884379193057	43.683823128550145	85.87762128703648	43.68382312855057	-142.8682020362627	31.377933072876786	85.87762128703632	31.377933072876466	117.00988259760831	
1.4918358009893775	-93.3606029875028	33.37933216577983	82.65757390660983	33.37933216578022	-120.78524551786788	41.69217865675441	82.65757390660963	41.69217865675411	125.20009770609106	
1.5451156510247124	-94.67659640568056	26.243045688317864	76.48493110366464	26.243045688318176	-86.9443264253368	48.71900349452476	76.48493110366442	48.719003494524465	134.96054654489356	
1.5983955010600475	-87.10308621819101	23.379185553983383	68.99721033112405	23.379185553983596	-41.69750868368008	50.001783943892825	68.99721033112385	50.001783943892505	145.23853197416614	
1.6516753510953823	-71.47499125842853	25.5187528514237	62.04699575444739	25.51875285142377	14.034440926874941	43.95270074801209	62.04699575444722	43.95270074801177	154.83307270396028	
1.7049552011307172	-48.14843037940993	32.626330692336055	57.187828638474464	32.62633069233603	79.31922865159581	30.49956940792101	57.18782863847436	30.49956940792069	162.76957252712143	
1.758235051166052	-17.544760141701488	43.419302897040694	55.20480191525168	43.41930289704058	152.89095956356647	11.313543024923902	55.204801915251664	11.313543024923598	168.66022866927838	
1.811514901201387	19.887070601641607	55.3906375513712	55.8301212425191	55.390637551371015	233.03712510127633	-10.455750711407632	55.83012124251916	-10.4557507114079	172.97475672599484	
1.864794751236722	63.18651692793293	65.15870441687304	57.73145523437465	65.15870441687278	317.0242121755031	-30.974790881678203	57.73145523437476	-30.974790881678445	177.1164565820057	
1.9180746012720569	111.0130657161917	69.2101281043069	58.79365723483665	69.21012810430662	400.81837152236005	-46.80783852534464	58.793657234836814	-46.80783852534485	183.25355720760794	
1.9713544513073917	161.95273354897972	64.6587344507776	56.62478247468428	64.65873445077733	479.1913371746591	-55.92058899708414	56.624782474684494	-55.9205889970843	193.94904157201853	
2.0246343013427266	214.68556685309954	50.11944786363312	49.10876643510536	50.119447863632914	546.1517067545983	-58.2284519246384	49.10876643510558	-58.22845192463852	211.65074268471335	
2.0779141513780615	268.4912286111323	25.89904947821733	34.92343581239542	25.899049478217183	596.2496888338414	-55.552952104856416	34.923435812395645	-55.55295210485649	238.16589126954938	
2.1311940014133963	322.86897636542756	-5.908403630158617	13.911653243976778	-5.90840363015875	625.5687175237266	-51.00248072306735	13.911653243977003	-51.00248072306741	274.199610364063	
2.184473851448731	377.1957482133534	-42.04181067766063	-12.790673118213915	-42.04181067766077	632.6808213243389	-48.015262696331355	-12.790673118213691	-48.01526269633137	319.0232003635854	
2.2377537014840665	429.8818447730124	-78.61761563291712	-42.84149522465458	-78.61761563291722	618.8956834826321	-49.37000930191725	-42.84149522465437	-49.370009301917236	370.3229143465061	
2.2910335515194014	477.93370181050705	-111.97207608200662	-73.03978922811466	-111.9720760820068	587.9180554712733	-56.50989114674201	-73.03978922811446	-56.509891146741964	424.3294991009849	
2.344313401554736	517.0461055004089	-139.3261280454775	-99.9299791404764	-139.32612804547765	544.8924285283823	-69.2485157041974	-99.92997914047623	-69.24851570419732	476.2847823325709	
2.397593251590071	542.5817771719985	-159.2283435766712	-120.56827410713584	-159.22834357667136	495.0299742286097	-85.94156814726051	-120.56827410713566	-85.9415681472604	521.2189516661631	
2.450873101625406	550.7900744966608	-171.71627718463952	-133.3233618672135	-171.71627718463975	442.5157849800129	-103.96866563892853	-133.32336186721332	-103.96866563892839	554.9292448447479	
2.504152951660741	540.3088087704608	-177.99475878821028	-138.4165893184565	-177.99475878821045	389.8259518258602	-120.39475957696584	-138.41658931845637	-120.39475957696571	574.8305317280194	
2.5574328016960757	512.7013072252088	-179.92437039670807	-137.98520015555715	-179.9243703967082	337.5197889853971	-132.65187888497292	-137.985200155557	-132.6518788849728	580.4552292522078	
2.6107126517314105	471.97556044987925	-179.27164748531223	-135.51909767161342	-179.27164748531234	284.9884772068307	-139.07976948957514	-135.51909767161334	-139.07976948957506	573.3153265491973	
2.6639925017667454	423.5638798268667	-177.23474463126163	-134.76137849243474	-177.23474463126175	231.46101150144779	-139.26100159951284	-134.7613784924347	-139.26100159951272	556.2533666133174	
2.7172723518020807	372.6985541677128	-174.0448330374851	-138.4247011062423	-174.04483303748518	176.94184690652423	-133.98597127517655	-138.42470110624225	-133.9859712751765	532.5091340447029	
2.7705522018374156	323.35868073029434	-169.0786365003874	-147.19344814141132	-169.07863650038743	122.80241706453869	-124.95292670487501	-147.1934481414113	-124.95292670487497	504.8297927808262	
2.8238320518727504	277.79910761772845	-161.21166427520404	-159.43895208421904	-161.21166427520413	71.65781825393861	-114.29458652169531	-159.43895208421904	-114.29458652169527	475.0480691980008	
2.8771119019080853	236.78296711242763	-149.1347945264673	-171.73419106014433	-149.13479452646737	26.59415912443764	-104.03782422375319	-171.73419106014433	-104.03782422375312	444.0929342313844	
2.93039175194342	200.1494733394012	-131.6734934295062	-179.99211729227528	-131.67349342950627	-9.897013946524353	-95.71014830140115	-179.99211729227525	-95.71014830140109	412.40733913005636	
2.983671601978755	167.552754223892	-108.03014093552815	-180.82336727345665	-108.03014093552824	-36.79050469497348	-90.12438944637509	-180.8233672734566	-90.12438944637506	380.3620878600377	
3.03695145201409	138.7663797912151	-77.79122579538323	-172.66837400946815	-77.79122579538331	-54.797374348807864	-87.35738802426133	-172.66837400946812	-87.3573880242613	348.4444032716673	
3.0902313020494248	113.36604854923556	-40.99943819150076	-156.3211123719767	-40.999438191500865	-65.85905850278307	-86.89562713630721	-156.32111237197665	-86.8956271363072	317.1670216508295	
3.1435111520847596	90.37518831010752	1.692475593182813	-134.70924635141847	1.6924755931827065	-72.49020058268167	-87.83159042582326	-134.70924635141844	-87.83159042582324	286.78107563287585	
3.196791002120095	67.87047586550366	48.73553481581267	-112.10709410442945	48.73553481581257	-76.71136094634811	-89.09652911049628	-112.10709410442944	-89.09652911049625	257.1512763689575	
3.25007085215543	43.09996886235264	97.74785233634796	-93.08659766628038	97.74785233634788	-79.69407777965816	-89.6829052262413	-93.0865976662804	-89.68290522624129	227.85023105378463	
3.3033507021907647	13.092234294651945	145.3500597167835	-81.45982222623206	145.35005971678345	-81.7802978310838	-88.83888121335616	-81.45982222623209	-88.83888121335616	198.46046360998946	
3.3566305522260995	-24.231655022993102	187.60157171951587	-79.4869592810176	187.60157171951585	-82.94785189755898	-86.20901464562786	-79.48695928101769	-86.20901464562787	169.01113150899602	
3.4099104022614344	-68.85845529481684	220.41208428365178	-87.48924386399007	220.41208428365172	-83.10634887919616	-81.88514879332585	-87.4892438639902	-81.8851487933259	140.2548109861563	
3.4631902522967692	-118.3711198039023	240.33766736160152	-103.9214298633419	240.33766736160152	-82.564081771899	-76.3440388319284	-103.92142986334203	-76.34403883192846	113.64490107545392	
3.516470102332104	-167.60973461146517	245.4446912088412	-125.7791736156218	245.44469120884116	-81.58767575515975	-70.26641198395558	-125.77917361562194	-70.26641198395562	91.07082272139688	
3.569749952367439	-209.89760571833807	235.74164761411924	-149.2709805143655	235.74164761411933	-80.14152033315713	-64.37091524842337	-149.27098051436568	-64.37091524842343	74.37561121760503	
3.623029802402774	-238.63950459487964	213.40938573110074	-170.55235491133325	213.4093857311008	-77.67869970737249	-59.237009762915584	-170.5523549113334	-59.237009762915626	64.85044887494172	
3.676309652438109	-249.02084162877375	182.39329851918828	-186.39606358519356	182.39329851918836	-72.85402770802683	-55.232802128140534	-186.39606358519364	-55.23280212814055	62.9092322467461	
3.729589502473444	-239.37136182238095	147.63997980291248	-194.64519941504886	147.63997980291253	-63.996805369185765	-52.525972915800764	-194.64519941504892	-52.52597291580076	67.9786554926531	
3.782869352508779	-211.6014290515239	113.94561207617568	-194.38331292501525	113.94561207617578	-49.376387677381956	-51.18389941905426	-194.3833129250153	-51.18389941905424	78.69228426943027	
3.8361492025441137	-170.85177253401068	85.28573262360071	-185.82734449712916	85.28573262360084	-28.224867974444507	-51.22399276914941	-185.8273444971292	-51.22399276914938	93.33027297734046	
3.8894290525794486	-123.95644512821048	64.3292286933848	-170.0194464179072	64.32922869338493	-0.9425219661434703	-52.625435955364	-170.0194464179072	-52.62543595536396	110.33948727679201	
3.9427089026147835	-78.10758132524634	52.38407930995011	-148.3923591001028	52.384079309950295	30.36554323697041	-55.231142193793005	-148.3923591001028	-55.23114219379295	128.7606051311034	
3.9959887526501183	-38.7957053136405	49.814610222601154	-122.46123293291205	49.81461022260136	62.40850075274032	-58.63860913749266	-122.46123293291208	-58.63860913749262	148.3966409668672	
4.049268602685453	-9.135023652141797	56.2592193199701	-93.61102766379707	56.259219319970256	91.10409223444756	-62.074396992203916	-93.61102766379712	-62.0743969922039	169.65671327217257	
4.1025484527207885	10.91744096248209	70.68594244089832	-63.05204946063843	70.6859424408985	112.77221185328048	-64.41234767743217	-63.05204946063847	-64.41234767743217	193.14011892144381	
4.155828302756123	23.80982482347798	91.28374864406989	-31.890264169161128	91.28374864407007	125.16639084725651	-64.2841294163629	-31.890264169161192	-64.2841294163629	219.15556801899814	
4.209108152791458	33.49545651049154	115.20908618187353	-1.1815096360299595	115.20908618187379	128.09955925255557	-60.34460085568225	-1.1815096360300128	-60.34460085568226	247.34862907474144	
4.262388002826793	43.638359602412606	138.70685513801186	28.095606979056065	138.70685513801203	123.50564440866171	-51.57393547713434	28.09560697905601	-51.57393547713436	276.6143412285498	
4.315667852862128	56.63671476037159	157.53326918143404	55.23046592119299	157.53326918143424	114.94220005616367	-37.54962590960271	55.230465921192945	-37.54962590960271	305.22433079354505	
4.368947702897462	72.96929628749935	167.6423904153532	79.9550486240459	167.6423904153534	106.4596104499322	-18.60717962506188	79.95504862404587	-18.607179625061878	331.17030547170606	
4.422227552932798	91.02101240300256	166.24872022486585	102.5329185415427	166.24872022486608	101.55670865158027	4.133011825702278	102.53291854154267	4.133011825702303	352.4465696950088	
4.475507402968133	108.07794489443177	152.41191336273297	123.62742218106254	152.41191336273323	102.53372386937384	28.84628929418978	123.62742218106254	28.846289294189816	367.28045048268325	
4.528787253003467	121.20806174712868	127.29657823198801	143.96393213075237	127.29657823198824	110.24860543595844	53.24133664405737	143.96393213075234	53.24133664405743	374.249938242404	
4.582067103038803	128.29934924229659	93.8821478490252	163.9338666501053	93.88214784902549	124.55537221722065	74.8803532865023	163.9338666501053	74.88035328650237	372.26259805352714	
4.635346953074137	128.74050179926292	56.13795018597308	183.24497272950757	56.13795018597334	144.832722467502	91.5359588953651	183.24497272950754	91.53595889536518	360.5773172292882	
4.688626803109472	123.63810987992711	18.308000536816934	200.78478277654335	18.30800053681721	170.7130799021878	101.56313677097303	200.78478277654338	101.56313677097314	338.89939646880333	
4.741906653144807	115.43506108804326	-15.860567353594703	214.83424446491156	-15.860567353594405	202.0815314256408	104.25470013890114	214.83424446491154	104.25470013890127	307.6060039690873	
4.795186503180142	107.20935054828283	-43.49315231891167	223.48842637440413	-43.4931523189114	238.93117058832038	100.01685272682849	223.48842637440407	100.01685272682866	267.9769476507108	
4.848466353215477	101.84679444964735	-62.730924547255746	225.17032689458884	-62.73092454725554	280.3334848730166	90.31782298505368	225.1703268945888	90.31782298505388	222.40467073284867	
4.901746203250812	101.16315351602222	-72.81082359725235	219.09522022603878	-72.81082359725218	324.43624303408467	77.35786954668426	219.0952202260387	77.35786954668446	174.35687102742224	
4.955026053286147	105.03397494497187	-73.93620532957979	205.49952117610312	-73.93620532957965	367.88505042940204	63.496062975267776	205.49952117610303	63.49606297526802	127.97377193415859	
5.008305903321482	111.429015315644	-67.3689057565357	185.59715857968956	-67.3689057565356	406.26117653365037	50.59645878790435	185.59715857968945	50.59645878790464	87.35583471791588	
5.061585753356817	116.77538379634683	-55.312713382988214	161.24768747176662	-55.31271338298819	434.93428161870406	39.516674793362895	161.24768747176648	39.51667479336321	55.68038370490759	
5.114865603392151	117.0544238403253	-40.503143293103776	134.4653663567516	-40.50314329310379	450.3884009727208	29.92764493688917	134.46536635675145	29.927644936889525	34.464460012989676	
5.168145453427487	108.97931539578168	-25.609434802142747	106.99862586871899	-25.609434802142808	451.2681767776344	20.551947439833114	106.99862586871883	20.551947439833498	23.22124583907887	
5.221425303462821	91.29716018868513	-12.782837117747306	80.04993835709911	-12.782837117747377	439.15411208982255	9.752828041662461	80.04993835709892	9.752828041662887	19.70291850550944	
5.274705153498156	65.16903962539209	-3.2267011765750198	54.287269058238	-3.226701176575034	418.21026467257536	-3.727603455002095	54.28726905823779	-3.7276034550016597	20.615341741624253	
5.327985003533491	34.011749132783635	2.6540613480665023	30.127203856214294	2.6540613480665485	394.01299848455585	-20.139143055161504	30.127203856214074	-20.139143055161053	22.53415098139272	
5.381264853568826	2.2808890318598003	4.802863299467603	8.082788136708597	4.802863299467624	371.90624894656645	-38.4407930960549	8.082788136708352	-38.4407930960544	22.7198441929988	
5.434544703604161	-26.002464078040916	2.9334071089873603	-10.971396461010928	2.9334071089874385	354.8553753506478	-56.45296092545454	-10.97139646101117	-56.45296092545402	19.558436578785326	
5.487824553639496	-48.654547272096124	-3.7782533036525123	-25.80393494600756	-3.778253303652413	342.37482244468424	-71.40692768744117	-25.803934946007786	-71.4069276874406	12.59149942516306	
5.541104403674831	-65.94843794018927	-16.54927590682245	-35.10578861344301	-16.549275906822338	330.5442080313744	-80.69226058421806	-35.10578861344322	-80.69226058421745	2.210470217204919	
5.594384253710166	-80.37486083976053	-36.39158046409338	-37.977611378107035	-36.391580464093366	313.61518727557944	-82.5904696738384	-37.97761137810716	-82.59046967383775	-10.795887701118033	
5.647664103745501	-95.69574085210766	-63.256632278451406	-34.36135286271481	-63.256632278451434	286.2653956382566	-76.75335907225355	-34.36135286271488	-76.75335907225285	-25.577358381845904	
5.700943953780835	-115.17419224604015	-95.48689514594415	-25.244207573560193	-95.48689514594423	246.16593172181513	-64.32808922799028	-25.24420757356019	-64.32808922798952	-41.39073570695728	
5.754223803816171	-140.5901531457742	-129.9284275333169	-12.497289599285207	-129.928427533317	194.6672228456632	-47.65751235469302	-12.497289599285125	-47.65751235469222	-57.58819393654083	
5.807503653851505	-171.3005211539431	-162.50358212864694	1.5389519588077647	-162.5035821286472	136.59548625930304	-29.744319396426604	1.5389519588079121	-29.744319396425766	-73.52402189761978	
5.86078350388684	-205.08248230998902	-189.2657172540646	14.609656476051446	-189.265717254065	78.01636564831571	-13.609345492166947	14.609656476051637	-13.609345492166096	-88.46170996453442	
5.914063353922176	-238.4715538524772	-207.43157361722834	25.02705309514947	-207.43157361722874	24.221537361059333	-1.7517275305301307	25.027053095149686	-1.7517275305292994	-101.55953160841372	
5.96734320395751	-268.34385573593374	-215.92240911636802	31.935854139876255	-215.9224091163684	-21.8522068027908	4.217149416094811	31.935854139876465	4.217149416095625	-111.92667654538215	
6.020623053992845	-292.1961084127449	-215.56838636176587	35.299815243599774	-215.56838636176627	-59.721605576792996	3.7080071934128878	35.299815243599944	3.7080071934136694	-118.7298097823803	
6.07390290402818	-308.75372310558055	-208.58376127458433	35.641255616430705	-208.58376127458473	-90.5937939879376	-2.914105948962753	35.64125561643082	-2.9141059489620087	-121.30921426894949	
6.127182754063515	-317.5933244301532	-197.89357592050465	33.735107775418854	-197.893575920505	-116.00813697468584	-14.50938808943243	33.73510777541887	-14.509388089431727	-119.29940869880335	
6.1804626040988495	-318.570738066775	-186.52429087188787	30.342026449096174	-186.52429087188816	-136.73193224070485	-29.402498815813487	30.342026449096082	-29.40249881581282	-112.68423809286416	
6.233742454134185	-311.62045926958297	-176.91477775754612	26.08117272928522	-176.9147777575463	-152.52010209989749	-45.658600896590336	26.081172729284997	-45.65860089658972	-101.86037630088288	
6.287022304169519	-296.40823682855086	-170.5424501242399	21.420435774648503	-170.54245012423993	-162.25607598879108	-61.38413174842745	21.42043577464816	-61.384131748426874	-87.6330260258865	
6.3403021542048545	-272.47903976292713	-167.7533257078643	16.749588304128203	-167.75332570786415	-164.76662989370877	-74.97125528206797	16.749588304127727	-74.97125528206746	-71.15536793124409	
6.39358200424019	-239.66734901094964	-167.9034296682437	12.477409017691231	-167.90342966824338	-159.4477120465826	-85.31625252822842	12.477409017690654	-85.31625252822799	-53.82580550445469	
6.446861854275524	-198.46857457443951	-169.538638871116	9.040050578377732	-169.5386388711155	-146.85073320288666	-91.90848201334038	9.040050578377086	-91.90848201334003	-37.12234640616971	
6.50014170431086	-150.66782653690586	-170.9025289929117	6.811715114515717	-170.90252899291096	-128.90738790909867	-94.80315825228041	6.811715114515033	-94.80315825228016	-22.36581912865553	
6.553421554346194	-99.20157200479629	-170.32590462860583	6.022845711932037	-170.32590462860486	-108.66363762394619	-94.43774511243244	6.022845711931347	-94.4377451124323	-10.47455406411708	
6.606701404381529	-48.131564394484656	-166.61748839335036	6.665027250002682	-166.61748839334922	-89.73367813618671	-91.39630006051826	6.665027250002007	-91.3963000605182	-1.80785760759853	
6.659981254416864	-1.8648980932831023	-159.31616783269095	8.441406831516947	-159.3161678326897	-76.04928657179406	-86.1939363001149	8.44140683151631	-86.19393630011494	3.9033916484915334	
6.713261104452199	35.884807569558205	-148.74687098991825	10.817621011421123	-148.7468709899169	-70.6962030152249	-79.16474481985922	10.817621011420542	-79.16474481985931	7.464046138253771	
6.7665409544875335	62.759289690054146	-135.73979204952565	13.110419362608557	-135.7397920495243	-75.37768029512281	-70.47506139160022	13.110419362608036	-70.47506139160038	9.989256538714837	
6.819820804522869	78.29948754892604	-121.48774244880691	14.611707523807954	-121.48774244880566	-89.89019234259352	-60.23626930279522	14.611707523807505	-60.23626930279543	12.588216719871134	
6.873100654558204	83.83533538342763	-107.16209302114136	14.732452079036484	-107.16209302114025	-112.33673333457897	-48.65629475714807	14.732452079036117	-48.65629475714833	16.05709534788724	
6.9263805045935385	81.9729586282796	-93.71799631378255	13.093743686607056	-93.71799631378161	-139.34502547391529	-36.13451095648486	13.093743686606786	-36.134510956485165	20.65978458388677	
6.979660354628874	75.83156824004486	-81.67049827461267	9.624544717059775	-81.67049827461193	-166.93953456799755	-23.271825311753133	9.624544717059603	-23.271825311753496	26.040097134843833	
7.032940204664208	68.53797470915814	-71.19371095195764	4.602886217483613	-71.1937109519571	-191.2326949878888	-10.802868392452396	4.602886217483544	-10.80286839245283	31.330572171410832	
7.0862200546995435	62.764038018627296	-62.1389315383675	-1.3466476159582843	-62.138931538367146	-209.21480058612076	0.5182885078086192	-1.3466476159582488	0.5182885078081383	35.40261651055305	
7.139499904734878	60.68507767463017	-54.31636353896951	-7.327223960819563	-54.316363538969355	-219.03653528513593	10.043212373075074	-7.3272239608194445	10.043212373074557	37.20590929852957	
7.192779754770213	63.83880446734544	-47.55468425573827	-12.30243584383044	-47.55468425573829	-220.2130874490817	17.334179751507428	-12.302435843830272	17.334179751506912	36.108217150684126	
7.246059604805548	72.95535564138795	-41.92973337823699	-15.283263202076785	-41.929733378237174	-213.133767660446	22.239202075290557	-15.283263202076608	22.239202075290073	32.15502519897048	
7.299339454840883	87.59117934982774	-37.58492826819826	-15.53228749155883	-37.584928268198574	-198.87968122111283	24.905837495585427	-15.532287491558709	24.905837495585015	26.16541088348076	
7.352619304876218	106.04547961650024	-34.7181608838352	-12.740339950931606	-34.71816088383562	-178.65258405429017	25.749012553370328	-12.740339950931576	25.74901255337002	19.64858890990974	
7.405899154911553	125.35596272904985	-33.3238146914331	-7.108080189721516	-33.32381469143362	-153.69700679235441	25.382754319696378	-7.10808018972163	25.382754319696186	14.532903132562605	
7.459179004946888	141.64458422777724	-33.02352948891142	0.6881112132095968	-33.023529488911976	-125.2787985458395	24.48029739027444	0.6881112132093232	24.48029739027437	12.803358420317132	
7.512458854982222	151.06427985579717	-33.162123934467665	9.650593869244938	-33.16212393446829	-94.61860230805424	23.639438095597644	9.650593869244515	23.63943809559767	16.104906975195263	
7.565738705017558	150.69638497460755	-32.80723731955824	18.702555437432096	-32.807237319558894	-63.047571194181785	23.268430515273014	18.70255543743157	23.26843051527311	25.3998733913199	
7.619018555052892	139.43377298277406	-31.102248294822587	26.93119140354237	-31.102248294823248	-31.931344313783264	23.53871504224975	26.931191403541778	23.538715042249876	40.75390210038068	
7.6722984050882275	118.18384376109624	-27.417824169824932	33.75951253382614	-27.417824169825558	-2.4801753131746533	24.398527742446603	33.759512533825564	24.39852774244673	61.27071658692351	
7.725578255123562	89.79822788579494	-21.60929645966636	38.976525009723694	-21.609296459666965	24.33462745541314	25.622436089449984	38.976525009723176	25.622436089450087	85.2056553579041	
7.778858105158897	58.34682632551667	-14.103166946482911	42.64248742966354	-14.103166946483494	48.227303592048244	26.87334966001037	42.642487429663106	26.873349660010437	110.24637484366015	
7.8321379551942325	28.346999981389878	-5.843772784134565	44.92163842967629	-5.84377278413508	69.45403641913954	27.756802304943555	44.921638429675966	27.756802304943573	133.9229668082491	
7.885417805229567	3.9219357790833698	1.7483451684327918	45.930624070725436	1.7483451684323157	89.05729945041172	27.83323572676923	45.9306240707252	27.833235726769203	154.0569144028995	
7.938697655264902	-11.713146706929521	6.937473540706613	45.66795513321102	6.937473540706193	108.44908409488778	26.63156138769459	45.667955133210825	26.631561387694525	169.15118425811932	
7.991977505300237	-16.55689376621963	7.9411919288671555	44.05726649920632	7.941191928866715	129.10272923305376	23.67548408631721	44.05726649920615	23.675484086317105	178.64181828208726	
8.045257355335572	-9.956655414836808	3.048440851128447	41.048203742813016	3.0484408511280776	151.97001548458996	18.540525443456644	41.0482037428128	18.54052544345651	182.93059364691717	
8.098537205370906	7.496383953909216	-8.993461711520013	36.723683331518686	-8.993461711520396	177.00440330228986	10.947986534818602	36.7236833315184	10.947986534818448	183.20207244920368	
8.15181705540624	33.97147211065846	-28.804709235291583	31.329726744265532	-28.804709235292073	202.94628482168986	0.8740279525746693	31.329726744265162	0.874027952574497	181.09906320483856	
8.205096905441577	66.50359042846313	-56.20633124854952	25.259903548322253	-56.20633124855008	227.47005897798994	-11.366188089515319	25.2599035483218	-11.36618808951549	178.36845522836384	
8.258376755476911	101.61272979021683	-90.26258486272772	18.938382477893686	-90.26258486272842	247.79556280747013	-25.09536201649064	18.938382477893164	-25.09536201649079	176.5538508914513	
8.311656605512246	135.55705754559023	-129.48299877890187	12.728627124013826	-129.48299877890275	261.3756349744123	-39.33777766404904	12.728627124013249	-39.33777766404915	176.82437886037872	
8.364936455547582	165.1673103572325	-172.10706799102442	6.872264984916106	-172.10706799102542	266.69805842435136	-52.98653547602492	6.8722649849155	-52.98653547602495	179.91606697084762	
8.418216305582916	188.37231888689467	-216.30581429739738	1.5014051772130639	-216.3058142973985	263.3674586675139	-65.01359603608424	1.5014051772124608	-65.01359603608417	186.1246416863644	
8.47149615561825	204.37471279408868	-260.30111173217966	-3.2515569022549045	-260.30111173218086	251.90446765312328	-74.67819182163603	-3.251556902255471	-74.67819182163586	195.3218058610943	
8.524776005653585	213.58257150333105	-302.1996419752653	-7.116268218524334	-302.1996419752665	233.00444687410118	-81.64057661863313	-7.116268218524828	-81.64057661863285	206.9523323606777	
8.578055855688921	217.14895973643593	-339.793025903335	-9.583804949995166	-339.79302590333623	207.02333541669285	-85.94950338849875	-9.583804949995551	-85.94950338849834	220.0404794590051	
8.631335705724256	216.36291752667606	-370.55873075739476	-9.919976720093874	-370.55873075739595	173.578143478307	-87.93281758806796	-9.919976720094123	-87.9328175880675	233.25000178617458	
8.68461555575959	212.39551109419645	-391.73583309915523	-7.324186359426622	-391.73583309915625	132.071095082562	-88.03268447045112	-7.324186359426692	-88.03268447045062	245.05778747205295	
8.737895405794925	206.2235993038813	-400.85940899283264	-1.2138202975045331	-400.8594089928336	82.31335682559828	-86.6536650210804	-1.2138202975044088	-86.6536650210799	254.00801329883848	
8.791175255830261	198.9048039922222	-396.3178482412849	8.44810717115416	-396.31784824128573	25.514137170521703	-84.09196087617937	8.448107171154488	-84.09196087617897	258.9629843067625	
8.844455105865595	191.82115622972492	-377.981345331469	20.926928657867172	-377.9813453314698	-35.23415920917384	-80.56552914924654	20.92692865786769	-80.56552914924632	259.303944155703	
8.89773495590093	186.9252220072738	-347.4562559696465	34.70506998871536	-347.4562559696472	-95.13066786479123	-76.34130789288737	34.70506998871605	-76.34130789288737	254.97514439818286	
8.951014805936266	186.3767943601552	-308.06399872486753	47.714000733351355	-308.0639987248681	-148.4890400040715	-71.86313602635991	47.714000733352194	-71.86313602636014	246.34508399814334	
9.0042946559716	192.0949331297411	-264.2045651180771	57.79128772501641	-264.2045651180776	-190.3029985053197	-67.8294307234542	57.79128772501731	-67.82943072345468	233.99524088044834	
9.057574506006935	204.8626200761695	-220.69005904389016	63.219619414052886	-220.6900590438907	-217.4513474967498	-65.16541487257295	63.21961941405381	-65.16541487257368	218.49401366514076	
9.11085435604227	223.6452023547131	-181.7159321822117	63.20346783861712	-181.71593218221224	-229.8587173417542	-64.86295818122464	63.20346783861803	-64.86295818122552	200.2754616928645	
9.164134206077605	245.49774959225556	-150.28394353918205	58.109618825453865	-150.28394353918262	-230.4115564128694	-67.76263335487995	58.109618825454675	-67.76263335488098	179.66116196241245	
9.21741405611294	265.73205197597593	-127.744005189402	49.42428690254578	-127.74400518940261	-224.33832628269806	-74.31208415175232	49.42428690254649	-74.3120841517534	157.02056900962444	
