# Stress in units of bar (10^5 Pa)
# z	Sxx	Sxy	Sxz	Syx	Syy	Syz	Szx	Szy	Szz
0.0	-325.5646460048529	76.48068729840212	99.26262020667356	76.48068729839744	125.00683406835044	31.551939355563505	99.26262020667373	31.551939355562634	198.1001635644953	
0.0529447263110157	39.94604223159248	-437.98986518481746	179.22814809335355	-437.9898651848185	859.7967586100722	17.026838725297498	179.22814809335264	17.02683872529359	158.24071726362996	
0.1058894526220314	802.663418636666	15.463027662134666	203.40638095413493	15.463027662134026	-555.428002387556	58.22392730447531	203.40638095413357	58.2239273044711	136.78463207466666	
0.15883417893304708	-21.793750847857776	-35.64634047787961	67.6834851035878	-35.646340477877146	460.2784458985222	84.58606738308822	67.68348510358739	84.586067383091	164.3218524821295	
0.2117789052440628	1389.4314079931742	-507.9531980448448	115.80169567320648	-507.9531980448459	75.04557452256604	77.62677573742522	115.80169567320497	77.62677573742643	142.49046341078738	
0.2647236315550785	-302.93164925142804	-31.886347612002076	88.61444392886007	-31.88634761200364	-448.064411904189	53.38491075594931	88.61444392885888	53.38491075594761	152.9991340601518	
0.31766835786609415	-556.4235122667359	-137.06114543543876	100.98901979782718	-137.06114543543654	-770.1726785379618	133.51061378486082	100.98901979782745	133.5106137848601	210.20767278787687	
0.37061308417710986	897.3040539112601	-172.58991374935832	40.268275310288615	-172.58991374936028	706.1457537314078	158.0131273222861	40.2682753102889	158.01312732228604	171.7830201381009	
0.4235578104881256	-265.46230879067684	-80.75268914272623	10.984666253102999	-80.7526891427293	-800.8589199112871	108.92854645290515	10.984666253102082	108.92854645290272	213.03998504749018	
0.4765025367991413	-84.7097082634916	231.6567230090887	2.6944331762352056	231.65672300909418	278.32542256151027	65.78459707318582	2.6944331762345377	65.78459707318504	176.50034460055733	
0.529447263110157	-651.125141819507	342.67363117344007	87.43446683895448	342.6736311734398	-1075.5521898027155	70.09712467701476	87.43446683895407	70.09712467701833	175.82062755854741	
0.5823919894211727	-236.63997602964312	-277.87609799248384	98.56191911016107	-277.8760979924826	239.2279876254759	18.40108740283057	98.56191911016228	18.40108740283141	124.88809544476717	
0.6353367157321883	478.223350317103	-296.4404145801543	-42.73341434959546	-296.44041458015414	1043.1207860429201	53.15899933018595	-42.73341434959726	53.158999330184834	40.24414681716182	
0.6882814420432041	-41.73219848276774	289.2740613463111	-157.33448982243243	289.27406134631053	435.7159538074103	51.90945760363217	-157.3344898224327	51.90945760363081	-1.0765309201597268	
0.7412261683542197	102.64274623556958	-168.7327554985875	-40.46590935479915	-168.732755498586	519.9862635089879	-5.898219716101703	-40.46590935479918	-5.8982197161009955	55.09844121737743	
0.7941708946652355	437.0064080347094	597.885983704703	38.99042995122928	597.8859837047041	1088.3637380977837	14.543730488299065	38.990429951226695	14.543730488299605	36.55955174485828	
0.8471156209762511	231.19809837711693	-512.3316340679145	47.110923325919245	-512.3316340679156	-244.70910096177798	113.56540407159527	47.11092332591952	113.56540407159527	110.24101867505523	
0.9000603472872668	11.576553318799625	441.06939151528087	4.7663526952964475	441.0693915152778	2046.2833522202784	-102.14572461221793	4.766352695294065	-102.1457246122171	189.4980553875659	
0.9530050735982826	-389.6132622145959	-462.45650507378963	-22.644791320379024	-462.45650507379014	-1053.0322715392344	-216.9868992112557	-22.644791320380822	-216.9868992112569	215.29740600620568	
1.0059497999092983	-591.7993620388141	378.67588321879737	9.564724389319604	378.6758832187971	1094.5629637671525	-151.5546334912439	9.56472438931963	-151.55463349124554	116.88334571602964	
1.058894526220314	-398.2138997455635	131.3889136198099	-16.18995952742445	131.3889136198091	481.09481083218344	-101.21543668841171	-16.189959527422964	-101.21543668841215	-32.35292013936481	
1.1118392525313296	1142.9561938033055	12.242440308367796	199.25071503877652	12.242440308364568	368.2186659759657	-81.23962087370793	199.2507150387776	-81.23962087370776	-32.877780290473936	
1.1647839788423453	-1117.7547181097746	40.909062093257965	226.89788690713917	40.909062093259124	-460.41322845088547	-12.321302731718594	226.89788690713965	-12.321302731719259	120.48404588364158	
1.217728705153361	769.2973863074476	-124.38017851808098	243.57462509413503	-124.38017851808313	937.1455746561936	-144.36567620577162	243.57462509413224	-144.36567620577176	210.69718334707804	
1.2706734314643766	-273.2555580064846	401.1243453808214	298.9621023299068	401.124345380823	-659.6277651556223	-77.09427051142652	298.9621023299055	-77.0942705114278	275.3001368193541	
1.3236181577753925	224.61031615941076	232.5527477663175	142.6448609506101	232.55274776631546	618.2315299168995	150.4910365680644	142.64486095060906	150.49103656806406	167.6049124384815	
1.3765628840864081	-357.47828059817203	-75.85037274817134	160.713370209816	-75.8503727481733	-429.978450985433	176.31073763317193	160.71337020981355	176.31073763317252	106.17546572866975	
1.4295076103974238	439.98097890919996	337.8176579117477	78.81212366682882	337.8176579117484	-454.83603567206984	78.5349627322787	78.8121236668269	78.53496273227586	5.987071094913618	
1.4824523367084395	-678.7070564107339	394.16848450699104	-112.53030648956101	394.1684845069913	141.6258387088657	-87.42067409138929	-112.53030648956202	-87.42067409138939	32.52063342876499	
1.535397063019455	1557.658317033104	205.70518834334132	-59.90040203824878	205.70518834333612	579.6291681530448	-119.22690377117135	-59.900402038248004	-119.22690377117316	225.80446069967124	
1.588341789330471	-257.8412480085215	428.6709844646908	95.0295635879518	428.67098446469157	-339.56692248526866	-18.6014517545878	95.02956358795298	-18.601451754590432	317.4396803829803	
1.6412865156414866	293.9857855580892	-48.573532858837844	12.779707011454976	-48.57353285883757	262.3913501422157	240.45246496836356	12.779707011455486	240.45246496836228	113.2466243394475	
1.6942312419525023	-11.31393849892995	-21.39241769383481	-84.71308052360702	-21.392417693834947	-341.7029960036187	97.51532889834715	-84.71308052360641	97.51532889834448	154.82171843692413	
1.747175968263518	-919.9143634284866	-106.78346503674918	-118.20812191071687	-106.78346503674634	120.75108962933253	84.06047866349901	-118.20812191071592	84.0604786635011	202.65667765803434	
1.8001206945745336	674.1097222301831	547.8707022822304	202.39868156343118	547.8707022822297	-53.52678442763428	115.09372093893943	202.39868156343096	115.09372093893958	57.677527647757934	
1.8530654208855495	1200.9896930582881	93.09045572344989	203.3797011498089	93.09045572345016	334.67146089693136	120.7060798757779	203.37970114981016	120.70607987577647	76.06467469313968	
1.9060101471965651	248.16236302016827	-37.4641092534943	176.50856322005328	-37.46410925349747	-988.6865007264511	166.01155964829664	176.50856322005234	166.0115596482957	106.40574034060235	
1.9589548735075808	2543.0270542569747	768.8906263935597	260.4999407119578	768.8906263935639	2311.7667625455088	290.11819049936565	260.4999407119586	290.11819049936685	85.95835846169287	
2.0118995998185967	-1359.3344380060785	-182.8195992149658	263.55498220779816	-182.8195992149643	-696.4584125661703	175.9164771721972	263.55498220779697	175.91647717219584	-68.8425859308826	
2.064844326129612	2191.873432719731	-480.3737600906928	47.19425739144013	-480.37376009069084	1538.9165903668156	36.60613964280169	47.194257391440175	36.6061396428018	22.270929255075753	
2.117789052440628	-935.2235478927471	643.4591950198479	-148.50938880403123	643.4591950198462	380.95418244072755	234.31601130600038	-148.5093888040303	234.31601130600166	152.2906566253071	
2.1707337787516434	1500.9191135640579	274.2509861438344	-28.074694042257793	274.2509861438358	1157.9888849302965	321.1316688883535	-28.074694042257356	321.13166888835525	-4.887642935586117	
2.2236785050626593	846.1926815898971	-183.97752252640623	90.73704123749519	-183.97752252640876	167.24758972878516	-6.175395370696832	90.7370412374952	-6.175395370694799	119.83355328352204	
2.276623231373675	819.1588111487872	338.0130381786537	135.02189527739483	338.01303817865283	2316.8054585769087	-12.63765175100761	135.0218952773942	-12.637651751007198	361.052714817959	
2.3295679576846906	1042.5628072804543	805.924253379066	-87.61119927408636	805.9242533790652	847.7493520172197	-107.93281292298003	-87.61119927408645	-107.93281292298134	478.43774542968345	
2.3825126839957065	1691.3062843723594	-154.7084621037638	-18.30566792270768	-154.7084621037637	442.36205500807614	3.658063861790513	-18.305667922708317	3.6580638617895387	364.6550935054955	
2.435457410306722	-632.4837379524644	175.86457221422077	62.390756932233295	175.86457221422248	1495.2927088139427	-162.22376082626263	62.39075693223427	-162.22376082626238	362.3946725966474	
2.488402136617738	1440.4340518424112	471.0741175562088	381.4833956887742	471.0741175562092	940.7799960349224	-16.55125038575258	381.4833956887733	-16.551250385753388	425.4522906720056	
2.5413468629287532	580.3427564574903	-507.9685957495856	14.587379075811826	-507.9685957495858	796.7653156855137	-17.44326301298849	14.587379075811183	-17.44326301298852	198.84184861851233	
2.594291589239769	86.79843804370381	-236.89427545363543	-51.12590177013422	-236.89427545363566	519.0710824414116	-211.43101633349417	-51.12590177013398	-211.43101633349335	-45.40018771546276	
2.647236315550785	-354.0584776569139	512.8255431187557	352.16600260254296	512.8255431187555	-109.3555863481404	19.93037686852268	352.1660026025434	19.930376868522806	-19.917522698548353	
2.7001810418618004	2213.6260253449145	-204.35725277606585	643.3086040702171	-204.35725277606548	2336.5863813049828	70.51071992631054	643.3086040702182	70.51071992631022	-188.87328484169493	
2.7531257681728163	158.41775813901836	223.5367574373672	198.11742834880948	223.53675743736633	149.30795794393052	-72.8140634869195	198.11742834881028	-72.81406348692008	-233.01717836029178	
2.8060704944838317	-676.5472759946244	-190.6674557540438	106.70313906157804	-190.6674557540442	-1361.0070428992026	11.86628917451044	106.70313906157823	11.866289174510326	61.72799243131828	
2.8590152207948476	816.5052273000324	-77.23157884716217	401.72266013978646	-77.23157884716254	1756.5434174209056	77.09646098649219	401.7226601397862	77.09646098649229	112.19019323085264	
2.9119599471058635	-941.7720822500819	-33.95614292486821	28.705796352815756	-33.956142924867684	-1392.6659456191053	34.344846725235215	28.705796352815756	34.34484672523531	318.7172382593352	
2.964904673416879	41.78240171443247	-161.8370336383497	-95.44988482686749	-161.83703363835014	408.4508282693086	50.82730288624637	-95.44988482686757	50.82730288624572	282.4043018485083	
3.017849399727895	-19.3227837775025	586.1988614127495	-92.25156591987103	586.1988614127489	-325.820665356218	-28.097041596824887	-92.25156591987121	-28.097041596824827	156.78853836378974	
3.07079412603891	-1035.8284607160206	252.72182426381045	-32.65590331175553	252.72182426381076	354.6536118266168	161.33943558732608	-32.65590331175606	161.3394355873256	194.7436284387985	
3.123738852349926	38.74810834762015	-234.95897620204863	24.665697126258976	-234.95897620204877	-561.2873788936939	218.77716187628775	24.665697126259165	218.7771618762879	-23.211411518218814	
3.176683578660942	902.6171505555645	-518.7586801506151	-177.59961399747007	-518.758680150615	-313.01840024903805	43.957110827423925	-177.5996139974699	43.95711082742425	210.03427682566587	
3.2296283049719574	44.54350748742171	114.43210054539394	-95.93690595142533	114.43210054539394	543.9134686952863	-116.25619924968733	-95.9369059514244	-116.25619924968741	664.5004769623864	
3.2825730312829733	-15.88036765263791	-393.8515670437697	13.260442745382994	-393.85156704377016	-543.6520330546155	181.89123628073594	13.260442745382644	181.89123628073617	905.5082520095197	
3.3355177575939887	734.5734378376175	344.2493704735288	-160.32373614998068	344.2493704735288	-114.85752666003303	73.33675596074643	-160.32373614998073	73.33675596074643	542.6922185707155	
3.3884624839050046	0.0958465293922876	-194.28142403363847	-110.15561771075434	-194.28142403363856	-411.9894034699258	-464.90190494548295	-110.15561771075433	-464.9019049454824	387.6923842043973	
3.4414072102160205	1111.4768043463575	-124.67251276852085	65.12018935915192	-124.67251276852063	-79.77125716589579	-627.215556591976	65.12018935915182	-627.2155565919759	-114.54877598302922	
3.494351936527036	731.9957569948119	66.63615807224494	162.3384779509273	66.63615807224423	465.0274633005934	-218.84032825652338	162.33847795092743	-218.84032825652312	-133.4816833584975	
3.547296662838052	470.06414809714386	407.34715876491526	26.307389924045516	407.34715876491543	-344.2276852925746	116.37087614112426	26.307389924045587	116.37087614112436	-54.62454547090918	
3.600241389149067	-107.20694566467542	-513.9084131012223	-110.28060960946465	-513.908413101222	234.0423574400557	148.08220669138345	-110.28060960946453	148.08220669138439	-39.17981598170412	
3.653186115460083	-139.96227148598678	707.8192769027356	-158.31977274332073	707.8192769027355	557.5142410100366	94.14851233698595	-158.3197727433203	94.14851233698592	-35.236734033977186	
3.706130841771099	-955.7682672217924	-401.0030007783992	-126.55646897490735	-401.00300077839904	-554.7345174215708	18.63404510050717	-126.55646897490757	18.634045100507283	197.25302114497057	
3.7590755680821144	1241.7000055524936	76.92176281292369	2.932337028618697	76.9217628129234	-496.7827039347494	10.997067211327415	2.9323370286185066	10.99706721132665	216.70259461794987	
3.8120202943931303	-553.1454715739445	-124.35798481429319	-15.105697053028813	-124.35798481429305	932.1778155183656	104.35870599740058	-15.105697053028727	104.35870599740068	390.9080055249351	
3.8649650207041457	-224.52152658821845	-110.68230164324247	-131.55068007568568	-110.68230164324223	-457.73772072589986	284.1469043790595	-131.5506800756855	284.1469043790598	592.0363665635596	
3.9179097470151616	206.43237184886098	514.618453620752	182.23743683412079	514.6184536207523	733.9294514443218	336.98058830798425	182.2374368341205	336.9805883079841	453.72014511369275	
3.9708544733261775	1046.54979856313	-331.90884312749716	481.15208413019604	-331.90884312749677	611.079157687095	-80.79575948221171	481.15208413019633	-80.79575948221135	339.23561983841176	
4.023799199637193	668.72693703517	574.6867882776453	356.93777437897825	574.6867882776453	-269.3823148506249	-11.099777978602624	356.9377743789783	-11.099777978603385	21.788864636761957	
4.076743925948208	-463.520157167122	188.22407734636914	-122.94262662919115	188.22407734636892	652.0795305394759	102.61100433898126	-122.94262662919152	102.61100433898129	266.2765618967846	
4.129688652259224	735.7471276917555	-822.8530326772457	-363.24739045521454	-822.8530326772463	-870.8084400583683	53.38324734807039	-363.2473904552145	53.38324734807096	664.5981108827832	
4.18263337857024	435.70888391611095	97.14864273272313	-172.64911594986597	97.14864273272312	675.2922530341704	-134.84595346322342	-172.64911594986572	-134.84595346322308	740.1777807396709	
4.235578104881256	-368.8639366905354	193.18919486141837	144.65452729540672	193.18919486141874	2.192922768512295	22.591898805967148	144.6545272954063	22.59189880596694	261.5566998614926	
4.288522831192272	467.4429306003839	166.35016088096543	-229.64954437715926	166.35016088096512	948.9363840605846	43.43779825135926	-229.64954437715951	43.43779825135937	26.54808182581776	
4.341467557503287	18.89486260508049	-496.395319844079	-416.34099695317224	-496.39531984407876	501.8661833291564	-85.86363938546937	-416.340996953172	-85.86363938546933	17.134089518969827	
4.394412283814303	-896.0172176971502	43.32553447308432	-266.8466587869714	43.325534473084424	-1342.9293392509187	-353.0815722583856	-266.84665878697155	-353.0815722583858	139.93686475161942	
4.447357010125319	60.24847710761221	-199.28052181796863	138.08693859115434	-199.28052181796812	-560.1658972315954	-395.34652156313933	138.08693859115454	-395.34652156313905	93.34972117276702	
4.5003017364363345	25.35623652697704	-262.31956234423325	2.408822357029103	-262.3195623442336	-1136.1512882550323	-388.73488708039946	2.408822357028932	-388.7348870803995	54.65471313893117	
4.55324646274735	1184.8897985779781	161.46029166530982	-109.86569055386168	161.46029166531005	-440.9359206970687	-287.3142695736998	-109.86569055386195	-287.31426957369985	168.10879198982232	
4.606191189058365	-960.3081949777294	462.7805323636594	-79.14922632236438	462.78053236365986	-1025.0838599574304	31.99892233399912	-79.14922632236438	31.998922333998966	605.6910543529799	
4.659135915369381	1077.0920795203706	297.50173682027054	-73.18428158577802	297.5017368202708	1849.3257144423947	-119.42180841669291	-73.18428158577714	-119.42180841669284	549.3915181819957	
4.712080641680397	69.19072247224398	273.04270795911924	-490.3443587878715	273.04270795911947	-381.89792698810567	-482.490467042674	-490.3443587878717	-482.49046704267533	-18.104066515197264	
4.765025367991413	66.94221936922949	-1409.7442157463702	-270.54909896404	-1409.7442157463702	511.0266462204537	-335.6477037414059	-270.5490989640402	-335.6477037414066	-639.6045354056122	
4.817970094302429	542.5199057924806	558.7680688106451	-48.7970263972469	558.7680688106448	-115.56989313790054	-453.1719142463472	-48.797026397246945	-453.1719142463471	-615.3684291539214	
4.870914820613444	-877.6346032994975	238.52639610765118	-51.66950001423289	238.52639610765092	2155.484890590399	-268.19170780713114	-51.66950001423237	-268.19170780713085	-324.6848197481247	
4.92385954692446	2185.5859135929677	-775.5734672554626	54.934649596321194	-775.5734672554624	844.5414539651696	282.59883354164293	54.934649596320966	282.5988335416439	-154.68248577125786	
4.976804273235476	611.1171098661829	-946.2366620060344	-55.90112417493559	-946.2366620060336	-999.6511292427745	450.41421919262876	-55.90112417493627	450.4142191926292	-54.79042655152403	
5.0297489995464915	1343.4970075256103	1238.5244507832606	-204.2977483930498	1238.52445078326	3309.583840789968	-80.62921306321536	-204.2977483930498	-80.62921306321535	383.70505392648363	
5.0826937258575065	321.999173461946	428.4592662337809	-387.04595468549167	428.4592662337814	914.5756565252468	-260.7183725006926	-387.0459546854914	-260.7183725006922	347.9705366688728	
5.135638452168522	1190.7099021727943	-702.9988609759542	-231.52510594695312	-702.998860975954	1396.7263975736387	-256.0080299407773	-231.52510594695224	-256.00802994077674	294.06701919611953	
5.188583178479538	533.6398809035429	913.2081728924277	-189.44640192123353	913.2081728924277	950.0675377010975	-328.0733996135034	-189.446401921234	-328.07339961350186	439.91874193240125	
5.241527904790554	2064.2558629986256	-465.2350741156681	-203.75402453985777	-465.2350741156702	256.21340058954513	-426.1355647853192	-203.75402453985822	-426.13556478532	284.24190016151783	
5.29447263110157	729.03719447968	-327.77119572412715	-369.33883710779475	-327.7711957241245	1819.1292527031103	-135.81017766186207	-369.3388371077933	-135.8101776618618	43.98587419286813	
5.347417357412585	661.0107204051542	644.2401955423179	120.22650395804447	644.2401955423201	679.7262522903486	-149.21106174661716	120.22650395804527	-149.2110617466156	464.23034020319784	
5.400362083723601	-1353.0541200387554	-921.5129396390302	256.2094005396721	-921.512939639031	-1098.937504124313	-97.7990307027585	256.2094005396728	-97.79903070275768	623.0613661427502	
5.453306810034617	-67.99851967591847	10.435997317175413	107.2345869550408	10.435997317175014	1418.2745375965471	-135.77543782719084	107.23458695504053	-135.77543782719138	502.7148802634731	
5.506251536345633	54.78563240255869	132.95929753179772	63.64450919010384	132.95929753179772	-44.90712601626576	-144.29594420640353	63.64450919010406	-144.29594420640197	502.3432288142764	
5.5591962626566485	115.34317914395169	391.83928713243466	291.50899446423637	391.83928713243654	138.80795750540003	19.474445775146926	291.5089944642355	19.474445775147192	211.38844325343575	
5.6121409889676634	-895.7453112622583	286.37364341779045	344.76365224182825	286.3736434177918	260.4035044246801	59.752121877516295	344.76365224182933	59.752121877515535	109.65239496434094	
5.665085715278679	-989.2542890590512	237.2896380975819	332.8959165410312	237.2896380975853	285.2971980189323	49.45314829712885	332.89591654102884	49.45314829713227	159.05429584228062	
5.718030441589695	-603.712862265339	-305.99308672553457	294.6663204942084	-305.9930867255378	-598.3601023649642	-22.581401398699118	294.66632049420963	-22.581401398698333	-118.44571408605327	
5.770975167900711	-827.3649442936262	162.2567363135273	275.8658221272488	162.25673631352822	-710.0029036028789	236.90886566092075	275.8658221272482	236.9088656609202	-269.5749982554105	
5.823919894211727	-234.64484291642498	168.41294263032714	296.5174517262673	168.4129426303277	-1498.233300410083	135.1621055765638	296.51745172626886	135.1621055765634	-238.95766025612912	
5.876864620522742	-407.0295987564544	145.31789698448898	105.20574339253251	145.31789698448864	295.88854759590913	-112.76046738749457	105.20574339253221	-112.76046738749517	-290.02649957243676	
5.929809346833758	-777.6383243613392	-712.1584917355141	-11.624773480594394	-712.1584917355214	-978.7683142736375	-61.80004120014381	-11.624773480594863	-61.80004120014372	-188.00726150880422	
5.982754073144774	502.75525510417134	-340.4930255955298	46.62971897453239	-340.4930255955288	431.1433625522125	-44.86798670159829	46.629718974532864	-44.86798670159844	7.957155966224954	
6.03569879945579	-676.4751810355152	-703.4841138004481	91.24598179056954	-703.4841138004507	661.3142579490328	54.50440372372634	91.24598179057003	54.50440372372745	-72.04718886573424	
6.0886435257668055	302.00142627765604	-188.4023321689744	203.03460900254538	-188.40233216897622	-184.8418724065559	-47.228361915538315	203.03460900254717	-47.22836191553838	-137.02358683750026	
6.14158825207782	-236.27769562578248	-229.89499782279668	133.14755386096277	-229.89499782279913	75.84912908113121	-155.409596782319	133.1475538609642	-155.40959678231886	-122.67059417516954	
6.194532978388836	175.3704264132331	246.2447288022097	-0.14616280288680758	246.24472880220944	-648.4410253996423	-11.181320004526132	-0.1461628028869446	-11.181320004526931	-198.29714236821118	
6.247477704699852	-1428.39574115866	-320.2016164723698	27.479272620354287	-320.20161647236904	-357.6406635089566	29.577636159616773	27.479272620354063	29.5776361596181	-151.57211208925523	
6.300422431010868	1099.0459233226297	672.3011763333029	-38.38755900520404	672.3011763333011	-354.11149578012527	67.44892156280604	-38.387559005203435	67.4489215628052	-89.43042344902435	
6.353367157321884	-1380.7044880181904	-198.54254670036605	15.899502570284714	-198.54254670036588	-859.8505510608111	106.55038723756847	15.899502570284481	106.55038723756691	-3.188338551664318	
6.406311883632899	142.28288998713006	106.82638650165626	-25.602870218176683	106.82638650165494	85.6353487382804	37.27681677142191	-25.60287021817592	37.27681677142152	123.77787742395897	
6.459256609943915	-26.18847612365996	6.094445119051658	-18.791067821602642	6.094445119053485	-592.8933914921788	-54.050854873253364	-18.791067821601874	-54.050854873254245	174.43096778878922	
6.512201336254931	485.0040074443489	-212.10417467104025	-16.433515086676582	-212.10417467104054	24.050300061742895	-32.35429215708327	-16.433515086676348	-32.354292157083734	40.84107690257257	
6.565146062565947	120.78560576961085	-73.64269858204224	102.9165470802894	-73.64269858204251	705.9556947249192	-68.51814890729979	102.91654708028894	-68.51814890729942	-191.10259021585213	
6.6180907888769624	-185.02114162791622	-124.21415972046897	223.88758775425484	-124.2141597204675	-773.2859387430868	-172.61379554675145	223.88758775425234	-172.6137955467505	-88.47005228359987	
6.671035515187977	439.74481798852173	-180.8642268599318	290.01265921575475	-180.86422685992991	-237.22377815709925	-132.28247628744876	290.01265921575424	-132.28247628744563	-98.23119633618882	
6.723980241498993	-529.473185030881	168.8028962404064	211.65706372352383	168.80289624040836	415.09079546908725	11.526342350104288	211.65706372352273	11.526342350105802	-46.430073518718665	
6.776924967810009	1461.2271033859822	116.53897448145138	199.83238577286554	116.53897448145516	-345.1054137870254	60.86110250254105	199.83238577286525	60.86110250253963	116.56629337384653	
6.829869694121025	-613.2797085076434	-96.08068617640401	293.7900001450049	-96.08068617640485	729.2105182706403	40.17675992226032	293.7900001450068	40.17675992225883	139.9146429384901	
6.882814420432041	439.5028260869989	-216.81951270857297	225.37587320117916	-216.81951270857135	-775.1870371602623	-16.97630770357487	225.37587320117726	-16.97630770357465	126.7408187843582	
6.935759146743056	-471.88985191190767	528.6749686554738	67.82009766844426	528.6749686554728	-98.36831752204455	21.060002506069065	67.82009766844433	21.06000250607198	76.66382471033597	
6.988703873054072	739.7528897163908	66.99789082909138	-55.122514528307754	66.99789082909227	402.893002771834	-28.610862603361863	-55.1225145283071	-28.61086260335904	39.75027520030635	
7.041648599365088	-754.8229230487798	86.29081780040121	46.74844584033996	86.29081780040075	302.7429926087597	-88.69285490709726	46.748445840338945	-88.69285490709493	180.26455034280582	
7.094593325676104	581.4690795140519	32.347555434130506	117.1431938089785	32.34755543412833	220.3178975224666	-41.14187938985496	117.14319380897827	-41.14187938985664	97.16571215838168	
7.1475380519871194	40.77378625481449	63.470601654110574	58.50070430952445	63.47060165410907	126.16395669036832	-43.4421416082731	58.500704309520906	-43.44214160827218	160.11930916952815	
7.200482778298134	1238.937777265626	350.814194990192	24.263816555463897	350.81419499019233	881.8141866400957	-75.93549205203517	24.26381655546479	-75.93549205203529	190.28998347351498	
7.25342750460915	-0.32633040897767457	-782.6362114763896	168.0898163399826	-782.6362114763907	235.42884358320543	52.958376224785646	168.0898163399836	52.95837622478793	163.13746741709573	
7.306372230920166	611.6839214554859	-33.24616752536022	110.18667292047625	-33.24616752536299	-684.7098320740649	153.6189732819827	110.18667292047454	153.61897328198333	91.93530190866696	
7.359316957231182	-731.6306222609481	-477.98853531943996	138.4317843833863	-477.98853531943917	286.576325207224	147.99104054516766	138.43178438338725	147.99104054516818	93.57620892029908	
7.412261683542198	1022.2693097149786	26.14485358179072	185.8833917622273	26.14485358179018	357.26306835538736	24.88835216843887	185.8833917622278	24.888352168437986	52.63458197738953	
7.465206409853213	-763.1939328552693	99.29922306717344	71.86722323696902	99.29922306717226	471.2484122015598	23.498390011738454	71.86722323697158	23.498390011738014	60.696707138504244	
7.518151136164229	1098.8436652017588	-72.2251609002013	60.313935893076255	-72.22516090019948	-76.775389938735	13.616814676115528	60.3139358930806	13.616814676114892	100.98187326202336	
7.571095862475245	332.7702155856937	698.7704892244356	-20.747058780644902	698.7704892244365	1031.2895324245167	5.262726775948701	-20.747058780644476	5.262726775949915	160.6849251593245	
7.624040588786261	774.5933028664747	101.28551278826156	59.83481686495447	101.28551278826251	-92.07300307532235	28.3828972996258	59.83481686495538	28.382897299625267	172.8836744147376	
7.676985315097276	65.39491769344501	594.689440729676	13.50979274434741	594.6894407296757	481.30026626829175	-1.835994722539286	13.509792744350555	-1.8359947225375086	219.13977499424192	
7.729930041408291	300.0504419980904	22.96091987505719	-17.129029561624865	22.960919875055822	856.2693195368803	-131.17305611873866	-17.129029561625288	-131.17305611874215	92.1702520301842	
7.782874767719307	-806.9969322199179	273.169268060393	15.436758943063914	273.1692680603956	-477.403918613462	-134.00550978221776	15.436758943060367	-134.00550978221727	112.40622049334478	
7.835819494030323	6.482409588446005	-5.127747969237154	46.51687218014156	-5.127747969238966	227.54044440653027	-44.59425112929738	46.51687218014114	-44.594251129299636	101.98629438183114	
7.888764220341339	252.75982416915838	-416.9722280952341	-14.346371972924855	-416.9722280952353	517.8954909000729	-16.447602979367325	-14.346371972925908	-16.447602979372142	148.00075525263898	
7.941708946652355	32.080018458036676	-167.95815584252213	-13.850588492384311	-167.9581558425203	350.1733506099167	24.256505526953603	-13.850588492384098	24.25650552695253	206.00564784512667	
7.99465367296337	-413.23434448579206	-257.69600187488146	-97.67425543288564	-257.6960018748829	107.9574143572019	99.49394329291532	-97.67425543288662	99.49394329291161	130.83751653885054	
8.047598399274387	370.2662306588666	-91.91808504154669	54.87202295104181	-91.91808504154749	-264.14862270931326	75.03403628995345	54.87202295104538	75.03403628995355	118.95404315317593	
8.100543125585402	-307.51156670354766	-393.09064585069314	126.38753545661397	-393.09064585069103	528.6853749590521	-25.495134182337775	126.38753545661139	-25.495134182338447	94.25436844960905	
8.153487851896417	917.32047281506	-483.2688642523664	62.075420457944276	-483.2688642523632	-993.0866059275241	11.273317605353819	62.075420457945434	11.273317605353746	60.32796393930165	
8.206432578207433	-189.78531213890514	-671.5889597226513	-6.738204333931136	-671.5889597226522	1572.0247250408195	47.01704104869697	-6.7382043339298745	47.01704104869746	-17.796380842547418	
8.259377304518448	-410.7784070986092	376.6589790192929	-39.165683299091825	376.6589790192946	-788.2499928245498	58.30392777944921	-39.16568329908992	58.30392777944678	11.884891985479747	
8.312322030829465	619.1485048653509	-654.6567145569769	-53.359514745334245	-654.6567145569803	458.8896436241004	-30.8114009230609	-53.35951474533329	-30.811400923060376	170.8150333295501	
8.36526675714048	-439.10208900231726	-74.60243804526678	-2.874932270387373	-74.60243804526539	-444.5657165836053	85.2527414591545	-2.8749322703867377	85.25274145915174	67.12948932500441	
8.418211483451495	59.84745136764619	-700.4277303765692	-18.45312816975865	-700.4277303765716	-406.5953205659921	87.02429766467189	-18.453128169757402	87.02429766467017	-16.383438048661368	
8.471156209762512	241.03531226132048	-185.07551266937807	-53.50114862321075	-185.0755126693752	155.8896007088494	-46.66948271516674	-53.50114862321261	-46.669482715165216	87.96493400438025	
8.524100936073527	-511.2210525201929	-492.6491654451858	-107.20814016968829	-492.6491654451892	-481.9512537697554	-80.31282945690694	-107.20814016968478	-80.31282945690886	44.986247007182634	
8.577045662384544	171.03049320937123	-244.86808219553066	35.904150196153296	-244.86808219553393	-814.140349115837	12.61068844336597	35.904150196153495	12.610688443364225	22.861442395926495	
8.629990388695559	239.58901471583553	-310.0162174851976	76.4396382235694	-310.01621748519307	996.6546874189816	-14.707211000206664	76.4396382235701	-14.707211000208739	46.257322714383825	
8.682935115006574	-1194.481080683467	-142.4521922792739	130.8422910042541	-142.45219227927237	-534.6044921852179	8.642533004303402	130.8422910042574	8.64253300430646	-43.911729258241486	
8.73587984131759	875.4220656261421	76.01106208259846	204.35457390920166	76.01106208260131	-311.3049640130097	42.700825496293966	204.35457390920325	42.700825496292175	-80.6362199387372	
8.788824567628605	71.600046769469	-123.24735082922263	136.3232508509612	-123.24735082922219	429.13064330274767	25.34579625413459	136.32325085096477	25.345796254132708	85.84804457086567	
8.841769293939622	-881.3225953958297	129.99789426009264	44.94251627051096	129.99789426009306	-215.32211249426558	49.8015399668768	44.942516270512286	49.80153996687589	216.9203103666528	
8.894714020250637	-749.5481995969353	-312.871696567713	129.88322881382217	-312.87169656771255	-226.91017432925432	96.56163681216839	129.8832288138208	96.5616368121698	144.67665318032093	
8.947658746561652	-164.83566444124259	-117.09413509583375	182.48517048793877	-117.09413509583578	72.36884588182421	205.80412625295108	182.48517048794105	205.80412625295236	136.43067077928845	
9.000603472872669	-102.62244569762886	-42.55942816125646	40.541181112353954	-42.55942816125844	212.789567946373	202.0938299830077	40.54118111235594	202.0938299830079	150.62344710447965	
9.053548199183684	-34.93955092633452	-220.90373156073264	-97.66393881177004	-220.90373156073272	131.67659857694156	72.45769868580396	-97.66393881177035	72.45769868580393	188.29510953290094	
9.1064929254947	-457.3037783764363	-127.27602659431375	-30.843574628910005	-127.27602659431716	87.4877622812376	-46.533168155212735	-30.843574628907927	-46.53316815521093	154.69012967493174	
9.159437651805716	407.9542235980196	-885.7574883933677	144.95670238035487	-885.7574883933612	353.21184153496085	33.18262073954459	144.95670238035336	33.1826207395474	178.7047361035645	
