# Stress in units of bar (10^5 Pa)
# z	Sxx	Sxy	Sxz	Syx	Syy	Syz	Szx	Szy	Szz
0.0	76.23816511837875	-232.79690597232866	93.38197478799356	-232.79690597232906	154.67871062404868	54.983124095684076	93.38197478799333	54.983124095683834	164.9931993229225	
0.0529447263110157	141.31679208883855	-222.94077712143616	101.5219717601498	-222.94077712143653	128.56853664436517	55.58226657680045	101.52197176014934	55.58226657680002	164.8725209515189	
0.1058894526220314	188.54604805182692	-206.48253093917134	105.42673272940692	-206.48253093917165	84.65548745845831	60.29265787553672	105.42673272940635	60.29265787553618	164.7357096448458	
0.15883417893304708	210.05597100470231	-185.76079541659698	103.87235971948908	-185.7607954165972	29.37231409800134	67.67009576165894	103.87235971948844	67.67009576165837	165.2327871335838	
0.2117789052440628	202.55702919483522	-161.84225704172692	97.22622610527088	-161.84225704172715	-28.062036131858708	75.80900316132369	97.22622610527023	75.80900316132312	166.45573513281843	
0.2647236315550785	169.22369418680532	-134.76172439220147	86.89642760921663	-134.7617243922016	-77.13208330262965	82.76703548353093	86.89642760921602	82.76703548353044	167.75300373103926	
0.31766835786609415	118.81977089906385	-104.99469312891512	74.56441644363184	-104.99469312891513	-108.09807626612879	86.90407360852757	74.56441644363127	86.90407360852714	167.81353471265928	
0.37061308417710986	63.32466113069826	-74.34626987895669	61.56833401964573	-74.34626987895658	-112.85098021296557	87.17074635473901	61.56833401964523	87.1707463547387	165.04670115006198	
0.4235578104881256	14.978839233336842	-45.91340281501735	48.62590175925993	-45.91340281501711	-85.9903952216482	83.31051476692858	48.62590175925948	83.31051476692838	158.18438509740028	
0.4765025367991413	-16.42560911952225	-22.59730974401632	35.960816943828945	-22.597309744015966	-25.891099675897067	75.8502237393715	35.96081694382852	75.8502237393714	146.92483436334547	
0.529447263110157	-26.07424789964003	-5.589027908815501	23.719728100073738	-5.589027908815034	63.57221759989487	65.77321504877644	23.71972810007329	65.77321504877642	132.33212798341305	
0.5823919894211727	-15.461097448290323	6.085878092938751	12.458867297953214	6.085878092939234	172.21659778972062	53.97399564673567	12.458867297952715	53.97399564673572	116.75996047073694	
0.6353367157321883	7.368833965139153	14.658860512373407	3.304517725776499	14.658860512373835	284.725439008813	40.802453964073614	3.304517725775926	40.80245396407367	103.19832967125757	
0.6882814420432041	30.493843521531566	21.979425841467133	-2.37573179513881	21.979425841467403	384.67119820056126	25.962464209487287	-2.375731795139476	25.962464209487326	94.19748569080858	
0.7412261683542197	42.277026126811755	28.78192790538091	-3.5202075717690686	28.781927905380996	458.9070327517313	8.883682196852423	-3.520207571769813	8.883682196852426	90.8235822976428	
0.7941708946652355	36.163708589396016	34.94944128417893	0.32791521122580825	34.94944128417876	500.8437456820287	-10.542648077238523	0.3279152112250161	-10.542648077238583	92.19519336145082	
0.8471156209762511	13.289131096902729	40.479217798337146	9.203127487639218	40.47921779833678	510.5705890704077	-31.290525459283494	9.203127487638438	-31.290525459283636	95.98418648488322	
0.9000603472872668	-18.050259335942137	45.94550943311398	23.1122370275935	45.94550943311336	492.969309854744	-51.0319531175052	23.112237027592784	-51.031953117505445	99.7087077350734	
0.9530050735982826	-46.372940456586136	52.272036427480444	42.08894561222014	52.272036427479684	454.7489729737396	-66.68023847068896	42.088945612219526	-66.6802384706893	102.10463646896031	
1.0059497999092983	-62.200707225146346	60.27484547900364	65.62639497172108	60.27484547900277	402.3847489650958	-75.39900639945563	65.62639497172056	-75.39900639945606	103.70592540351238	
1.058894526220314	-61.87200361886465	70.52739997684452	91.87804483967315	70.52739997684363	341.0941603856843	-75.56730148841282	91.87804483967268	-75.56730148841328	106.20521571811794	
1.1118392525313296	-47.83938738685376	83.53419025061763	117.28519143917339	83.53419025061673	275.20601895905685	-67.24111255813547	117.28519143917288	-67.241112558136	110.97405875357553	
1.1647839788423453	-25.856463858509557	99.79286228457424	137.1664521825274	99.79286228457336	208.62866375275286	-52.10272871017585	137.1664521825268	-52.10272871017641	117.87323231341708	
1.217728705153361	-1.0802000270016663	119.36127515590414	147.11647625817557	119.36127515590329	145.6629467962592	-33.048562105053136	147.1164762581748	-33.04856210505375	125.26464913395876	
1.2706734314643766	24.18848836332515	141.33912964058288	144.63271004844424	141.33912964058206	90.74458221719898	-13.519572192390408	144.6327100484433	-13.519572192391086	131.21103660418257	
1.3236181577753925	50.318773377459365	163.55645728885145	130.13540039414838	163.5564572888506	48.1054746676256	3.4413063551767014	130.13540039414738	3.4413063551759198	134.8960612735537	
1.3765628840864081	77.78349901799788	182.76969613453838	106.92734409561712	182.76969613453758	20.07909252786808	16.250748806925667	106.9273440956162	16.250748806924765	137.1074747603638	
1.4295076103974238	105.58135842249894	195.56406110566132	80.17480396502609	195.5640611056605	6.340499895348394	25.43966588216395	80.17480396502532	25.439665882162924	139.4219688295312	
1.4824523367084395	131.03438524818083	199.53472516157444	55.43537862601107	199.53472516157373	3.631939050820284	33.32852186841938	55.435378626010554	33.32852186841825	142.75394727070554	
1.535397063019455	152.96096849439527	194.5356065992202	37.35992172803467	194.5356065992196	7.673315784113807	42.71970869698996	37.359921728034415	42.719708696988775	146.4206113673825	
1.588341789330471	174.53753532682765	183.13017313537895	28.96054074694982	183.13017313537853	15.599082000321502	55.4058521047451	28.960540746949825	55.40585210474394	148.42084007728337	
1.6412865156414866	204.06298982890345	169.91029605918476	31.389394425640415	169.91029605918453	28.474068911675133	71.44633188558964	31.389394425640614	71.44633188558856	146.57696912668578	
1.6942312419525023	251.16002385791938	159.2921946303844	43.86315514279738	159.2921946303844	50.86820955523435	89.5058064183558	43.8631551427977	89.5058064183549	139.7222011229228	
1.747175968263518	320.4660995837137	153.49604507198137	63.59018317867654	153.49604507198154	89.33396980274821	107.77678000753863	63.59018317867688	107.77678000753792	128.24257555702437	
1.8001206945745336	407.00622719991975	151.76782758148923	85.89924005379048	151.7678275814895	148.9978914576888	124.64481915319101	85.8992400537908	124.64481915319045	113.91133941630545	
1.8530654208855495	497.6042968895732	151.5235213741526	105.09102861397389	151.52352137415303	230.9674369849755	138.81508051555485	105.09102861397415	138.81508051555448	99.38009455658212	
1.9060101471965651	577.0568619441381	150.6043888123952	116.0013450985998	150.6043888123957	331.4465020766957	149.04825504740936	116.00134509859998	149.04825504740916	87.71458899377413	
1.9589548735075808	636.3935389872756	149.09523268374613	115.85555424399121	149.09523268374667	443.008463763069	153.95185961914902	115.85555424399132	153.95185961914902	82.0790111689415	
2.0118995998185967	676.3805006025659	149.32032735474343	105.36159515303405	149.32032735474394	556.8914992380056	152.07830597115995	105.36159515303413	152.0783059711601	85.38148576465832	
2.064844326129612	705.2156132817519	154.01151637375096	88.38282218237181	154.01151637375136	665.5998700753062	142.23807612651788	88.38282218237188	142.2380761265182	99.64274784534263	
2.117789052440628	731.4881168048979	164.12208873172713	70.35335803768875	164.1220887317273	763.330105301649	123.9932792245029	70.35335803768879	123.99327922450331	125.15714554858253	
2.1707337787516434	758.3460620116675	177.43825464468944	56.31769045185885	177.43825464468947	845.5976734596038	98.18597538670438	56.31769045185889	98.18597538670485	159.67236027392917	
2.2236785050626593	781.565370400454	188.9833555728122	49.56723976631191	188.98335557281212	908.3474180361936	67.19027642221432	49.567239766311886	67.19027642221474	198.05338994470324	
2.276623231373675	792.6512056263913	192.86499636192153	51.36766857699833	192.8649963619214	947.6076356291014	34.63641878659115	51.36766857699829	34.63641878659144	232.88475517402316	
2.3295679576846906	784.148619161354	184.7588565425692	61.542160230093245	184.75885654256908	960.8857709603074	4.562922694385376	61.542160230093174	4.562922694385536	256.03609393250935	
2.3825126839957065	753.8927482450348	163.83548882535692	79.15093857145605	163.83548882535683	948.1303909420237	-19.63950081000657	79.15093857145598	-19.639500810006542	260.8847821706896	
2.435457410306722	705.7164144598114	133.24405629176982	102.84992405269685	133.24405629176977	911.9490879935547	-35.97084822635382	102.84992405269682	-35.97084822635387	244.49741206396754	
2.488402136617738	646.8211409956789	98.87115323442661	130.77616084927547	98.87115323442666	856.3571040641716	-43.95923139438706	130.77616084927547	-43.95923139438716	208.94209015187863	
2.5413468629287532	583.4646867508188	66.93110022234512	160.15151508665474	66.93110022234512	784.9484820748975	-44.3329364471503	160.15151508665477	-44.332936447150395	161.26066750425534	
2.594291589239769	517.4618535468749	41.60730636561168	186.96352132006857	41.60730636561163	699.6631884382911	-38.537119539769144	186.96352132006874	-38.53711953976923	111.8902033496604	
2.647236315550785	445.84257170274947	24.12444861146959	206.20515817769206	24.12444861146946	601.0009634540412	-28.310411356499067	206.20515817769223	-28.310411356499163	71.85014171514274	
2.7001810418618004	364.0764000063994	13.694901551181161	212.9483528391164	13.694901551181005	490.44570240051894	-15.393398050624695	212.9483528391167	-15.393398050624786	49.53006571316229	
2.7531257681728163	270.35263858740007	8.900120531875992	203.98930920083188	8.900120531875814	372.2876843408031	-1.289201368793373	203.98930920083217	-1.2892013687934831	48.28589768138205	
2.8060704944838317	169.6488657873731	8.620534035176906	179.2215095322658	8.620534035176693	254.64539078998152	12.895310801482466	179.22150953226603	12.895310801482342	65.88611245469066	
2.8590152207948476	73.19219891601858	11.4830246781314	141.95547982482694	11.483024678131198	147.1706561932421	26.397401472221826	141.95547982482708	26.397401472221695	96.25970510429576	
2.9119599471058635	-4.402298437425117	14.74084428262693	97.94808354539327	14.74084428262675	57.79342776180627	38.467114391152876	97.94808354539336	38.46711439115274	132.6932964137131	
2.964904673416879	-50.321809063406505	14.285362974661481	53.614958503778645	14.285362974661325	-9.949793229053427	47.91110777644581	53.614958503778695	47.9111077764457	170.83865035006693	
3.017849399727895	-57.550838523006774	6.563975983502125	14.29184255342231	6.563975983501987	-57.12526966391435	52.799446842870864	14.291842553422324	52.799446842870765	209.66462924651677	
3.07079412603891	-26.858510873945313	-9.094394721421011	-16.756976594009714	-9.094394721421153	-87.93930212585784	50.54720255965155	-16.75697659400971	50.547202559651495	249.6972062618975	
3.123738852349926	34.07681492899872	-29.214603782635784	-38.32998123416871	-29.214603782635905	-107.11549250387003	38.62041908303922	-38.3299812341687	38.62041908303921	289.6599492540651	
3.176683578660942	112.99142301543422	-47.51002209747856	-50.67842058703887	-47.510022097478654	-117.95350418665757	15.733670969274973	-50.67842058703883	15.733670969275018	324.0489965756702	
3.2296283049719574	196.7035486277422	-57.92313731150687	-54.836407335598544	-57.923137311506956	-121.70075465568185	-16.757951321694943	-54.83640733559849	-16.757951321694843	343.78204279229703	
3.2825730312829733	272.91932986087954	-57.41527164767298	-52.39860940511314	-57.41527164767305	-117.669910083513	-54.00650325242912	-52.398609405113085	-54.00650325242898	340.1629666006664	
3.3355177575939887	330.9752298325013	-46.82650527414694	-45.63584131760632	-46.826505274147024	-104.7677305039498	-88.11083108422679	-45.635841317606264	-88.11083108422659	310.0270230864422	
3.3884624839050046	361.9334788447607	-29.74554861936342	-37.51270115039969	-29.74554861936349	-83.25807213277903	-110.20346008279759	-37.51270115039965	-110.20346008279736	258.7898528073705	
3.4414072102160205	360.11124589960514	-10.8707298251406	-31.118229472987817	-10.870729825140678	-55.631854973150844	-113.74478141758885	-31.118229472987775	-113.74478141758864	199.41196104866623	
3.494351936527036	325.6263005634181	5.649456666823859	-28.50168718632483	5.649456666823809	-26.44360861517225	-97.27489045549282	-28.50168718632478	-97.27489045549261	147.78861410146664	
3.547296662838052	266.54321090366807	17.172377211853323	-29.47980738364641	17.17237721185331	0.11331205097228292	-64.9346528329694	-29.479807383646357	-64.93465283296919	117.10604747770857	
3.600241389149067	198.12930875302513	23.045224990785215	-31.32204070773266	23.045224990785186	22.60120364524493	-24.40136818272043	-31.322040707732608	-24.401368182720258	113.7962394815728	
3.653186115460083	138.34112426193838	24.706671019265926	-29.79306877107037	24.706671019265926	42.99135447190775	16.34763124886367	-29.79306877107032	16.3476312488638	136.48401369700085	
3.706130841771099	102.00721040969121	24.99401692409171	-21.095903827133725	24.994016924091767	65.33692881439448	51.44665011657194	-21.09590382713369	51.44665011657202	177.55223446044388	
3.7590755680821144	96.20661239344093	26.7811918372513	-4.0146208331789985	26.781191837251356	92.32373249950638	77.64233020451377	-4.014620833178984	77.6423302045138	226.3146310490379	
3.8120202943931303	118.8690164001886	31.141460085203718	18.79269481783	31.141460085203796	122.89373128627808	93.51391987574326	18.79269481783002	93.51391987574326	272.58094871598024	
3.8649650207041457	160.31766390944665	36.47920994198667	41.02905787392878	36.47920994198675	151.95866360852813	98.6399232842301	41.02905787392878	98.6399232842301	309.4860240224562	
3.9179097470151616	206.7171495541743	39.17199465643277	54.74404223636622	39.17199465643285	173.30338435227623	93.44182314579858	54.74404223636621	93.44182314579858	334.6307043888969	
3.9708544733261775	243.950234950891	35.624824458315544	53.45010489876124	35.62482445831559	182.96756816999874	79.32958089604222	53.45010489876121	79.32958089604223	349.01891966582315	
4.023799199637193	261.59909225062324	24.36077260669056	34.95992846054742	24.36077260669061	180.78522841580101	58.42800985375661	34.95992846054738	58.428009853756635	354.4651438413487	
4.076743925948208	254.9826688193187	6.965023129562361	2.422265661640748	6.965023129562361	168.33224272281535	32.72619075745056	2.4222656616406946	32.7261907574506	351.309116372727	
4.129688652259224	225.62468821391172	-13.038786610942196	-36.96472489548958	-13.038786610942203	145.35449368259071	3.255902380634156	-36.96472489548963	3.2559023806342084	338.21601092003095	
4.18263337857024	180.23748411390775	-31.79195827620409	-74.85393238747622	-31.791958276204113	107.44942838664963	-30.01174428694532	-74.8539323874763	-30.011744286945266	314.18594356791624	
4.235578104881256	128.8338768490475	-46.466540455620155	-104.56717961026024	-46.46654045562015	48.57681750705544	-67.26905611832281	-104.56717961026031	-67.26905611832275	281.1294725571259	
4.288522831192272	83.01412998348118	-55.04480446217295	-122.72848789425244	-55.04480446217292	-32.855296878657846	-107.58312570418944	-122.72848789425251	-107.58312570418934	244.64052676722014	
4.341467557503287	53.19402038813656	-55.84839096027393	-129.6244714384002	-55.848390960273846	-127.60135155172398	-148.1550795396221	-129.6244714384003	-148.15507953962208	211.96140587796796	
4.394412283814303	46.039930617373955	-47.766451618627016	-128.62735843703405	-47.76645161862692	-214.48398518342995	-184.84127685807465	-128.62735843703408	-184.84127685807465	188.16148389971084	
4.447357010125319	62.08625250353319	-32.0949309683713	-124.8837769595783	-32.09493096837116	-267.1241129767216	-213.7888328884579	-124.88377695957831	-213.78883288845793	172.80942388913877	
4.5003017364363345	96.2184616585522	-13.612336321932805	-123.32816841759094	-13.612336321932636	-264.087377115066	-233.1242363718847	-123.32816841759094	-233.12423637188476	159.31108919982847	
4.55324646274735	140.3550201929093	0.14064500847036143	-126.62104940464741	0.1406450084705142	-197.7589508587031	-243.3041992266929	-126.62104940464738	-243.30419922669302	137.7287001159118	
4.606191189058365	188.26350414887435	1.8873112569246047	-134.0234029210057	1.887311256924768	-76.41977405569662	-245.74357019144014	-134.0234029210057	-245.7435701914403	100.10460254730171	
4.659135915369381	238.68053521411855	-11.224919013866739	-142.0734564606508	-11.224919013866597	81.19241207981821	-240.8557992585791	-142.07345646065073	-240.85579925857928	45.81767681477523	
4.712080641680397	295.65532327754653	-35.55720070160214	-146.87330396364604	-35.55720070160203	254.08897515325953	-227.44036815675744	-146.87330396364598	-227.44036815675764	-16.063504075624785	
4.765025367991413	365.13289851852335	-62.04635493556982	-146.71443509612732	-62.04635493556971	425.7927524830426	-204.2626535730447	-146.7144350961273	-204.26265357304482	-69.37078066050283	
4.817970094302429	450.2932529530903	-79.94168210965908	-143.29046090895744	-79.94168210965904	586.6284472828443	-172.93923414620488	-143.2904609089574	-172.93923414620485	-97.3518908693356	
4.870914820613444	547.9683557441009	-81.47663943350206	-140.68868179997824	-81.47663943350202	731.2376403983185	-139.6064428707658	-140.68868179997824	-139.60644287076568	-89.83936509372464	
4.92385954692446	648.457245273586	-64.99924612445973	-142.76096107013072	-64.99924612445969	855.3117703183901	-113.50329678813408	-142.76096107013075	-113.50329678813388	-47.282421770652334	
4.976804273235476	738.5170980992432	-35.826778961277704	-150.49890139721379	-35.82677896127764	952.7112679351214	-102.82236630262605	-150.49890139721376	-102.82236630262574	20.224371945173313	
5.0297489995464915	805.2497781670306	-4.101919558145781	-160.96054123427962	-4.101919558145738	1015.6198344440359	-110.38518815440173	-160.96054123427956	-110.38518815440139	97.85261576147893	
5.0826937258575065	837.9782858902066	19.38190931178248	-168.21056731295556	19.38190931178257	1036.9231240959216	-131.9531005433272	-168.21056731295542	-131.95310054332674	171.95635603274806	
5.135638452168522	828.2427930472386	27.85150240833235	-165.64161288376266	27.85150240833252	1013.5693913528453	-158.20140732465092	-165.6416128837625	-158.20140732465046	234.16631277899023	
5.188583178479538	770.1255895335453	21.17232801948714	-148.4072152463978	21.172328019487395	948.7124741765413	-178.99682366625672	-148.4072152463976	-178.9968236662562	282.12657971322676	
5.241527904790554	662.293012424239	5.56249777866482	-115.00637058345052	5.562497778665119	851.3086302381971	-187.34870333362935	-115.00637058345025	-187.34870333362886	317.2508598181472	
5.29447263110157	511.21870852400286	-9.421201248498274	-67.53352670350695	-9.421201248497894	733.5375987994657	-181.10540333734164	-67.53352670350664	-181.1054033373411	341.23700196519826	
5.347417357412585	331.75544962744164	-14.931767454515693	-10.807026218932492	-14.93176745451521	607.4555815690528	-162.1850509019206	-10.807026218932203	-162.18505090192005	353.47052638758646	
5.400362083723601	143.60658890939436	-6.455185150596293	49.13780732640051	-6.455185150595753	481.8455851979895	-134.52286363323827	49.13780732640074	-134.52286363323768	350.68512566336085	
5.453306810034617	-34.90461573912381	14.511424177674854	106.50469657977087	14.511424177675437	360.003332656796	-102.21855775262017	106.50469657977104	-102.21855775261957	328.8770775634612	
5.506251536345633	-191.28954085345845	40.900295487244684	156.61574996002886	40.900295487245316	240.38870939801274	-68.67916579412314	156.61574996002892	-68.67916579412251	286.055856160511	
5.5591962626566485	-318.9526576795621	62.99485353485467	196.0277781288138	62.99485353485528	119.48195633542089	-36.73505011127766	196.0277781288138	-36.73505011127705	224.18233858303796	
5.6121409889676634	-414.6321007567801	71.74281157286693	222.33698678270818	71.74281157286741	-3.1101892283759085	-9.007821226404744	222.33698678270812	-9.007821226404157	149.3714655599503	
5.665085715278679	-475.6694120128648	61.589120882990265	234.2003786149968	61.58912088299056	-120.98082868627948	12.045738838765747	234.20037861499677	12.04573883876628	70.52305981924151	
5.718030441589695	-500.8810551919415	31.32107589419261	231.73657386014008	31.321075894192667	-220.8452632252528	24.555152906162228	231.73657386014003	24.555152906162668	-2.846252605579302	
5.770975167900711	-491.95781428539397	-16.08983092174918	216.97540415263023	-16.089830921749503	-287.05700662522423	27.892606515998413	216.9754041526303	27.892606515998743	-62.82067958963111	
5.823919894211727	-455.1928017334941	-74.27237870210499	193.80744395979366	-74.27237870210573	-309.8278583156277	23.150000166184906	193.8074439597938	23.150000166185126	-104.8618679552932	
5.876864620522742	-400.6652743564367	-133.84417707216784	167.12641646368002	-133.84417707216892	-291.167444332466	12.99901578425258	167.12641646368027	12.999015784252716	-128.5920048510875	
5.929809346833758	-340.3091342267574	-183.4114136891111	141.35840297366283	-183.4114136891124	-246.099253279186	0.9488480672670292	141.35840297366317	0.9488480672671251	-137.2652277268503	
5.982754073144774	-285.12731634466945	-212.34542544225144	119.10204886334579	-212.34542544225295	-197.365800699171	-9.628599713993557	119.10204886334621	-9.62859971399349	-136.01056977995057	
6.03569879945579	-243.01320246289217	-214.17602343330367	100.62732093910118	-214.1760234333052	-166.0461814088473	-16.26206115537411	100.62732093910166	-16.262061155374063	-129.5588669712376	
6.0886435257668055	-216.9979077005185	-189.30650761062017	84.58501173578271	-189.30650761062157	-163.49384762215578	-17.815588480954574	84.58501173578324	-17.815588480954563	-120.49822673524275	
6.14158825207782	-204.57580982402882	-145.3838743147987	69.42778144849292	-145.38387431479998	-187.91706560404504	-14.61273980031036	69.42778144849345	-14.612739800310404	-109.01794686128208	
6.194532978388836	-198.61202042257366	-94.53261579870727	54.74744778047206	-94.53261579870828	-226.600181920797	-8.389631881693612	54.74744778047255	-8.389631881693735	-94.11447319236234	
6.247477704699852	-189.7052091200727	-49.272370941364954	41.80016584522031	-49.27237094136572	-262.78841641044414	-1.9555923347240043	41.80016584522073	-1.9555923347242086	-75.42895134488676	
6.300422431010868	-169.7803210629596	-18.54233606687383	33.10715871768859	-18.542336066874384	-282.3470928119207	1.5962835506438946	33.10715871768892	1.59628355064363	-54.57094967830727	
6.353367157321884	-135.0191346153725	-5.577424835427067	31.47289655396547	-5.577424835427394	-278.52293320421387	-0.008467928675543135	31.472896553965697	-0.008467928675829128	-34.98725052218485	
6.406311883632899	-87.23112946104526	-7.833984051765611	38.934350179704474	-7.833984051765675	-252.862679632086	-7.222317826211462	38.93435017970457	-7.2223178262116905	-20.40145059234536	
6.459256609943915	-32.52264929942102	-18.870345775663726	55.91477216215851	-18.870345775663523	-212.91593843852917	-18.335327834877955	55.91477216215848	-18.33532783487805	-12.757381425203434	
6.512201336254931	21.344097523938217	-31.007155693356616	80.77024536260427	-31.007155693356154	-168.15012543491463	-30.030112757921053	80.77024536260407	-30.03011275792098	-10.890905292231578	
6.565146062565947	68.03046627446807	-37.92247868832216	109.86758926248592	-37.92247868832146	-126.20201418536266	-38.68044331278718	109.8675892624856	-38.68044331278692	-10.9009872950658	
6.6180907888769624	103.82734254876289	-36.23845401941588	138.25476130998908	-36.23845401941496	-90.81148661731606	-41.79712855133527	138.25476130998865	-41.79712855133485	-8.047744890808172	
6.671035515187977	127.5154086399383	-25.67934695846762	160.8139501072577	-25.67934695846655	-62.10878799094389	-39.00546634956042	160.81395010725723	-39.00546634955988	0.9500963517205818	
6.723980241498993	139.46098201084988	-8.283774795611334	173.56896400099453	-8.283774795610215	-37.69327357864634	-32.114177183270904	173.56896400099407	-32.114177183270286	16.539449681537548	
6.776924967810009	141.51028593618838	12.754742431826815	174.69644925461319	12.754742431827838	-14.118624438327402	-24.207199017531998	174.6964492546128	-24.207199017531323	36.541129142355004	
6.829869694121025	137.52577107587996	33.8552610415678	164.980794856674	33.85526104156862	12.246297774163452	-18.21958935422195	164.98079485667364	-18.21958935422121	57.62602314115438	
6.882814420432041	133.68208550619227	51.2310654006172	147.57891419052282	51.23106540061775	44.2229184038631	-15.673629474687445	147.57891419052243	-15.67362947468662	76.97765785179489	
6.935759146743056	136.9207748403104	61.053793777895606	127.11834264760665	61.05379377789585	82.37766249283816	-16.118965891916652	127.11834264760628	-16.118965891915746	93.17830399831786	
6.988703873054072	152.0953130954772	59.81976110672581	108.3808722808852	59.819761106725736	123.8265330198017	-17.468846545756996	108.3808722808848	-17.46884654575604	106.04693841161881	
7.041648599365088	179.32397225402445	45.628479462415534	94.94995867894785	45.62847946241517	162.7266308850085	-16.97492325618152	94.94995867894741	-16.974923256180574	115.84969134746193	
7.094593325676104	213.00830576528148	19.316030013550577	88.37154970038803	19.316030013550012	192.54403646707704	-12.428828910955502	88.37154970038759	-12.428828910954612	122.60841829693095	
7.1475380519871194	244.33543027427726	-14.478612920173141	88.03312891927803	-14.478612920173873	209.43701189330102	-3.1445330479894427	88.03312891927769	-3.1445330479886486	126.01372727185219	
7.200482778298134	265.6519793620944	-47.630054366756085	91.68881486709758	-47.63005436675686	214.64017119546128	9.63353564332106	91.68881486709739	9.633535643321741	125.87809113493554	
7.25342750460915	274.54295208096397	-70.22364296942084	96.29381258332603	-70.22364296942158	214.2895316994194	23.09105162531999	96.29381258332609	23.091051625320546	122.73643433019618	
7.306372230920166	274.7960722924821	-73.50814497207821	98.8842071264076	-73.50814497207884	216.54150172696714	33.85744857967744	98.88420712640794	33.857448579677865	118.0880363836595	
7.359316957231182	273.3944604470686	-53.16463328002026	97.31033696702127	-53.16463328002074	227.421306052694	39.22576294871144	97.31033696702193	39.22576294871173	114.05433509984648	
7.412261683542198	275.349278815204	-11.331530097499218	90.74227702680008	-11.33153009749951	248.0005820299125	37.99895234109659	90.74227702680103	37.99895234109675	112.56150672430019	
7.465206409853213	279.4877100603462	43.48493217802707	79.7694977698745	43.48493217802697	274.1700843333379	30.618545146620626	79.76949776987564	30.618545146620654	114.50976870670117	
7.518151136164229	278.7517765009552	98.65788025603803	66.06670231167129	98.65788025603808	298.7675947510529	18.71191512734989	66.06670231167249	18.711915127349783	119.4007054496384	
7.571095862475245	263.99244859047957	140.923630520561	51.72315730973513	140.92363052056118	315.1774837197526	4.5070429389810975	51.723157309736244	4.507042938980835	125.63861026361138	
7.624040588786261	230.0974887599614	159.9294873549488	38.52487427733913	159.929487354949	319.3734560973411	-9.533374228042236	38.52487427734002	-9.5333742280427	131.35798919308417	
7.676985315097276	179.53601153839818	150.6336588854145	27.530968234218825	150.63365888541466	311.17915366687004	-20.90692006820295	27.530968234219408	-20.906920068203668	135.25987861485385	
7.729930041408291	121.87522718733072	114.18296843012557	19.08107212852689	114.18296843012565	293.1259842034876	-27.38782282385109	19.081072128527143	-27.3878228238521	136.9552099244081	
7.782874767719307	69.43514974204501	56.92255174484863	13.119890890799127	56.92255174484867	268.78881188089537	-27.61720952816433	13.11989089079912	-27.617209528165624	136.69666096193887	
7.835819494030323	32.15675447513519	-11.810498773797105	9.542744850226253	-11.810498773797093	241.11216497226246	-21.68884026760751	9.542744850226088	-21.68884026760903	134.7421723323519	
7.888764220341339	14.131521791296347	-82.51262610194183	8.283990237271396	-82.51262610194178	211.73927834795683	-11.286862936212135	8.2839902372712	-11.286862936213776	130.91707260343532	
7.941708946652355	13.553475003144499	-147.63818053420766	9.084772252255	-147.63818053420755	181.60755610840258	0.8748464199042534	9.084772252254886	0.8748464199026156	124.7094261633035	
7.99465367296337	24.41345847404317	-202.65095463798403	11.138588047615269	-202.65095463798383	151.67504240722187	12.085820468895136	11.138588047615308	12.08582046889361	115.80651897849414	
8.047598399274387	39.16379244892981	-245.6474861485779	13.007313501653528	-245.64748614857763	122.68777928798306	20.574811582635597	13.007313501653757	20.574811582634247	104.63037811252018	
8.100543125585402	50.91608626972136	-276.7435318486461	13.055635782198266	-276.7435318486457	94.46228108033023	25.84203890433954	13.055635782198692	25.84203890433838	92.44774934429294	
8.153487851896417	55.04109294362736	-297.45467852428305	10.207451800102918	-297.4546785242827	65.05353493518538	28.310191289471256	10.207451800103506	28.31019128947024	80.91254083320214	
8.206432578207433	49.87019723636436	-310.306828482051	4.568407244373333	-310.30682848205066	31.563730566773273	28.657125971602902	4.568407244374052	28.65712597160197	71.32653748020479	
8.259377304518448	36.70751891021565	-318.1560608375745	-2.4604355593986336	-318.1560608375744	-7.656378854093191	27.299059990234962	-2.460435559397827	27.29905999023406	64.08631459694777	
8.312322030829465	18.378534282370396	-322.8953885570628	-8.626644799032125	-322.89538855706274	-50.895211944045144	24.346845618166398	-8.626644799031261	24.34684561816548	58.6528290142263	
8.36526675714048	-2.2031450227936205	-324.4926056356584	-11.48353729127757	-324.49260563565855	-92.94084611936556	19.96267666402303	-11.483537291276662	19.962676664022098	54.00217005920083	
8.418211483451495	-23.172694078527343	-320.8320256075451	-9.007813767805136	-320.8320256075453	-126.82631221710267	14.792709293923611	-9.007813767804183	14.792709293922677	49.28900003580104	
8.471156209762512	-43.94465613505629	-308.99562107886356	-0.08705491725707226	-308.9956210788637	-146.79697426389282	10.118300823830753	-0.08705491725603665	10.11830082382983	44.36849214070298	
8.524100936073527	-65.04061834939725	-287.1328096186768	15.080677021700797	-287.13280961867673	-150.69166102167605	7.598204859014105	15.080677021701955	7.598204859013235	40.03573335692112	
8.577045662384544	-87.75462419122147	-255.94393209658273	34.77604707204538	-255.94393209658256	-140.40086347705517	8.729571726574605	34.77604707204668	8.7295717265738	37.88653012924239	
8.629990388695559	-113.6572632401169	-219.17406603587176	55.97985272784484	-219.1740660358713	-120.54054385103	14.355653715625435	55.979852727846264	14.355653715624726	39.83342772435198	
8.682935115006574	-143.65356501238577	-182.62482099722322	75.09549577929856	-182.62482099722263	-96.17152766799182	24.414886304436656	75.09549577930008	24.414886304436067	47.3495815385159	
8.73587984131759	-176.59765912342453	-152.54935730028615	88.96041856892572	-152.54935730028558	-70.52126055538974	37.908848108909375	88.96041856892728	37.90884810890892	60.70634775147359	
8.788824567628605	-208.03692563464944	-133.83497062477676	95.76598420737763	-133.83497062477628	-44.29524432848311	52.98302411840629	95.76598420737915	52.98302411840601	78.63513835125019	
8.841769293939622	-230.98655896182788	-128.81569676935456	95.49855141095978	-128.81569676935428	-16.213237631738732	67.1317822651737	95.49855141096117	67.13178226517358	98.67565369934039	
8.894714020250637	-238.01042308893656	-137.02073087355984	89.90093187283138	-137.02073087355987	15.228653131603771	77.67961380455124	89.90093187283263	77.67961380455132	118.0662585514151	
8.947658746561652	-224.33269858195678	-155.57456592101008	82.01450954798028	-155.57456592101033	50.436636972472904	82.56619586597512	82.01450954798133	82.56619586597535	134.65842640113425	
9.000603472872669	-189.46684090841018	-179.82151113418172	75.37706352889349	-179.82151113418217	87.33738027002832	81.20192040880053	75.37706352889434	81.20192040880085	147.39019794537916	
9.053548199183684	-136.4712145507646	-204.23790087431826	72.94314031527482	-204.23790087431877	121.84438113288722	74.8764057185901	72.9431403152754	74.8764057185904	156.18264945749772	
9.1064929254947	-70.43755849325552	-223.38437399633835	76.02677545852343	-223.38437399633887	148.23329737896074	66.37915165574715	76.02677545852376	66.37915165574732	161.53556807978947	
9.159437651805716	2.77676492291927	-233.36461530491604	83.74688224012944	-233.36461530491647	160.6775408375586	58.92472603171471	83.74688224012951	58.92472603171469	164.18898441651797	
