# Stress in units of bar (10^5 Pa)
# z	Sxx	Sxy	Sxz	Syx	Syy	Syz	Szx	Szy	Szz
0.0	22.980290732561457	-186.29589288904975	86.94439165517261	-186.2958928890501	69.69300660674101	67.50901855566997	86.94439165517267	67.50901855566978	155.18154765622677	
0.0529447263110157	50.62542917246148	-180.09125066286896	86.47471933656442	-180.09125066286927	60.998522575953274	68.18855740803299	86.47471933656432	68.18855740803275	158.02713873114374	
0.1058894526220314	72.08060269118334	-170.34563143301193	84.94593103066109	-170.34563143301222	49.32832259750957	69.0050204202743	84.94593103066086	69.00502042027402	159.56922674599207	
0.15883417893304708	86.05607676340213	-157.27651143460852	82.1239870604723	-157.27651143460872	37.29571818140104	69.82982266855973	82.12398706047199	69.82982266855942	159.86151818902306	
0.2117789052440628	92.13483531560081	-141.3434794086052	77.89369254653124	-141.3434794086053	27.708274971069244	70.3976812185715	77.89369254653084	70.3976812185712	158.9311336203376	
0.2647236315550785	90.99013968946555	-123.30772686112178	72.29082746748291	-123.30772686112186	23.62570175409305	70.34592630085079	72.29082746748247	70.3459263008505	156.7900660553955	
0.31766835786609415	83.99917382029028	-103.99338039577415	65.52608366123384	-103.99338039577418	27.57865647009753	69.28104062176385	65.52608366123337	69.28104062176354	153.45960234126736	
0.37061308417710986	73.11771765424896	-84.26313092264316	57.95710348174064	-84.26313092264314	41.34327268451878	66.84150415996746	57.957103481740134	66.84150415996719	149.00856275303104	
0.4235578104881256	60.35828255522025	-64.88601645904178	50.05976900869525	-64.88601645904171	65.56646478809863	62.7487284332599	50.059769008694715	62.74872843325967	143.5982432987372	
0.4765025367991413	47.53979283457868	-46.510770126335956	42.39217136449836	-46.51077012633591	99.5248649746635	56.852516271000134	42.39217136449782	56.85251627099994	137.49022961928605	
0.529447263110157	35.86711999572784	-29.563748396860966	35.55190014505548	-29.563748396860895	141.1333748474825	49.152890640702026	35.55190014505492	49.152890640701855	131.03683208433324	
0.5823919894211727	25.996982554316215	-14.285843990374532	30.1175693732804	-14.285843990374484	187.3373109488784	39.802721276953235	30.11756937327982	39.80272127695309	124.64782765348014	
0.6353367157321883	17.88374966892785	-0.6864604221393948	26.613410682213345	-0.6864604221393833	234.24324538369785	29.0981775376421	26.613410682212752	29.098177537641966	118.74740689994866	
0.6882814420432041	11.188028956466788	11.402937781385432	25.46188819538785	11.402937781385354	277.8221614200743	17.486594206431594	25.46188819538724	17.48659420643147	113.70921767640603	
0.7412261683542197	5.448711681808842	22.29490273632046	26.936307852715437	22.29490273632028	314.3513360238491	5.539012220034507	26.936307852714812	5.5390122200343646	109.81279332029625	
0.7941708946652355	0.292251275254511	32.37717357617325	31.09659247343525	32.37717357617295	340.8486516556046	-6.078484833367089	31.096592473434615	-6.078484833367263	107.223352644142	
0.8471156209762511	-4.336731919612689	42.06957045171746	37.76987213052469	42.06957045171707	355.3665791717293	-16.650625457086228	37.76987213052405	-16.65062545708644	105.97664257350215	
0.9000603472872668	-8.017348648614655	51.8108853553488	46.52777163922607	51.81088535534832	357.30273956484956	-25.47314435406453	46.52777163922542	-25.4731443540648	106.00341482853334	
0.9530050735982826	-10.217167562215906	61.92835357904944	56.686057285147484	61.92835357904888	347.0541058530734	-31.937801262352536	56.68605728514684	-31.937801262352856	107.15519401019799	
1.0059497999092983	-10.029352788648048	72.66347822464566	67.35322497230048	72.663478224645	326.21676907305164	-35.59919031380905	67.35322497229983	-35.59919031380943	109.24463973223891	
1.058894526220314	-6.847306646825672	84.15224375651567	77.52947076983672	84.15224375651498	297.0156625663601	-36.223393932580166	77.52947076983608	-36.22339393258061	112.05839529484079	
1.1118392525313296	-0.025757934192171206	96.27599616476623	86.23564075660309	96.27599616476549	262.2284303650624	-33.817519976560035	86.23564075660244	-33.81751997656054	115.36994317628522	
1.1647839788423453	10.63392477055939	108.8006609134909	92.63606075540581	108.80066091349012	224.71564388538536	-28.622970106632103	92.63606075540515	-28.622970106632685	118.96058799033429	
1.217728705153361	25.137400442018574	121.30544662463477	96.18634878478163	121.30544662463402	187.38771326172133	-21.041961846626414	96.18634878478099	-21.041961846627057	122.60990383945104	
1.2706734314643766	43.33917427391033	133.2705350371142	96.72614607954549	133.27053503711346	152.70007214956627	-11.57353682492337	96.72614607954486	-11.573536824924082	126.09395108254844	
1.3236181577753925	64.99903546145941	144.09536296546028	94.52602861213636	144.09536296545954	122.85005324847464	-0.7197037961617028	94.52602861213578	-0.7197037961624639	129.18728371127636	
1.3765628840864081	89.96265933270536	153.24957644021003	90.24847030362228	153.24957644020935	99.60100187379268	11.067517104204203	90.24847030362176	11.067517104203407	131.67268121935547	
1.4295076103974238	118.27622630496298	160.35185117600395	84.83798700104495	160.35185117600338	84.2676885312882	23.438100521815198	84.83798700104451	23.438100521814356	133.34992465620567	
1.4824523367084395	150.0563458014647	165.18397697246473	79.33355661806004	165.18397697246422	77.84432529278742	36.1281063349651	79.33355661805969	36.128106334964244	134.05101592770723	
1.535397063019455	185.61399450694577	167.80628289075176	74.70367932354944	167.80628289075136	81.12910828782287	48.92168373068569	74.70367932354918	48.92168373068485	133.67572595898127	
1.588341789330471	225.14010752678044	168.50688865621262	71.66857232101684	168.50688865621234	94.61218085514582	61.607208698448375	71.66857232101665	61.60720869844754	132.24079376698614	
1.6412865156414866	268.7300735587796	167.72268111910685	70.56709580437617	167.72268111910665	118.74074848416856	73.90206527453077	70.5670958043761	73.90206527453002	129.90307479604007	
1.6942312419525023	315.96571795893567	166.03567604434946	71.31269044637466	166.03567604434937	153.4869114648831	85.42042560045613	71.31269044637467	85.42042560045543	127.003800191453	
1.747175968263518	366.06821086170305	163.9876961492343	73.47017287880344	163.98769614923432	198.57159177658542	95.66868878469086	73.47017287880348	95.66868878469026	124.07106484809641	
1.8001206945745336	417.86181182347286	162.07554790585172	76.37129802464106	162.07554790585183	253.31309649545335	104.06531494330433	76.37129802464115	104.06531494330383	121.76799467250092	
1.8530654208855495	469.67939072247145	160.67206698850035	79.26946326000545	160.67206698850055	316.20400260799164	109.99559486295452	79.26946326000557	109.99559486295415	120.82674709305223	
1.9060101471965651	519.7555089296307	159.9241166357031	81.56046087890972	159.92411663570334	385.2729700558816	112.89326340701393	81.56046087890985	112.89326340701366	121.91619095419138	
1.9589548735075808	566.2538045625389	159.83716473045138	82.91396192969691	159.83716473045166	457.8590027804372	112.32597181378819	82.91396192969702	112.32597181378803	125.49932562599747	
2.0118995998185967	607.4374896779588	160.1070269127921	83.35561397512458	160.10702691279238	530.7976731198953	108.09258015087627	83.3556139751247	108.09258015087622	131.70397448845296	
2.064844326129612	641.8456740466339	160.30655121575222	83.26411521173857	160.30655121575242	600.7296990282064	100.2618770361727	83.26411521173867	100.26187703617273	140.21144413027685	
2.117789052440628	668.245805368673	159.80353657333902	83.2810618263182	159.80353657333916	664.1284177123638	89.21281331994183	83.28106182631824	89.21281331994192	150.25086170804408	
2.1707337787516434	685.6269096223624	157.9664781962065	84.18003268968783	157.96647819620665	717.8357966587295	75.63182947054074	84.18003268968788	75.63182947054085	160.65393134991106	
2.2236785050626593	693.2448315139565	154.1437262396979	86.67278883569067	154.14372623969803	759.0252636742382	60.462587240437976	86.67278883569074	60.462587240438104	170.0118200906612	
2.276623231373675	690.6756815492868	147.8869317761585	91.24471471564351	147.88693177615858	785.5764802763899	44.790469389235014	91.24471471564355	44.79046938923514	176.9111316375563	
2.3295679576846906	677.5951778395513	138.976893049794	98.0243743650637	138.97689304979397	796.0465274703838	29.736771731902746	98.02437436506371	29.736771731902863	180.22635290437978	
2.3825126839957065	654.1693144006812	127.53537806326383	106.70819762355396	127.53537806326383	789.8999490324732	16.34024456574065	106.708197623554	16.340244565740733	179.3393045066088	
2.435457410306722	620.7892157740738	114.02860661821484	116.56228826532791	114.0286066182148	767.3131659247565	5.450059315317883	116.56228826532795	5.45005931531793	174.33220840982398	
2.488402136617738	578.3165704912249	99.1729515085336	126.48530227867606	99.17295150853353	729.2877035604383	-2.369976074704139	126.48530227867614	-2.369976074704132	166.0087949029976	
2.5413468629287532	528.0028346918392	83.78295428248823	135.16283048897034	83.78295428248819	677.5022574557486	-6.893474878076969	135.16283048897043	-6.893474878076988	155.80360319124682	
2.594291589239769	471.62694293340917	68.74280740661449	141.24185560717666	68.74280740661442	614.2335467687401	-8.22956341438467	141.24185560717672	-8.229563414384723	145.55797995202983	
2.647236315550785	411.329160312923	54.705843680588906	143.52495190281968	54.70584368058885	542.2196057555956	-6.797484940583211	143.5249519028198	-6.797484940583271	137.2249667852111	
2.7001810418618004	349.87880632842143	42.1243811400317	141.164784348716	42.1243811400316	464.57694281466166	-3.268210594310413	141.16478434871613	-3.268210594310487	132.5386312768254	
2.7531257681728163	290.1563201759056	31.146742598875587	133.7978568083116	31.146742598875495	384.5543616931318	1.5043471643916702	133.7978568083117	1.5043471643915902	132.7448266215733	
2.8060704944838317	235.3559689452539	21.654797951624424	121.60569485285407	21.654797951624296	305.3320271056248	6.569961491102038	121.60569485285419	6.569961491101959	138.3971135939421	
2.8590152207948476	188.52534612539182	13.386436986984634	105.31263023481544	13.386436986984506	229.89409828381056	10.948442973152376	105.31263023481556	10.948442973152298	149.2884514682039	
2.9119599471058635	152.22741659076024	5.98100110135227	86.06878573569011	5.981001101352149	160.77039362881936	13.73047567560138	86.06878573569024	13.730475675601308	164.49573716448117	
2.964904673416879	128.2394836327934	-0.7655886059947292	65.29378967119838	-0.7655886059948358	99.89380632811063	14.20107146596217	65.29378967119848	14.201071465962118	182.49431664834512	
3.017849399727895	117.19403125826324	-6.9633614167074445	44.46508228523102	-6.96336141670754	48.62767758104125	11.921207272944663	44.46508228523111	11.921207272944617	201.39022196987804	
3.07079412603891	118.41317646366112	-12.524224377741266	24.940301562809477	-12.524224377741362	7.519335629872671	6.820628560556953	24.940301562809555	6.820628560556937	219.1527888456311	
3.123738852349926	130.0159566090973	-17.101028512393185	7.805278914847911	-17.101028512393263	-23.216318068539387	-0.7371559458889436	7.805278914847989	-0.7371559458889401	233.88447019756217	
3.176683578660942	148.85276789983416	-20.337592987550735	-6.2270498258831	-20.337592987550806	-44.12526030138006	-9.94929638202226	-6.227049825883044	-9.94929638202222	244.08551513794413	
3.2296283049719574	171.40613009635337	-21.892887093795636	-16.856359036741345	-21.892887093795714	-55.89736276996418	-19.65683722930006	-16.85635903674128	-19.656837229300002	248.91784878666513	
3.2825730312829733	193.79473967670287	-21.53084666057459	-24.12048783331514	-21.530846660574632	-59.60354277335982	-28.47421872421551	-24.120487833315075	-28.474218724215426	248.3534184512449	
3.3355177575939887	212.74598042235272	-19.226514844540855	-28.299345610131915	-19.226514844540894	-56.40299990048171	-35.00391052863363	-28.29934561013185	-35.00391052863351	243.20110661191728	
3.3884624839050046	225.88688294327054	-15.228020896486996	-29.8099029900063	-15.228020896487024	-47.5116248051186	-38.077045631585904	-29.809902990006236	-38.077045631585776	235.01024644515786	
3.4414072102160205	232.0633765869928	-9.950901186661051	-29.119670615803912	-9.950901186661063	-34.09067329574762	-36.955787780153926	-29.11967061580386	-36.9557877801538	225.8269590654695	
3.494351936527036	231.4863510916122	-3.9151964192458806	-26.672394199909853	-3.9151964192458806	-17.302426311911255	-31.49185172739799	-26.67239419990979	-31.49185172739786	217.83815029338336	
3.547296662838052	225.4730645669102	2.272135090216956	-22.863253377146293	2.2721350902169775	1.7195415375056555	-22.16022084405388	-22.863253377146243	-22.160220844053757	212.9800749869947	
3.600241389149067	216.123595863685	8.064436597427857	-18.08637355941034	8.064436597427857	22.034881985366034	-10.031504140552912	-18.08637355941029	-10.03150414055279	212.58361668089478	
3.653186115460083	205.8043160714368	13.021449369152748	-12.78902052255206	13.021449369152776	42.53875075509512	3.411716679356527	-12.78902052255203	3.4117166793566263	217.1592217368152	
3.706130841771099	196.5826911926052	16.72155758214371	-7.531848196167877	16.721557582143745	62.239943179599464	16.491019940102184	-7.5318481961678305	16.49101994010228	226.3328144057897	
3.7590755680821144	189.82748008759074	18.95741023152256	-3.0143971855914415	18.957410231522616	80.0194258048244	27.52709331263531	-3.014397185591413	27.52709331263538	238.96273609027983	
3.8120202943931303	185.88157927843352	19.547236047369196	-0.02709777111322964	19.547236047369243	94.72789745371998	35.07832389135051	-0.027097771113213653	35.07832389135055	253.3692198160557	
3.8649650207041457	184.38953476165437	18.364396839203753	0.653347503661923	18.364396839203803	105.18435103254492	38.06687140180342	0.6533475036619336	38.06687140180347	267.6184020811712	
3.9179097470151616	184.04890812273888	15.446462613300163	-1.6283185020101563	15.446462613300227	110.17053560186706	35.834427608269195	-1.6283185020101563	35.83442760826924	279.83409227412295	
3.9708544733261775	183.3771157221128	10.988411172359761	-7.2318221136211065	10.988411172359804	108.78105637145148	28.16588755683289	-7.231822113621135	28.165887556832917	288.46574429159574	
4.023799199637193	181.07298423712263	5.270604683341139	-16.111730020741316	5.270604683341201	100.46852928248762	15.276094867180273	-16.111730020741323	15.276094867180305	292.4109774420252	
4.076743925948208	176.35391297893213	-1.2518283613469876	-27.816082279779938	-1.2518283613469485	85.26090045582104	-2.266525471756999	-27.81608227977994	-2.2665254717569767	291.1096647033186	
4.129688652259224	169.2626981199696	-7.965856611438134	-41.54345656012506	-7.965856611438099	64.12125780502255	-23.605759298240436	-41.54345656012511	-23.60575929824043	284.5053770176225	
4.18263337857024	160.75691014766278	-14.29812606493443	-56.28233898255263	-14.29812606493438	38.94235129447448	-47.66981879743758	-56.28233898255266	-47.66981879743756	272.93467683784166	
4.235578104881256	152.39425650292367	-19.715751476605814	-70.9972156089232	-19.71575147660575	12.755429495193084	-73.21689747674893	-70.99721560892323	-73.21689747674891	257.00706342551746	
4.288522831192272	146.28432490801544	-23.87063271874959	-84.77958457428939	-23.87063271874954	-10.640654776122943	-98.93049752347144	-84.77958457428943	-98.93049752347146	237.4601338108897	
4.341467557503287	144.59015660255068	-26.740295974774366	-97.0101638483213	-26.740295974774288	-26.86199920833411	-123.4837663002755	-97.0101638483213	-123.48376630027553	215.0406495890546	
4.394412283814303	149.30013016402316	-28.456470810166707	-107.38084378648144	-28.45647081016662	-31.3481266454455	-145.63248533306628	-107.38084378648145	-145.63248533306637	190.4661408485025	
4.447357010125319	161.88452837055425	-29.43696689806241	-115.86475406381209	-29.436966898062323	-20.29883245827537	-164.28624228634038	-115.86475406381209	-164.28624228634044	164.46012674507625	
4.5003017364363345	183.2426711854153	-30.125092408786593	-122.64832184140835	-30.125092408786493	9.022036086509473	-178.6176015437731	-122.64832184140833	-178.61760154377316	137.8182161035778	
4.55324646274735	213.52265450469315	-30.936126072116988	-128.02826604600043	-30.936126072116878	57.63428608888441	-188.1606869687293	-128.02826604600043	-188.16068696872938	111.56706085524026	
4.606191189058365	252.27981511752802	-32.061287407859204	-132.30953461772512	-32.06128740785908	124.63240702154184	-192.85288820507745	-132.30953461772512	-192.8528882050775	87.02502936784893	
4.659135915369381	298.36971566774685	-33.426761724519544	-135.73524911701944	-33.426761724519466	207.18341829539304	-193.0504465909357	-135.73524911701938	-193.0504465909358	65.81133447348016	
4.712080641680397	349.97381747440704	-34.65277938478094	-138.44323421846278	-34.652779384780885	300.78241657349713	-189.50193166576707	-138.44323421846275	-189.5019316657671	49.72590840928166	
4.765025367991413	404.61296818596566	-35.27053665057501	-140.4308253834654	-35.27053665057491	399.74974493604304	-183.2848417616833	-140.4308253834653	-183.2848417616833	40.497442306949594	
4.817970094302429	459.1387058798945	-34.73513056919025	-141.53686369581484	-34.73513056919018	497.8809557814235	-175.64387027486177	-141.5368636958148	-175.64387027486174	39.461514956186846	
4.870914820613444	509.7599526425312	-32.75448150423	-141.41728707108712	-32.754481504229915	588.836012117928	-167.79483012600488	-141.41728707108703	-167.79483012600477	47.27300385794936	
4.92385954692446	552.4162173950314	-29.234309647537046	-139.5395279306332	-29.234309647536982	666.9196823421555	-160.7332450178951	-139.53952793063308	-160.73324501789494	63.67564776014294	
4.976804273235476	582.7561803760404	-24.42469134977106	-135.2181403627232	-24.42469134977094	727.4221683170347	-155.05378124889688	-135.21814036272312	-155.05378124889663	87.44023589166585	
5.0297489995464915	596.8578483771382	-18.770647759651936	-127.68361775322613	-18.770647759651858	766.8255247825468	-150.85325931381323	-127.683617753226	-150.85325931381294	116.47764458636365	
5.0826937258575065	591.5208957374813	-12.79121330744934	-116.1888682302008	-12.791213307449205	783.1842633870385	-147.72227311252396	-116.18886823020063	-147.72227311252362	148.0669224894276	
5.135638452168522	564.848381917221	-6.972437139925773	-100.15960635449716	-6.972437139925631	776.0022435038265	-144.86373423233624	-100.15960635449701	-144.86373423233587	179.1833819237767	
5.188583178479538	516.4717931626525	-1.6174764903365997	-79.35403660212425	-1.6174764903363865	746.2019730648599	-141.26943818357609	-79.3540366021241	-141.26943818357566	206.82762608188744	
5.241527904790554	447.88307183005634	3.1616096233841233	-54.00004047413029	3.161609623384379	695.9830941181153	-135.95571183894884	-54.0000404741301	-135.9557118389484	228.33899375323168	
5.29447263110157	362.22830391570426	7.246917011656694	-24.839926321530438	7.246917011656948	628.4109860739566	-128.18877906458243	-24.83992632153026	-128.18877906458192	241.62311662343106	
5.347417357412585	264.2378672459787	10.561298171839383	6.890241030228639	10.561298171839681	547.3439299505801	-117.65126223583623	6.890241030228827	-117.6512622358357	245.30298853006536	
5.400362083723601	159.5484202428662	12.802941757246572	39.57697344459304	12.802941757246828	456.8987710164937	-104.49254261151414	39.57697344459321	-104.4925426115136	238.7925331320296	
5.453306810034617	54.30818062775789	13.432429779666954	71.37874609961503	13.432429779667224	361.41956662060113	-89.3069796975559	71.3787460996152	-89.30697969755539	222.33786999593406	
5.506251536345633	-45.57826547565801	11.695729597990155	100.46215600198425	11.695729597990372	265.15355300157415	-73.0252272211884	100.46215600198441	-73.02522722118789	196.982596797927	
5.5591962626566485	-134.99265950014092	6.825081917935584	125.21500334557344	6.825081917935748	171.99264977077914	-56.751241252269665	125.21500334557358	-56.751241252269175	164.47674709563555	
5.6121409889676634	-209.96581087655477	-1.773710782628605	144.43203279385108	-1.7737107826285694	85.52989248486088	-41.56749061551918	144.43203279385125	-41.56749061551872	127.08691920915662	
5.665085715278679	-268.1118773235825	-14.253049238625252	157.4082389312666	-14.25304923862534	8.657680431619315	-28.37950141754464	157.40823893126674	-28.37950141754422	87.38000476101885	
5.718030441589695	-308.4816461774159	-30.157958324663287	163.99718464296308	-30.15795832466352	-56.5685141772907	-17.80100238863837	163.99718464296325	-17.80100238863798	47.95958632787523	
5.770975167900711	-331.8392935980085	-48.373554969725376	164.57978172281025	-48.373554969725824	-109.12923582379076	-10.082584678965372	164.57978172281042	-10.082584678965057	11.209340929953719	
5.823919894211727	-339.92014687041785	-67.24248317214872	159.96479029307793	-67.24248317214929	-149.06366627340716	-5.134163263292271	159.96479029307815	-5.134163263291999	-20.939509824803896	
5.876864620522742	-335.43209106060226	-84.76325108845708	151.24186222772056	-84.76325108845779	-177.5229863051472	-2.5878182872112205	151.24186222772082	-2.587818287211012	-47.158382638440095	
5.929809346833758	-321.35615364115415	-99.08147981931609	139.67072975843018	-99.08147981931693	-196.3916358386841	-1.8862280652711725	139.6707297584305	-1.8862280652710233	-66.77206745761018	
5.982754073144774	-300.6468853916598	-108.60965467213263	126.54605071590292	-108.60965467213354	-208.0367035933953	-2.4270108949399902	126.54605071590325	-2.4270108949398863	-79.70308518815226	
6.03569879945579	-275.8177888572499	-112.48422831296146	113.08842734331337	-112.48422831296241	-214.6670947004002	-3.6652983483615698	113.08842734331373	-3.66529834836152	-86.38424354461034	
6.0886435257668055	-248.64302165627817	-110.66819968080516	100.3963625547128	-110.66819968080608	-218.09856814235798	-5.1939237267809535	100.39636255471314	-5.193923726780943	-87.6125332016116	
6.14158825207782	-220.23542045166465	-103.9016553114175	89.40852379348527	-103.90165531141837	-219.4692390778966	-6.789570297955586	89.40852379348559	-6.789570297955606	-84.40842062138915	
6.194532978388836	-191.07394487593848	-93.4629262513806	80.88994419848254	-93.46292625138135	-218.96691895797994	-8.41018376444884	80.88994419848285	-8.410183764448881	-77.85741631615244	
6.247477704699852	-161.2139268923625	-80.91493947922854	75.39536650430074	-80.91493947922916	-216.31102366171314	-10.120573294965475	75.39536650430101	-10.120573294965522	-69.014291746281	
6.300422431010868	-130.57008003669017	-67.84552125505613	73.25920797857727	-67.84552125505658	-210.7438109550489	-12.016446436237398	73.25920797857746	-12.016446436237448	-58.80000918830607	
6.353367157321884	-99.12302641048758	-55.38596861470231	74.54102171756523	-55.38596861470259	-201.54041135090486	-14.154554922290751	74.54102171756537	-14.154554922290774	-47.92985734309689	
6.406311883632899	-67.14539082711539	-44.27345520128842	78.9917682056317	-44.2734552012885	-188.24401887225702	-16.49966167435992	78.99176820563176	-16.4996616743599	-36.885414392663755	
6.459256609943915	-35.167611944955496	-34.70489677827544	86.04185916350448	-34.704896778275355	-170.74147353130545	-18.900786735394433	86.04185916350447	-18.900786735394345	-25.91416150808898	
6.512201336254931	-3.98770849526277	-26.404503887342855	94.85575644995312	-26.40450388734261	-149.33838791577725	-21.1337889597866	94.85575644995302	-21.133788959786436	-15.03586057037544	
6.565146062565947	25.508650875563884	-19.00783238374696	104.40119958183509	-19.007832383746578	-124.77222006951447	-22.942071925797357	104.40119958183493	-22.942071925797116	-4.128258390018839	
6.6180907888769624	52.602314203564234	-12.058530239004696	113.56861405290798	-12.05853023900422	-97.7392848642707	-24.10202096580744	113.56861405290775	-24.102020965807107	6.985575008983531	
6.671035515187977	76.86471980284756	-5.351951338049311	121.3359743986056	-5.351951338048774	-69.06484836487688	-24.467443309620798	121.33597439860532	-24.46744330962038	18.453359840158974	
6.723980241498993	98.21610128787061	1.0602122213839964	126.92170989180029	1.060212221384531	-39.475047681524956	-23.976214640304526	126.92170989179998	-23.97621464030403	30.31344612480586	
6.776924967810009	116.97471935856134	6.811024833453904	129.87993468129153	6.811024833454412	-9.515787017601426	-22.64872981966599	129.8799346812912	-22.648729819665412	42.45684562091164	
6.829869694121025	133.71785143132905	11.360692218331113	130.1461044922577	11.360692218331534	20.339086500154366	-20.557582500912	130.14610449225734	-20.557582500911366	54.63515536555901	
6.882814420432041	149.14565703278757	14.155758709960516	128.01223768846842	14.155758709960846	49.63009278396817	-17.795668974215978	128.01223768846808	-17.795668974215296	66.48276584481337	
6.935759146743056	163.8599502780719	14.846006851251657	124.02699832613469	14.846006851251865	77.93501086938785	-14.440993715616735	124.02699832613438	-14.440993715616028	77.58764688455004	
6.988703873054072	178.28770270144759	13.44281606525211	118.86988917962199	13.442816065252167	104.79235051175608	-10.579687282418877	118.86988917962174	-10.579687282418158	87.57298460670008	
7.041648599365088	192.47394922038268	10.411828323881863	113.18589146021924	10.411828323881776	129.90278255981872	-6.327696620325846	113.18589146021903	-6.327696620325142	96.1500719238327	
7.094593325676104	206.16691399901492	6.638305838314023	107.46931314190425	6.638305838313849	152.90884551989762	-1.8468665587587	107.46931314190412	-1.8468665587580322	103.16971279497085	
7.1475380519871194	218.82741508505134	3.3370859430187636	101.99655001295316	3.3370859430184936	173.79185616968772	2.616952077607218	101.99655001295315	2.6169520776078325	108.64154561628314	
7.200482778298134	229.70241212410224	1.7831468970734718	96.8079379415011	1.7831468970731308	192.5192388473718	6.741797352763211	96.80793794150117	6.741797352763749	112.71696386000237	
7.25342750460915	238.05440659604022	2.973958543185237	91.7565032252641	2.9739585431848923	209.26019487461866	10.15299297350277	91.7565032252643	10.152992973503213	115.65986824873406	
7.306372230920166	243.0736075670823	7.410774309449096	86.58727424378557	7.41077430944874	224.1420939786925	12.493974341563856	86.5872742437859	12.493974341564186	117.78839828334443	
7.359316957231182	244.16070762153754	14.83082242405304	81.03255783161218	14.830822424052746	237.20249990696124	13.501094186834003	81.03255783161262	13.501094186834212	119.41861591757156	
7.412261683542198	240.7820939212705	24.163086727944634	74.90800678530627	24.163086727944386	248.3238335240483	13.067100998971318	74.90800678530681	13.067100998971398	120.81442113652963	
7.465206409853213	232.7708414391497	33.66041127991712	68.15971940446742	33.66041127991693	257.14656731564514	11.29224478133052	68.159719404468	11.292244781330448	122.13317957285457	
7.518151136164229	220.15712280351573	41.1094305955674	60.89274399218661	41.10943059556728	263.1334277566983	8.487469634052623	60.892743992187214	8.48746963405239	123.41129688914386	
7.571095862475245	203.41906294317772	44.25381386891194	53.334635578049486	44.25381386891188	265.7717476851683	5.125431869312067	53.33463557805008	5.125431869311674	124.56718730052316	
7.624040588786261	183.34444385103563	41.17534398970289	45.795515635780845	41.17534398970286	264.4589379602535	1.770355523511348	45.7955156357814	1.7703555235107897	125.42075630292572	
7.676985315097276	161.18370011193844	30.62846869194407	38.6016562826121	30.62846869194407	258.8593665264776	-1.0171271376078455	38.60165628261257	-1.0171271376085596	125.735490335336	
7.729930041408291	138.2936618541475	12.259074696787579	32.03498295927433	12.25907469678765	248.89348783258185	-2.7805407807216103	32.03498295927475	-2.78054078072247	125.26394128362008	
7.782874767719307	116.07977787586405	-13.339432430060185	26.289325853151716	-13.339432430060098	234.63678946397488	-3.241975354288906	26.28932585315207	-3.241975354289888	123.79967207066139	
7.835819494030323	95.81173973317306	-44.77936205729077	21.45141690908959	-44.779362057290655	216.45490073340193	-2.337483868438362	21.4514169090899	-2.3374838684394508	121.19997433871805	
7.888764220341339	78.29427240250693	-80.06244146901169	17.494682818451928	-80.06244146901157	194.878068949098	-0.21130960774613095	17.49468281845221	-0.21130960774729002	117.41980572978898	
7.941708946652355	63.90270235940256	-116.93384578662832	14.3096026092137	-116.93384578662818	170.45769342698014	2.8179796337657517	14.309602609213986	2.8179796337645486	112.52029932076265	
7.99465367296337	52.35394342984534	-153.17329826337613	11.758134294381266	-153.173298263376	143.8352079546127	6.328687737492382	11.758134294381577	6.328687737491171	106.65795606640853	
8.047598399274387	42.988289586142045	-186.82721234701495	9.723767333604062	-186.8272123470148	115.58148869500923	9.878595116336124	9.723767333604428	9.878595116334925	100.06820301201839	
8.100543125585402	34.82078966581038	-216.3533055114233	8.15905756549968	-216.35330551142312	86.34777692688783	13.089054508569152	8.15905756550012	13.089054508567981	93.04383509839015	
8.153487851896417	26.802397802386594	-240.66641058414984	7.11318518353213	-240.66641058414973	56.835351573354046	15.692360463020322	7.11318518353266	15.692360463019195	85.90436354499441	
8.206432578207433	17.928171510279476	-259.16865320364496	6.755472390445547	-259.16865320364485	27.869607590148036	17.57249996923946	6.755472390446165	17.572499969238386	78.9794208680955	
8.259377304518448	7.502904598544433	-271.611574424121	7.3375831379226755	-271.6115744241209	0.34726868723547	18.779260569957128	7.337583137923392	18.779260569956104	72.58262311038422	
8.312322030829465	-4.971465529528871	-278.0794464978672	9.134423163283605	-278.07944649786714	-24.664193933022702	19.507036735272955	9.134423163284415	19.50703673527198	67.01534771902281	
8.36526675714048	-19.54774321185343	-278.89668098850615	12.380202056267041	-278.8966809885061	-46.08568606932332	20.057255433436723	12.380202056267933	20.057255433435806	62.56088374450677	
8.418211483451495	-36.152553928954525	-274.6447328342323	17.190661615446437	-274.6447328342321	-62.92540160869437	20.79232839961933	17.19066161544743	20.79232839961847	59.4882793488356	
8.471156209762512	-54.329120629241146	-266.1025470948695	23.499956148300495	-266.10254709486935	-74.40605020609722	22.073159094678186	23.499956148301557	22.073159094677383	58.046153718582445	
8.524100936073527	-73.43726030852287	-254.30702014283278	31.04193589960394	-254.3070201428326	-79.96071439073552	24.190140808388847	31.04193589960507	24.190140808388115	58.446460539391445	
8.577045662384544	-92.57519951525585	-240.46956988712665	39.375994690356826	-240.46956988712645	-79.49453186065278	27.305997687808592	39.37599469035801	27.305997687807945	60.83748440398134	
8.629990388695559	-110.67800433009008	-225.93616666686037	47.94381775854982	-225.9361666668602	-73.19758557983668	31.425955289582618	47.943817758551035	31.425955289582056	65.26502862906324	
8.682935115006574	-126.40781289195856	-212.08500384808107	56.17264787704057	-212.08500384808093	-61.73431730897906	36.38405102007272	56.1726478770418	36.38405102007222	71.6437289555997	
8.73587984131759	-138.34359742904027	-200.13133320083347	63.56505825583443	-200.13133320083327	-45.93493503144677	41.86239542313486	63.56505825583564	41.86239542313448	79.73661201441688	
8.788824567628605	-145.02328987441527	-191.0090377828511	69.78898383259309	-191.00903778285098	-26.982234974947474	47.45026699011876	69.78898383259425	47.450266990118465	89.15976288952196	
8.841769293939622	-145.2270828638692	-185.17065828826472	74.71718804723405	-185.17065828826463	-6.236199739855833	52.714346468413545	74.71718804723513	52.714346468413325	99.4201267873613	
8.894714020250637	-138.0611577135628	-182.61894255549703	78.42625731759543	-182.61894255549703	14.843525512517877	57.27830212399418	78.42625731759642	57.27830212399403	109.96250897866196	
8.947658746561652	-123.27683810704218	-182.78873538397363	81.13667255174538	-182.78873538397377	34.666989454932235	60.90087518929532	81.13667255174623	60.90087518929521	120.23930930953304	
9.000603472872669	-101.33421174525952	-184.76483471823408	83.12875994745139	-184.76483471823425	51.65920589834084	63.51643744996111	83.12875994745208	63.516437449961046	129.77298552465155	
9.053548199183684	-73.49558429315626	-187.31342346394354	84.64581874250425	-187.31342346394376	64.49139287025258	65.22330942213213	84.64581874250479	65.22330942213205	138.20091170753838	
9.1064929254947	-41.76459641007995	-189.17113842131926	85.82337356457002	-189.1711384213195	71.99439259464062	66.25843041214748	85.82337356457039	66.25843041214738	145.29669885645157	
9.159437651805716	-8.693047107551529	-189.1360212816985	86.64290880669847	-189.13602128169873	73.6950328738232	66.92648023364691	86.64290880669866	66.92648023364679	150.9575124702866	
