# Stress in units of bar (10^5 Pa)
# z	Sxx	Sxy	Sxz	Syx	Syy	Syz	Szx	Szy	Szz
0.0	76.95576113352217	61.960731043717495	-53.75493064006551	61.960731043717274	137.3133342215512	127.6893007832587	-53.75493064006543	127.689300783259	158.81576779415977	
0.05284343953333595	59.09945434635561	45.31473100779684	-56.40248964278934	45.314731007796425	145.91314114889013	123.38345222870139	-56.40248964278929	123.38345222870174	154.93295145931728	
0.1056868790666719	40.53661805602447	30.31981311521769	-59.113127957183	30.319813115217094	147.66037914285897	117.53438102983304	-59.113127957183	117.53438102983344	149.44899750775954	
0.15853031860000785	22.790444206729802	17.891266586008612	-61.41384973711841	17.891266586007866	142.12519719056593	110.58975003516952	-61.41384973711848	110.58975003516993	142.58237366992677	
0.2113737581333438	7.495318591642665	8.6159546095964	-62.79561911869258	8.615954609595509	129.47583788092652	103.02395253591224	-62.79561911869274	103.02395253591267	134.63963261204148	
0.2642171976666797	-3.91725393855922	2.810172199500471	-62.77830793376904	2.8101721994994726	110.42837963458977	95.31857305616701	-62.77830793376931	95.31857305616744	125.9816309158537	
0.3170606372000157	-10.269976258281503	0.4698538868366313	-60.96158766137647	0.4698538868355726	86.06630090052735	87.95444761382757	-60.961587661376846	87.95444761382802	116.97759054709272	
0.3699040767333517	-10.822550991784397	1.3908773146345936	-57.07736070613114	1.3908773146334887	57.93297314659806	81.39854858418008	-57.0773607061316	81.3985485841805	107.97390345396401	
0.4227475162666876	-5.292718588478365	5.220728938989829	-51.028884461256126	5.220728938988735	27.661428290862467	76.09003345707985	-51.028884461256666	76.0900334570803	99.26287189352895	
0.47559095580002353	6.03742808813432	11.455520127851578	-42.9052686954121	11.455520127850548	-2.9547326091980466	72.39713907491998	-42.905268695412694	72.39713907492043	91.07921729231802	
0.5284343953333595	22.348936931575366	19.630962797200198	-32.98946600271352	19.630962797199253	-32.1979107446537	70.58231203287515	-32.989466002714146	70.5823120328756	83.60057973297768	
0.5812778348666955	42.25986533546743	29.25804403948488	-21.74879082162318	29.258044039484034	-58.565382795134255	70.76606349924631	-21.748790821623814	70.76606349924677	76.94885598969955	
0.6341212744000314	64.02636421972124	39.93239520407556	-9.821300384236261	39.93239520407483	-80.97897077190687	72.88940339034967	-9.821300384236856	72.88940339035015	71.19026484470614	
0.6869647139333673	85.46264823268433	51.322581391816556	2.033031535906285	51.32258139181596	-98.84676665878455	76.71905594460453	2.0330315359057396	76.71905594460497	66.33023039773727	
0.7398081534667034	104.48501093399923	63.13513971428376	12.97554886584354	63.135139714283305	-112.0201755314041	81.86778671423693	12.975548865843072	81.86778671423735	62.31556572980683	
0.7926515930000393	118.94339284779575	75.21453942379236	22.15667276691883	75.21453942379205	-120.94698989662056	87.81830372214861	22.156672766918454	87.81830372214898	59.01330962665678	
0.8454950325333752	127.1640625343704	87.4164946952207	28.783577024571148	87.41649469522054	-126.19238685693412	93.98989515962177	28.783577024570878	93.98989515962205	56.21760375875862	
0.8983384720667111	128.0642472159384	99.6422610377428	32.17724408135557	99.64226103774271	-128.58801611435536	99.78723833534507	32.1772440813554	99.7872383353453	53.64376204933367	
0.9511819116000471	121.17124402162736	111.73607751548522	31.791333653219517	111.7360775154852	-128.76260190881925	104.66019437782109	31.79133365321944	104.66019437782123	50.98002572120955	
1.004025351133383	107.03184919500869	123.4039766841951	27.260530613331085	123.40397668419521	-127.01302969002509	108.11482907691887	27.26053061333111	108.11482907691894	47.93213260926205	
1.056868790666719	86.86866765923193	134.22380063664355	18.40486708844867	134.2238006366437	-123.20337989143074	109.71025483791304	18.40486708844877	109.71025483791303	44.28617587593846	
1.109712230200055	62.61762152881276	143.4943434631663	5.249491814393663	143.49434346316644	-116.93785800194838	109.04423955600646	5.249491814393798	109.0442395560064	39.95357624301796	
1.162555669733391	36.892215081061494	150.39144768546902	-11.958190958932542	150.39144768546916	-107.38027287918526	105.75020848507353	-11.95819095893237	105.75020848507339	35.043617307979126	
1.215399109266727	12.632696159957181	153.91132191935247	-32.73609825863777	153.9113219193526	-93.60650294068267	99.5403018057792	-32.73609825863758	99.54030180577907	29.884358835810392	
1.2682425488000628	-7.164246646193622	153.1024319029954	-56.350753321532665	153.10243190299548	-74.41353755768851	90.24236991598072	-56.35075332153248	90.24236991598059	25.031884604703404	
1.3210859883333987	-19.5908312446589	147.2252356053187	-81.82126514713062	147.2252356053188	-48.73944962290557	77.86794585271605	-81.82126514713043	77.86794585271593	21.24655406718245	
1.3739294278667347	-22.237980167683276	135.92979489722984	-107.94951521370754	135.92979489722995	-15.609846179130614	62.697871000835676	-107.9495152137074	62.69787100083559	19.428155401709773	
1.4267728674000706	-13.379289275603995	119.3915339482911	-133.38442239487944	119.3915339482912	25.643669668678214	45.3394272457265	-133.38442239487935	45.339427245726455	20.54736169169542	
1.4796163069334067	7.975667421709932	98.28633099244178	-156.6980169942466	98.28633099244185	75.37752613918256	26.751987814155875	-156.69801699424653	26.751987814155846	25.5377359645554	
1.5324597464667427	41.89031650975211	73.765956107618	-176.5198654727399	73.76595610761807	133.41108244962305	8.181938052026087	-176.5198654727399	8.181938052026084	35.17681928889413	
1.5853031860000786	87.5774101864993	47.36930019665459	-191.66383830695852	47.369300196654734	198.7758535195932	-8.965520026901732	-191.66383830695852	-8.96552002690173	49.94254929021706	
1.6381466255334145	143.4796438081232	20.687734268857735	-201.23111949213126	20.68773426885786	269.83490988900223	-23.274857492298576	-201.23111949213128	-23.274857492298572	69.89294866306992	
1.6909900650667504	207.5135133536737	-4.7042930710264095	-204.72024196852746	-4.70429307102626	344.2563116998757	-33.51029695289562	-204.72024196852755	-33.510296952895644	94.57892830402949	
1.7438335046000863	277.0554272917848	-27.498483507267764	-202.07458072744637	-27.49848350726758	419.0263652046284	-38.780879321579356	-202.07458072744646	-38.78087932157944	123.02164912796617	
1.7966769441334223	349.33329822352334	-46.6396357829731	-193.66727854278452	-46.63963578297292	490.89979421143437	-38.666103062353315	-193.66727854278463	-38.66610306235343	153.75584459548574	
1.8495203836667582	421.4614781765026	-61.462193524504556	-180.26444247871254	-61.462193524504315	556.6081908410893	-33.236532598557055	-180.26444247871268	-33.23653259855723	184.97518661725678	
1.9023638232000941	490.7460629809867	-71.59524273579424	-162.8927159910993	-71.595242735794	613.3071802009124	-23.049055603163946	-162.8927159910995	-23.049055603164184	214.72472662136255	
1.9552072627334303	554.6972399523876	-76.92854285246648	-142.71430138372892	-76.92854285246618	658.807419052803	-9.057380928506566	-142.71430138372912	-9.057380928506847	241.12904197678884	
2.008050702266766	611.3362680465726	-77.55026609928981	-120.85307221752424	-77.5502660992895	691.8247969484837	7.506867367464669	-120.8530722175245	7.506867367464342	262.6221919588032	
2.060894141800102	659.1470864381056	-73.83243967853063	-98.24631173854125	-73.8324396785303	712.0042107451252	25.254340390293507	-98.2463117385415	25.254340390293162	278.0992721987081	
2.113737581333438	697.2519282531123	-66.27118447977028	-75.58422446419796	-66.27118447976994	719.9133361001628	42.74019474243292	-75.5842244641982	42.740194742432564	287.0030490273613	
2.166581020866774	725.2949432799535	-55.6210544714229	-53.27261595495136	-55.62105447142258	716.6881972066003	58.53335493483419	-53.27261595495163	58.533354934833824	289.2885358055403	
2.21942446040011	743.318644443885	-42.86260192380033	-31.479582929939948	-42.86260192380002	703.7743712284757	71.29841627333847	-31.479582929940232	71.29841627333813	285.33815719494555	
2.272267899933446	751.6750888288581	-29.124831365608337	-10.225839457088787	-29.124831365608035	682.5446156725254	79.87288612376574	-10.225839457089064	79.87288612376543	275.85132136473914	
2.325111339466782	750.917690241267	-15.64923996954876	10.48659115177249	-15.649239969548482	654.2108115951071	83.35983628883312	10.48659115177221	83.35983628883285	261.73736479169077	
2.3779547790001176	741.6176380978653	-3.5740981978026625	30.575914584979426	-3.574098197802435	619.5609476704615	81.24167365165636	30.575914584979145	81.24167365165607	244.05243064205334	
2.430798218533454	724.2726599862987	6.17650163744446	49.7764416333116	6.176501637444666	578.9833079326465	73.51015015374486	49.77644163331133	73.51015015374463	223.93121912867858	
2.4836416580667895	699.4637503585926	13.039080603905411	67.62151216823924	13.039080603905585	532.854941283482	60.724024676074656	67.62151216823897	60.72402467607447	202.5665030755584	
2.5364850976001256	667.6956001298659	16.97860866479306	83.47954478166432	16.9786086647932	481.49535431174536	44.019739567995536	83.47954478166406	44.01973956799537	181.1628559992397	
2.589328537133462	629.5287415617053	18.488964491707648	96.61253632943445	18.488964491707712	425.7859131261215	25.012189785770545	96.61253632943422	25.012189785770396	160.87129454675298	
2.6421719766667975	585.5205744140594	18.6125996555395	106.29745604450227	18.61259965553957	367.0606322292491	5.5805443450105745	106.29745604450204	5.580544345010446	142.67423625032532	
2.6950154162001336	536.1424369287887	18.73710033619615	111.9626010998293	18.737100336196196	307.2753765005415	-12.416663476096065	111.9626010998291	-12.416663476096183	127.24574893711727	
2.7478588557334693	481.93077319926664	20.507533042962905	113.30375622069229	20.507533042962912	248.88678269443537	-27.44176511220376	113.3037562206921	-27.441765112203843	114.87202675700297	
2.8007022952668055	423.321558619029	25.491955716918245	110.34689991739961	25.49195571691825	194.62909474897646	-38.516344769628894	110.34689991739943	-38.51634476962899	105.43396736332949	
2.853545734800141	360.8617898580411	34.98893631164809	103.47216543714312	34.9889363116481	146.9633764223302	-45.380319411149735	103.47216543714296	-45.38031941114983	98.45036345913579	
2.9063891743334773	295.173581922846	49.82746220807557	93.36885273743272	49.82746220807549	107.74480151044433	-48.45493881127856	93.3688527374326	-48.45493881127862	93.2208179467656	
2.9592326138668135	227.19537425067824	70.13369953226868	80.89250725713357	70.13369953226865	77.98927696565099	-48.68286493018603	80.89250725713345	-48.68286493018609	89.02054266800984	
3.012076053400149	158.1730758324619	95.36173389608922	66.9284414108026	95.36173389608916	57.407907167361486	-47.28990014258903	66.92844141080249	-47.2899001425891	85.28369047990626	
3.0649194929334853	89.81270841191504	124.19192200946574	52.28281247498929	124.19192200946566	44.69467257529054	-45.46827234585821	52.28281247498917	-45.46827234585828	81.73357745737519	
3.117762932466821	24.05806183850667	154.7699334335271	37.57680333488696	154.76993343352703	37.30292112069269	-44.149905817039794	37.57680333488687	-44.14990581703989	78.39758736236158	
3.170606372000157	-37.006323151663494	184.77135495372147	23.209430854434718	184.7713549537214	32.126890980926404	-43.865297827541646	23.20943085443464	-43.86529782754171	75.50428922921866	
3.223449811533493	-91.24472278248061	211.70695712884816	9.41871577009051	211.70695712884813	25.79913576055631	-44.695581602561845	9.41871577009045	-44.6955816025619	73.35049614715501	
3.276293251066829	-136.7871873238391	233.2094323902087	-3.6224825843883863	233.20943239020866	15.40714217805018	-46.36057687767222	-3.6224825843884254	-46.36057687767228	72.1197773052577	
3.3291366906001647	-172.31654921161504	247.23582869440298	-15.688659626221066	247.235828694403	-1.21424244372011	-48.35972914394429	-15.688659626221096	-48.35972914394433	71.72325746446495	
3.381980130133501	-197.0402187434167	252.38055180669153	-26.383576358821866	252.38055180669153	-25.103286891072962	-50.158540668921894	-26.383576358821877	-50.15854066892193	71.75405061053003	
3.434823569666837	-210.81215741755244	247.94396575654378	-35.11311310613203	247.94396575654383	-56.018392439645325	-51.306654386336845	-35.11311310613202	-51.30665438633686	71.55028117591023	
3.4876670092001727	-214.1352617786406	233.94486459698766	-41.12552244786117	233.94486459698766	-92.54130150465937	-51.52775794768249	-41.12552244786115	-51.52775794768249	70.33331160972244	
3.540510448733509	-208.0066827669736	211.13925116261456	-43.62453621490884	211.1392511626146	-132.259967938383	-50.763528952919565	-43.624536214908794	-50.76352895291957	67.4289350334343	
3.5933538882668445	-193.8313919227212	180.76242782874797	-41.93692757070834	180.7624278287481	-172.22399028867787	-49.145730106587976	-41.93692757070829	-49.14573010658795	62.467475657604965	
3.6461973278001807	-173.2021475900736	144.52795358184446	-35.699390198225814	144.52795358184457	-209.33540020641232	-46.96141942954147	-35.69939019822576	-46.96141942954145	55.548078921470236	
3.6990407673335164	-147.8211544580811	104.2868220182932	-24.991280908434263	104.28682201829334	-240.58505315578117	-44.592954457244836	-24.9912809084342	-44.592954457244794	47.29904951956466	
3.7518842068668525	-119.2329347054772	61.96544437043363	-10.407679826536604	61.96544437043379	-263.36603903006454	-42.48996592106678	-10.407679826536532	-42.48996592106671	38.81764028550061	
3.8047276464001882	-88.82222131731174	19.429729904084287	6.913511794864654	19.42972990408446	-275.7668891556532	-41.149577586535244	6.913511794864725	-41.14957758653519	31.49543896944633	
3.8575710859335244	-57.7534632696199	-21.537375542504282	25.411367138906492	-21.537375542504112	-276.70943445545817	-41.088529946079426	25.41136713890657	-41.08852994607935	26.751908288330263	
3.9104145254668605	-26.671767395865643	-59.317388110388244	43.26810341786985	-59.31738811038806	-266.00804060831115	-42.77089398577381	43.26810341786993	-42.77089398577374	25.775264511522803	
3.9632579650001962	4.048319260994177	-92.55787314970064	58.628134315453266	-92.55787314970048	-244.37917082212152	-46.54178751967872	58.62813431545335	-46.541787519678635	29.308436951502983	
4.016101404533532	34.45376843885806	-120.09167770935686	69.86321493817154	-120.09167770935672	-213.59864578112442	-52.55137612605066	69.86321493817161	-52.55137612605059	37.474807786474244	
4.068944844066868	64.82599982408799	-141.06195353681554	75.75752361557221	-141.06195353681542	-176.21631915898595	-60.6302339600073	75.75752361557224	-60.630233960007274	49.7968631211298	
4.121788283600204	95.59704633442959	-155.06903110581672	75.65856058867608	-155.06903110581666	-135.35991706447794	-70.25408616189377	75.65856058867612	-70.25408616189372	65.29855341275822	
4.17463172313354	127.19130538639376	-162.07778073589657	69.50262627970028	-162.07778073589654	-94.20318686775823	-80.58246949196628	69.5026262797003	-80.58246949196625	82.67687651275057	
4.227475162666876	159.79326985797476	-162.48435101261103	57.75172529345987	-162.48435101261103	-55.72090256053599	-90.55242793898856	57.751725293459884	-90.55242793898857	100.52314129514846	
4.280318602200212	193.322653435511	-157.0781287388607	41.31785280293127	-157.07812873886076	-22.237857008772213	-99.04729519367655	41.31785280293126	-99.04729519367658	117.53938321057231	
4.333162041733548	227.48391515413	-146.89340891646577	21.377038354721293	-146.89340891646586	5.174306041347009	-105.0823682890535	21.37703835472126	-105.08236828905359	132.68629436985458	
4.386005481266884	261.9367599676202	-133.06995963600752	-0.7709775326668296	-133.0699596360077	26.606723796706802	-107.97516770088276	-0.7709775326668749	-107.97516770088286	145.25339037945113	
4.43884892080022	296.39811471188204	-116.85472726603138	-23.83448895074619	-116.85472726603157	43.338909728721575	-107.47724178759893	-23.834488950746252	-107.4772417875991	154.83586442268802	
4.4916923603335555	330.80255405536525	-99.41053745414845	-46.594041289372534	-99.41053745414868	57.50984730289528	-103.73938088044883	-46.5940412893726	-103.73938088044899	161.2793713197135	
4.544535799866892	365.4357322490634	-81.78533452871596	-67.95326908373488	-81.78533452871622	71.67588820184308	-97.20271624350569	-67.95326908373495	-97.20271624350589	164.5952817684792	
4.597379239400228	400.79855026846496	-64.80363994323761	-86.93880288619485	-64.8036399432379	88.31026027080665	-88.41711513230707	-86.93880288619494	-88.41711513230729	164.87839076834885	
4.650222678933564	437.24893078836277	-49.04411711294086	-102.74769083462579	-49.04411711294118	109.28655474155167	-77.82851666799277	-102.74769083462589	-77.82851666799301	162.2142844217978	
4.7030661184669	474.7222168164451	-35.10311101194314	-114.77922700704242	-35.10311101194345	135.34518650788362	-65.6344742635602	-114.77922700704252	-65.63447426356046	156.67852803546714	
4.755909558000235	512.3420745029392	-23.44935273224629	-122.68837747667686	-23.449352732246574	165.86160058060932	-51.74499915841288	-122.68837747667696	-51.74499915841318	148.32032453116744	
4.808752997533571	548.3863183161258	-14.521389172357885	-126.48042222837634	-14.52138917235812	199.1041611370027	-35.856727735152106	-126.48042222837648	-35.856727735152425	137.19622294850254	
4.861596437066908	580.4101475460186	-8.866215192001157	-126.53931203395142	-8.86621519200137	232.38649675245904	-17.640119703753403	-126.53931203395152	-17.640119703753722	123.42195698378293	
4.914439876600244	605.4610642735747	-6.978941580111721	-123.61623198786471	-6.978941580111908	262.5534303411571	3.057295421057063	-123.61623198786484	3.057295421056761	107.17791710098248	
4.967283316133579	620.6463496233118	-9.4752532596397	-118.72594325586928	-9.475253259639835	286.30236769208096	25.996845208006523	-118.72594325586942	25.99684520800624	88.74898469242106	
5.020126755666915	623.6677666759052	-16.87556332281475	-112.984953313584	-16.875563322814827	300.78878525173656	50.45382231387574	-112.98495331358416	50.45382231387546	68.55744205410775	
5.072970195200251	613.1175481935236	-29.4936143588592	-107.40410776571544	-29.493614358859194	303.7446382078241	75.20886826697009	-107.40410776571562	75.20886826696986	47.149795927055976	
5.125813634733587	588.8719069021587	-47.36047484858112	-102.66500549238539	-47.360474848581084	293.72002188934295	98.6992016718673	-102.66500549238562	98.69920167186714	25.170382609630686	
5.178657074266924	551.9682559011583	-69.95514181524358	-99.0078140124499	-69.95514181524351	270.2243134151063	119.23687083451136	-99.00781401245015	119.23687083451122	3.2957835145506067	
5.231500513800259	504.51693678865524	-96.10896329900557	-96.2166305252731	-96.10896329900534	233.69533037991903	135.24780056758462	-96.21663052527339	135.24780056758453	-17.836014068800957	
5.284343953333595	449.52027183918426	-123.95535403481456	-93.66636487322461	-123.95535403481426	185.68526596857484	145.54574763662055	-93.66636487322495	145.5457476366205	-37.70321794338918	
5.337187392866931	390.27708530098266	-150.9508267048074	-90.51494780543104	-150.95082670480704	128.71350146092328	149.5250779939764	-90.51494780543142	149.52507799397642	-55.93048547231033	
5.390030832400267	330.2379552917023	-174.0442176792851	-85.91134797460614	-174.04421767928469	66.3887221625261	147.2286014919024	-85.91134797460654	147.22860149190245	-72.33520728161592	
5.4428742719336025	272.48463443871384	-190.13096913370273	-79.19482149360006	-190.13096913370202	3.067854040233925	139.35039605176112	-79.19482149360047	139.35039605176127	-86.90150520527051	
5.495717711466939	219.5011289208078	-196.4224370865051	-70.01481374546302	-196.4224370865042	-56.57380613018714	127.12540723665603	-70.01481374546341	127.12540723665622	-99.72282009843173	
5.548561151000275	173.00015681329296	-191.10608394704346	-58.3876237378428	-191.1060839470424	-108.03578554640441	112.16911681961089	-58.38762373784322	112.16911681961113	-110.94341408886666	
5.601404590533611	133.69538605587945	-173.70821755543182	-44.641074763740036	-173.70821755543056	-147.8987954393805	96.27818811190916	-44.64107476374042	96.2781881119094	-120.69574263922799	
5.654248030066947	101.43835449994037	-145.4171428224466	-29.313880457054136	-145.4171428224452	-174.15838424106389	81.20135674080832	-29.313880457054523	81.20135674080856	-129.04385637178447	
5.707091469600282	75.2853200912267	-109.01522057705077	-13.037790052975222	-109.01522057704926	-186.77507920785507	68.44818882026725	-13.037790052975593	68.4481888202675	-135.99667580818152	
5.7599349091336185	53.8403715190134	-68.53619700112132	3.554439322114778	-68.53619700111976	-187.30780458654488	59.125247175376074	3.55443932211442	59.125247175376344	-141.52451718038472	
5.812778348666955	35.416788378700886	-28.622997069528367	19.904379648482305	-28.62299706952669	-178.6060669337178	53.844065351634065	19.90437964848194	53.84406535163431	-145.61738458907593	
5.865621788200291	18.514708447535938	6.2784831525788665	35.55418052849074	6.278483152580494	-164.0420334100965	52.69448375876916	35.5541805284904	52.694483758769415	-148.3324549233559	
5.918465227733627	1.8953460742389225	32.59708716388397	50.15110547179574	32.597087163885476	-146.73773793405832	55.308547143918844	50.151105471795404	55.30854714391904	-149.81683949044736	
5.971308667266962	-15.21450340672591	48.241552555043896	63.477761794604504	48.24155255504529	-129.10883662563091	60.9510220438508	63.47776179460419	60.951022043850955	-150.28067600719868	
6.024152106800298	-33.00087314341093	52.67427557868659	75.44265490372467	52.6742755786878	-112.34965028714024	68.65981842828815	75.44265490372436	68.65981842828825	-149.92579660789337	
6.0769955463336345	-51.21668522006614	46.93913492456609	86.08895249865856	46.939134924567156	-96.69676339500617	77.39303100567088	86.08895249865826	77.39303100567089	-148.86245242893972	
6.129838985866971	-69.0707877739971	33.216130291129645	95.57829316314647	33.21613029113047	-81.73106798840534	86.17455420657504	95.57829316314621	86.17455420657498	-147.01626042050373	
6.182682425400306	-85.34725880074303	14.229553570429456	104.14399360970062	14.229553570430017	-66.48958365388883	94.18923289896684	104.14399360970039	94.18923289896667	-144.0742108054113	
6.235525864933642	-98.48863356105895	-7.127480537402954	112.03931450861742	-7.127480537402653	-50.277586366863424	100.82099138229601	112.03931450861722	100.82099138229576	-139.52803540019394	
6.288369304466978	-106.65064157562418	-28.310920879708583	119.47288598606372	-28.310920879708533	-32.67461750210431	105.68326986213886	119.47288598606353	105.68326986213847	-132.7633512880991	
6.341212744000314	-108.02457431045521	-47.30674971899839	126.54587378257834	-47.30674971899854	-13.828771594646224	108.59660152109069	126.54587378257818	108.59660152109026	-123.20629815738982	
6.3940561835336505	-100.89800275910136	-62.707561494033975	133.21397773838348	-62.7075614940343	5.806715977587231	109.54864108782056	133.21397773838336	109.54864108782002	-110.47907790299342	
6.446899623066986	-84.05653102075385	-73.69880911371149	139.27974530111652	-73.69880911371196	25.568986471983813	108.64795172844741	139.27974530111644	108.6479517284468	-94.55046071804739	
6.499743062600322	-56.95971702335551	-79.90024220284491	144.44666432173312	-79.90024220284548	44.788383635856576	106.0849461307958	144.44666432173307	106.08494613079515	-75.79681239499656	
6.552586502133658	-19.95035443287761	-81.25074390657099	148.38001953450046	-81.25074390657161	63.20308727940426	102.11069576802777	148.3800195345004	102.11069576802707	-55.00859044182555	
6.605429941666994	25.752428808813335	-77.88843698316845	150.79643732324246	-77.88843698316906	81.0319154082568	97.05086988592818	150.7964373232424	97.05086988592743	-33.28789205652586	
6.658273381200329	78.04021289306569	-70.18810607587568	151.50904768955255	-70.1881060758763	98.96913019736193	91.26448977138514	151.50904768955252	91.2644897713844	-11.888670245690612	
6.7111168207336656	134.1234923949277	-58.75474823807012	150.47119080366411	-58.75474823807062	118.07468044716977	85.13978708346076	150.47119080366406	85.13978708346	7.981776809126105	
6.763960260267002	190.79372742519837	-44.47639652786493	147.78028174936733	-44.47639652786535	139.41750377178192	79.07527221136192	147.78028174936728	79.07527221136115	25.35817598905752	
6.816803699800338	244.79295653662385	-28.517321133336075	143.65812311502157	-28.517321133336328	163.79754230841945	73.43758868797042	143.65812311502148	73.43758868796968	39.66776630085144	
6.869647139333674	293.19741355406813	-12.054589965467537	138.40070255224455	-12.0545899654676	191.63365171302954	68.5170438205349	138.40070255224444	68.51704382053418	50.764094223401834	
6.922490578867009	333.65252504582566	3.538094392599902	132.33589408620128	3.5380943926000654	222.5614644305512	64.49946315447627	132.33589408620114	64.49946315447555	58.92345555779756	
6.975334018400345	364.5622087613247	17.083862942732694	125.77203462352415	17.0838629427331	255.44575174227035	61.43766488049584	125.77203462352398	61.43766488049512	64.72877835994893	
7.0281774579336815	385.2569120656507	27.690128850993602	118.95208767060284	27.690128850994228	288.5085067688351	59.23943323101434	118.95208767060268	59.23943323101361	68.91862901625723	
7.081020897467018	395.8530189761515	34.87941623082398	112.0221407256661	34.87941623082482	319.6395235090753	57.68196615913366	112.02214072566593	57.68196615913292	72.21410530924011	
7.133864337000353	397.15068434278487	38.73941091323305	105.01901736595352	38.739410913234096	346.7055929465204	56.45635458755606	105.01901736595335	56.456354587555325	75.14998295731034	
7.186707776533689	390.4025080301605	39.72045744670156	97.8539090977921	39.72045744670276	367.7571242384249	55.20418083357881	97.85390909779191	55.20418083357806	77.98441612610613	
7.239551216067025	376.91700954349614	38.605608713763985	90.334092476769	38.60560871376531	381.2301308499926	53.56916629876249	90.33409247676883	53.56916629876174	80.66997431587433	
7.292394655600361	357.9761631779656	36.27027738139924	82.18763072856909	36.27027738140058	386.04092466277547	51.22575857872536	82.18763072856889	51.22575857872461	82.9214850292166	
7.3452380951336975	334.49839515211136	33.5077109623192	73.1134403154052	33.50771096232058	381.62408496274867	47.92573182364483	73.11344031540503	47.925731823644114	84.334819672884	
7.398081534667033	307.22127097749984	30.84713954238504	62.83459279429495	30.84713954238636	367.8731244500981	43.533737289502014	62.83459279429478	43.533737289501346	84.53660748102742	
7.450924974200369	276.53943313212216	28.491820370757882	51.15489057964115	28.491820370759065	345.1719655839248	38.03350763318892	51.15489057964098	38.03350763318832	83.32937929872068	
7.503768413733705	242.87031758379607	26.3084339690575	38.02137551583763	26.308433969058534	314.2856369287667	31.53150741259647	38.021375515837455	31.53150741259595	80.7913582993573	
7.556611853267041	206.54873940455707	23.91183107367855	23.54831365433675	23.91183107367938	276.39402500736884	24.262325124701107	23.54831365433657	24.26232512470068	77.30901175810565	
7.6094552928003765	168.15214203319712	20.84435061590458	8.024718318963885	20.84435061590513	233.05753968797896	16.553801267965476	8.024718318963718	16.553801267965152	73.54162247972664	
7.662298732333713	128.39546155197462	16.648305659362705	-8.095601254593564	16.648305659363004	186.16210889347582	8.78913222989307	-8.09560125459371	8.789132229892848	70.3206251644319	
7.715142171867049	88.21203041814857	11.136999228521487	-24.23896002628172	11.136999228521535	137.8735376768684	1.3486891631289994	-24.23896002628184	1.348689163128861	68.50474816764074	
7.767985611400385	48.639400240654126	4.366500557267951	-39.76396567264554	4.366500557267736	90.35144365283341	-5.454121186437041	-39.76396567264563	-5.454121186437103	68.82667079740425	
7.820829050933721	10.789830108661935	-3.2356388253591035	-54.02843832715583	-3.2356388253595654	45.76643506060867	-11.405893675193537	-54.02843832715588	-11.405893675193555	71.76104908724602	
7.873672490467056	-24.24411004182252	-11.024694335039513	-66.45455579352709	-11.024694335040138	5.883836694215885	-16.41356004536814	-66.45455579352713	-16.413560045368133	77.42882439183249	
7.9265159300003925	-55.56618867131508	-18.098027791257763	-76.58540458504584	-18.09802779125853	-28.050898966169946	-20.4906516153703	-76.58540458504584	-20.49065161537029	85.56408156471502	
7.979359369533729	-82.33876820483663	-23.61532731255828	-84.12683399442628	-23.615327312559117	-55.35999401928918	-23.72103474460556	-84.12683399442625	-23.72103474460558	95.54901121063214	
8.032202809067064	-104.01231012683141	-26.771851850170535	-88.96688854853706	-26.771851850171345	-76.09816466870942	-26.187865783050466	-88.966888548537	-26.18786578305053	106.50234035403635	
8.0850462486004	-120.16927911535572	-27.050149851708674	-91.18641313291886	-27.05014985170949	-90.91900108589206	-27.933592267389354	-91.18641313291879	-27.933592267389464	117.41326780077486	
8.137889688133736	-130.6163699258446	-24.19905880110784	-91.04437774522616	-24.19905880110857	-100.87011305475433	-28.900425673789115	-91.04437774522609	-28.900425673789304	127.30787427018592	
8.190733127667073	-135.25035768360533	-18.293240221976735	-88.94345806769836	-18.293240221977324	-107.20697850315143	-28.92224040894915	-88.94345806769829	-28.922240408949406	135.38612924714198	
8.243576567200408	-134.16863460610122	-9.645428009254573	-85.39197337213331	-9.645428009255	-111.01351357296576	-27.743381686552645	-85.39197337213324	-27.74338168655296	141.15153920604615	
8.296420006733744	-127.46476439360681	1.2880163719106754	-80.9433103110879	1.2880163719103948	-113.05471616725131	-25.06076151016979	-80.94331031108786	-25.06076151017015	144.47085308681227	
8.34926344626708	-115.45024378849635	14.029891780898325	-76.13057047335337	14.029891780898254	-113.67614899580639	-20.579392139151366	-76.13057047335334	-20.579392139151754	145.567634515201	
8.402106885800416	-98.52135349905463	28.077078729827043	-71.41773226230967	28.0770787298271	-112.7376868095028	-14.070247063232895	-71.4177322623097	-14.070247063233282	144.95682389303008	
8.454950325333751	-77.29656753806852	43.044401706560805	-67.14868468544573	43.044401706561004	-109.83750378481828	-5.425635060537453	-67.14868468544579	-5.425635060537822	143.34033951971162	
8.507793764867088	-52.697593792875765	58.51399294290001	-63.523530459405336	58.51399294290035	-104.45832942667533	5.309351902170407	-63.52353045940546	5.309351902170077	141.4633049158101	
8.560637204400424	-25.81684267537112	74.07986867328233	-60.59146101506324	74.07986867328276	-96.21525015620716	17.914207554563987	-60.5914610150634	17.9142075545637	139.9806183105933	
8.61348064393376	1.9081021339448299	89.19048726932195	-58.28321063416291	89.19048726932245	-84.95445594491463	32.015317507142825	-58.28321063416313	32.01531750714259	139.37586559844317	
8.666324083467096	29.075990164921645	103.19855711936093	-56.44592967424215	103.19855711936147	-70.74296698950694	47.09228254584778	-56.44592967424242	47.0922825458476	139.90617025735878	
8.719167523000431	54.23352301742413	115.28150445315417	-54.90172182158454	115.28150445315474	-53.87262982435372	62.51697653025728	-54.90172182158482	62.51697653025715	141.6046408458487	
8.772010962533768	76.1534641499162	124.60612074922565	-53.503736079805904	124.60612074922624	-34.69687438160548	77.60950696684696	-53.5037360798062	77.60950696684688	144.315587195943	
8.824854402067103	93.85057776196078	130.3303127652575	-52.178478664438224	130.3303127652581	-13.55912242970362	91.6973743863861	-52.17847866443849	91.69737438638607	147.73921286950954	
8.87769784160044	106.64146124587754	131.86548871963433	-50.95195891739647	131.86548871963487	9.17433641230869	104.1622557772502	-50.951958917396695	104.1622557772502	151.48912108049382	
8.930541281133776	114.15082649789711	128.8728216368938	-49.94339466768027	128.87282163689432	33.04764340560099	114.50332567608451	-49.94339466768045	114.50332567608457	155.14817779563535	
8.983384720667111	116.25718821163883	121.46116782256782	-49.33340551876931	121.46116782256817	57.419049085047035	122.3678577520918	-49.33340551876942	122.3678577520919	158.2960364289555	
9.036228160200448	113.07681406115552	110.06997802040344	-49.315351931367594	110.06997802040374	81.34346179630687	127.56930428784946	-49.315351931367616	127.56930428784962	160.53442610359372	
9.089071599733783	105.01128322318257	95.60646191395975	-50.04018836224349	95.60646191395989	103.62535802320346	130.08308091303664	-50.04018836224346	130.08308091303684	161.52203258005102	
9.14191503926712	92.67108154681527	79.1373050858486	-51.55057613932636	79.13730508584857	122.76875937821293	130.03810628996055	-51.550576139326296	130.0381062899608	161.00083303169257	
