# Stress in units of bar (10^5 Pa)
# z	Sxx	Sxy	Sxz	Syx	Syy	Syz	Szx	Szy	Szz
0.0	416.8383834774959	-11.80874170827743	9.412652963767837	-11.808741708276575	41.27273789520584	18.825621217455264	9.41265296376815	18.82562121745549	126.11061853400597	
0.05284420685749858	407.59614648768314	-3.084635384697215	-1.2937900156596136	-3.084635384696419	26.384771420337955	28.52399331848907	-1.2937900156592788	28.5239933184893	106.04552735287223	
0.10568841371499715	389.4469323173828	5.141165141255911	-13.006580454200057	5.141165141256607	13.738185949251701	37.05732486256738	-13.006580454199717	37.0573248625676	83.86615305226618	
0.15853262057249573	362.2851472839718	12.859898614500935	-25.680829542031443	12.859898614501546	4.229862853974673	44.22942482199637	-25.680829542031134	44.22942482199657	60.034874644669756	
0.2113768274299943	326.32192104081855	20.085297036807916	-39.276597779595036	20.085297036808385	-1.750988783839027	49.89753409091492	-39.276597779594766	49.897534090915094	35.08734001175091	
0.2642210342874929	282.1105749563542	26.85486499057756	-53.72321001354008	26.85486499057792	-4.5381909383904855	53.9970064155777	-53.72321001353985	53.99700641557784	9.647814744362309	
0.31706524114499146	230.54232648927498	33.119445665655505	-68.88931797740268	33.119445665655775	-5.1349708192919366	56.56841308539151	-68.8893179774025	56.56841308539161	-15.571381308402604	
0.36990944800249004	172.99720626286796	38.78436243365701	-84.53636060141154	38.784362433657236	-4.984359732366592	57.757466452182854	-84.53636060141142	57.75746645218292	-39.78695691828375	
0.4227536548599886	111.25333707424089	43.61312902063077	-100.317676292759	43.61312902063094	-5.771117757827842	57.82347827399111	-100.3176762927589	57.82347827399116	-62.17411706056627	
0.4755978617174872	47.60295226385944	47.37413291809385	-115.78443385441568	47.374132918094034	-9.024056142733897	57.117643804157176	-115.78443385441558	57.11764380415718	-81.92651243169625	
0.5284420685749858	-15.324857621616033	49.71806014286744	-130.42939866267827	49.718060142867614	-15.81140553238767	56.035648272624016	-130.4293986626782	56.035648272623995	-98.31528529677558	
0.5812862754324843	-74.82425667610295	50.38576431640367	-143.74872742985576	50.38576431640388	-26.431170052900328	54.97114260335289	-143.7487274298557	54.97114260335285	-110.77813718149184	
0.6341304822899829	-128.35835741019991	49.05822911959021	-155.32091789085288	49.05822911959044	-40.50419891383287	54.26668152647077	-155.32091789085277	54.26668152647071	-118.99117245351779	
0.6869746891474815	-174.0656783773574	45.5157615913048	-164.86894489792297	45.515761591305065	-56.82803156048595	54.15984226880121	-164.8689448979228	54.15984226880113	-122.91541885510038	
0.7398188960049801	-210.80335267460742	39.5117598219051	-172.27280599080407	39.51175982190538	-73.81547965813446	54.76799057910368	-172.27280599080387	54.76799057910359	-122.815753463155	
0.7926631028624787	-238.5776583225586	30.895542480345703	-177.55911754646124	30.895542480345952	-89.74427001009799	56.0756717500275	-177.559117546461	56.075671750027375	-119.23108608095177	
0.8455073097199772	-258.2941386656135	19.471707318619842	-180.85422610532052	19.47170731862008	-103.06618382880617	57.953196330944806	-180.85422610532024	57.95319633094465	-112.8826498199877	
0.8983515165774758	-271.64837581383244	5.243644014476654	-182.33082225546923	5.243644014476869	-112.70630587111447	60.19281024453359	-182.33082225546892	60.19281024453339	-104.5511916124219	
0.9511957234349744	-280.8243613161898	-11.688084560561485	-182.1766931946024	-11.68808456056129	-118.23178630490327	62.55738941661838	-182.17669319460205	62.557389416618136	-94.94119106242637	
1.004039930292473	-287.85263493776154	-30.84532010134044	-180.5558720526594	-30.845320101340285	-119.84773206843828	64.8256135970879	-180.5558720526591	64.82561359708762	-84.5399672177229	
1.0568841371499715	-294.357491266161	-51.492379455749486	-177.61902806319492	-51.492379455749386	-118.24804612602463	66.84232935675831	-177.6190280631946	66.84232935675803	-73.56997458801675	
1.1097283440074701	-301.266089296004	-72.34025068087622	-173.4995801611393	-72.34025068087615	-114.46436824687973	68.56834111475129	-173.49958016113897	68.56834111475096	-61.99103927312484	
1.1625725508649687	-308.58941578665264	-91.77388798981806	-168.3209169782543	-91.77388798981801	-109.60131994030124	70.10941202477927	-168.32091697825405	70.10941202477898	-49.59887354229775	
1.2154167577224673	-315.5631585787716	-107.8190962923795	-162.19553141527336	-107.81909629237948	-104.6187891991795	71.70326177280597	-162.19553141527314	71.70326177280566	-36.169280779208	
1.2682609645799658	-320.8171019673959	-118.45523783598179	-155.2031282868877	-118.45523783598185	-100.18911919347659	73.71136959924765	-155.20312828688748	73.71136959924738	-21.61736218246457	
1.3211051714374644	-322.74724071231435	-121.83981803873397	-147.34521718194463	-121.83981803873405	-96.5610179523075	76.59005822385365	-147.34521718194452	76.59005822385339	-6.112724703634598	
1.373949378294963	-319.7169054195084	-116.68728840152818	-138.5250573109518	-116.68728840152835	-93.65692116643245	80.77778202044024	-138.5250573109517	80.77778202044004	9.874816963483397	
1.4267935851524616	-310.30631351031707	-102.51221519483221	-128.53776543471812	-102.51221519483241	-90.99707292899842	86.65002172381723	-128.5377654347181	86.65002172381708	25.669951847716547	
1.4796377920099602	-293.4513943065131	-79.80145206077756	-117.08518371859344	-79.80145206077788	-87.79589345690323	94.43555306555392	-117.08518371859346	94.43555306555382	40.54619300149868	
1.5324819988674587	-268.4423747958202	-50.09902288927818	-103.81166697113827	-50.099022889278544	-83.04980717022691	104.12460725422733	-103.81166697113832	104.1246072542273	53.96116690559404	
1.5853262057249573	-234.88389020552916	-15.687271322870139	-88.41130358259383	-15.687271322870522	-75.54845397889827	115.41572644482908	-88.41130358259397	115.41572644482906	65.75941490691582	
1.6381704125824559	-192.816165531571	20.67800561220719	-70.69349962497297	20.67800561220676	-64.00096756153812	127.69544012916705	-70.69349962497317	127.69544012916705	76.32583470396338	
1.6910146194399545	-142.53044768545809	56.16176113648392	-50.6618653985011	56.16176113648342	-47.04835502011334	140.05268207390432	-50.66186539850133	140.05268207390435	86.60827646735905	
1.743858826297453	-84.83514572232158	88.30629424553187	-28.558775983279116	88.30629424553133	-23.53096336107873	151.37120535326548	-28.558775983279386	151.3712053532655	97.98629002407505	
1.7967030331549516	-20.978319624646957	115.3228832157381	-4.875590238169135	115.32288321573756	7.4769509913391445	160.44649066275437	-4.875590238169442	160.44649066275443	112.02714598276879	
1.8495472400124502	47.087428136052424	136.21176369798275	19.665921552981438	136.21176369798224	46.320127254757814	166.2011601840593	19.6659215529811	166.20116018405935	130.18321676707959	
1.9023914468699488	116.93679600534963	150.84848827759652	44.1549327640917	150.848488277596	92.68677134845281	167.83679078919525	44.15493276409136	167.8367907891953	153.4558181910097	
1.9552356537274473	185.55102129151743	159.65618730492287	67.53337802664025	159.65618730492235	145.48807905242575	164.99064410464564	67.53337802663992	164.99064410464567	182.1369700403952	
2.008079860584946	249.72030697343502	163.54470960975056	88.66194996805169	163.5447096097501	202.8794892779929	157.82941035539207	88.66194996805135	157.82941035539213	215.6629284559586	
2.0609240674424445	306.2395196512839	163.5210913111212	106.38336307913859	163.52109131112076	262.21889453020697	147.03365029396002	106.38336307913829	147.03365029396008	252.6117044826682	
2.113768274299943	352.13241036170837	160.55062124363948	119.55650734156653	160.55062124363897	320.459156425913	133.67828905292836	119.55650734156627	133.67828905292845	290.8616850337894	
2.1666124811574416	385.1561981690136	155.39559806558043	127.14301762997869	155.39559806558003	374.433535769037	119.02620423811345	127.14301762997846	119.02620423811351	327.8556616450194	
2.2194566880149402	403.64174914788236	148.60804763631938	128.27628270971508	148.60804763631887	421.15147665093934	104.3078251615447	128.27628270971488	104.3078251615448	360.98606796797765	
2.272300894872439	406.98523477155777	140.51658972712053	122.35330348629032	140.51658972712005	458.14609548006473	90.54902807218214	122.35330348629017	90.54902807218221	387.956384719027	
2.3251451017299374	395.3938487621618	131.30196218247454	109.15232986609152	131.301962182474	483.77072415857333	78.45913648284763	109.15232986609143	78.4591364828477	407.11943898788184	
2.377989308587436	370.0817713348645	121.11693429075655	88.92503785884772	121.11693429075606	497.1942196205745	68.42981870885869	88.92503785884767	68.42981870885878	417.67249755303646	
2.4308335154449345	333.0060500700173	110.00201027970309	62.442262595244785	110.00201027970257	498.5213553873689	60.595672256120466	62.44226259524477	60.59567225612054	419.7036213280021	
2.483677722302433	287.0274278055068	98.10046083486043	31.01092446672041	98.10046083485994	488.6334868962256	54.94934849930091	31.010924466720432	54.94934849930095	414.05083378312514	
2.5365219291599317	235.47180802223033	85.4746474969802	-3.622394883077962	85.47464749697974	469.0370725407205	51.452668774346236	-3.62239488307791	51.452668774346265	402.05389680560324	
2.5893661360174303	182.11154510027495	72.26755451253214	-39.404051539099996	72.26755451253166	441.5566653602086	50.081290389456086	-39.404051539099925	50.0812903894561	385.2401149055123	
2.642210342874929	130.60929746675396	58.55250012031945	-74.17725057380491	58.552500120319024	408.1480158089897	50.79212875285408	-74.17725057380484	50.79212875285407	365.0557960432374	
2.6950545497324274	84.42481329065036	44.43080889573456	-105.86162585529856	44.43080889573422	370.7123468649682	53.438872216911825	-105.86162585529848	53.43887221691179	342.641836035366	
2.747898756589926	46.23561677563437	30.029076698629513	-132.66670203479362	30.029076698629243	330.902798274484	57.67563330896129	-132.66670203479353	57.675633308961274	318.81233760676804	
2.8007429634474246	17.880067929628808	15.552358165798793	-153.2197553652349	15.552358165798534	290.13189915830026	62.90214020590917	-153.21975536523485	62.9021402059091	294.10711841688345	
2.853587170304923	0.05803708604810254	1.3194667160411413	-166.6532446600198	1.3194667160409423	249.40652837730357	68.27364368428636	-166.65324466001977	68.27364368428626	268.9365933281198	
2.9064313771624217	-7.743063755912573	-12.127679658642428	-172.6442403808839	-12.12767965864262	209.3720843881862	72.82273061776851	-172.64424038088387	72.82273061776843	243.7320190911645	
2.9592755840199203	-6.883138338788498	-24.124269456088797	-171.40362590375355	-24.124269456088925	170.5242905788331	75.67532838609051	-171.40362590375352	75.67532838609043	219.02275687329524	
3.012119790877419	0.41134269866846296	-33.85438611973673	-163.65454093483308	-33.85438611973684	133.01281944868347	76.24380362790102	-163.65454093483305	76.24380362790092	195.424944939562	
3.0649639977349175	11.436236702041164	-40.531273671301086	-150.56547703127563	-40.53127367130115	96.93454503252633	74.39363651958305	-150.56547703127558	74.39363651958291	173.55461546474578	
3.117808204592416	23.488700045998073	-43.436401038347725	-133.65634634482265	-43.43640103834777	62.40377176820362	70.4953867764581	-133.65634634482265	70.49538677645796	153.91630618058497	
3.1706524114499146	33.93257990073954	-42.14156363063886	-114.6890057551985	-42.141563630638814	29.47689782973532	65.33744570646373	-114.68900575519848	65.33744570646358	136.79392916547835	
3.223496618307413	40.78149375431052	-36.50425927770209	-95.50814766479054	-36.504259277702076	-1.708876006654208	59.92147535548099	-95.5081476647905	59.92147535548085	122.2699547284067	
3.2763408251649118	42.99974041526272	-26.828937620507993	-77.85460884457224	-26.82893762050794	-30.800471039745936	55.20104846365199	-77.85460884457221	55.201048463651816	110.31173040186033	
3.3291850320224103	40.25423229764152	-13.723255940066984	-63.141870568991855	-13.723255940066892	-57.59576072615486	51.864296981346264	-63.14187056899182	51.8642969813461	100.87387643587486	
3.382029238879909	33.38649472183188	1.8429601656703767	-52.25913148594063	1.8429601656704762	-81.69244243667552	50.21105550745893	-52.25913148594057	50.21105550745876	94.06256645880444	
3.4348734457374075	23.784137074702628	18.85187285357884	-45.44961759618565	18.851872853578953	-102.80925902449667	50.1433339480505	-45.449617596185604	50.14333394805033	90.21363894695943	
3.487717652594906	13.368522838964282	36.15650678177181	-42.2713352671246	36.15650678177196	-120.67688789018392	51.28667273275552	-42.271335267124556	51.28667273275536	89.88505739160406	
3.5405618594524046	3.991315176289561	52.90612981799521	-41.67882847475165	52.906129817995335	-134.95904411044242	53.214512046067355	-41.67882847475159	53.2145120460672	93.76525605211198	
3.5934060663099032	-2.972996262075535	68.36891496116041	-42.21827144660299	68.36891496116054	-145.3684241372433	55.55491192646997	-42.21827144660295	55.55491192646983	102.49659406893588	
3.646250273167402	-6.724087147685587	82.12954335449008	-42.29875816415739	82.12954335449024	-151.45778145491255	58.11230668647042	-42.298758164157334	58.11230668647029	116.52985886538686	
3.6990944800249004	-7.292304598536603	94.10877714303115	-40.499203917829036	94.10877714303129	-152.58663557909858	60.84873239609551	-40.499203917828986	60.848732396095414	135.96473378678593	
3.751938686882399	-5.322411080502903	104.3685380524978	-35.78409886736789	104.36853805249797	-148.08698644153748	63.77122194318874	-35.78409886736784	63.771221943188664	160.49737959123667	
3.8047828937398975	-1.822127906311529	112.98576496567821	-27.68628277098911	112.98576496567838	-137.36923561178799	66.74856203840865	-27.686282770989056	66.74856203840858	189.36642621292089	
3.857627100597396	2.0200222893171826	119.93988920753512	-16.363146947014098	119.9398892075353	-119.96497420877654	69.39574517061413	-16.363146947014055	69.39574517061409	221.42086925029918	
3.9104713074548947	5.523834505396309	125.05240606378686	-2.535034631442829	125.05240606378712	-95.85637103848747	71.0370695003971	-2.5350346314427963	71.03706950039702	255.22094098606124	
3.9633155143123933	8.397904982936538	127.8377129860605	12.652747678466428	127.83771298606074	-65.56499193701214	70.81905684149461	12.65274767846645	70.81905684149459	289.13389322921296	
4.016159721169892	11.06332536101624	127.63241716830908	27.820585981308092	127.63241716830933	-30.092917935053435	67.86174562296601	27.820585981308117	67.86174562296601	321.45586541445823	
4.06900392802739	14.404635452526907	123.67534523603541	41.59252943762115	123.6753452360357	8.854367211543277	61.560812578282366	41.59252943762117	61.56081257828234	350.56067510331616	
4.121848134884889	19.93264341966549	115.45648430855718	52.78289071892378	115.45648430855746	49.38708176657194	51.77758058890294	52.78289071892379	51.777580588902964	375.0210457250293	
4.174692341742388	29.3023884866369	102.7573173898306	60.56631156696871	102.75731738983089	89.53620651482109	38.92535921511444	60.56631156696868	38.925359215114476	393.7276425048191	
4.227536548599886	44.07155239673287	85.91024470424296	64.58157396567383	85.91024470424324	127.71810501025635	23.91597924917503	64.58157396567378	23.915979249175095	405.98850298350044	
4.280380755457385	65.62923774152148	65.89591228181742	64.98715954185096	65.89591228181774	162.81954371622317	7.946208214511522	64.9871595418509	7.9462082145116	411.55853845457693	
4.333224962314883	94.71823585314837	44.15127034461065	62.406996865689194	44.15127034461099	194.5704357735762	-7.811398783677067	62.40699686568912	-7.8113987836769745	410.61804853952975	
4.386069169172382	131.41456788107718	22.434882544544504	57.83160232858282	22.434882544544827	223.3217323912803	-22.484119973276492	57.831602328582704	-22.48411997327637	403.68363346461433	
4.4389133760298805	174.8759882787308	2.502428576670656	52.43838125960584	2.5024285766709937	249.9775431144257	-35.73583442061678	52.438381259605706	-35.7358344206167	391.53183902025023	
4.491757582887379	223.50354024087966	-14.224598714908694	47.3672310557421	-14.224598714908382	275.72096218594805	-47.824636677536105	47.367231055741954	-47.824636677536	375.0659466956893	
4.544601789744878	275.17573437565807	-26.994494100628685	43.538385806400214	-26.994494100628362	301.68514314888574	-59.46149149005121	43.53838580640002	-59.461491490051145	355.2296194472457	
4.597445996602376	327.3958458503047	-35.71483984480552	41.51714369861101	-35.71483984480523	328.66089391741536	-71.57386370842306	41.51714369861081	-71.57386370842298	332.93279432318684	
4.650290203459875	377.6803772709743	-41.15376972491064	41.457953543220995	-41.15376972491039	356.8930510211002	-85.0232535150497	41.45795354322078	-85.02325351504965	309.0479222921554	
4.703134410317373	423.96284984707995	-44.531272111512045	43.14487256399445	-44.531272111511804	385.88072265266067	-100.34450110031081	43.14487256399421	-100.34450110031084	284.38551791103566	
4.755978617174872	464.76369111806616	-47.41448453448733	46.09626812036831	-47.414484534487144	414.64050949293676	-117.60110120439907	46.09626812036807	-117.60110120439911	259.68612605652726	
4.8088228240323705	499.28977217096406	-51.17368489848499	49.70852348638673	-51.173684898484844	441.59513566590556	-136.3930792439263	49.70852348638648	-136.3930792439264	235.61680587258638	
4.861667030889869	527.2750404966944	-56.81861422931284	53.37020814120079	-56.81861422931274	464.8124796006106	-155.98050939991663	53.37020814120055	-155.9805093999168	212.79709316999913	
4.914511237747368	548.8919681516927	-64.76176215297359	56.57824555944454	-64.76176215297357	482.27560005497287	-175.48365606648315	56.578245559444305	-175.48365606648338	191.7787250299166	
4.967355444604866	564.3447993587633	-74.68898188549153	58.966497672909014	-74.68898188549156	492.1237669004204	-194.06618305753716	58.96649767290879	-194.06618305753742	173.0576614371424	
5.020199651462365	573.6902098832829	-85.82188253427552	60.31346403288744	-85.8218825342756	492.92370945304225	-211.03723496227195	60.31346403288724	-211.0372349622723	157.05755093687898	
5.073043858319863	576.8066727244259	-96.96568592820113	60.52339435223983	-96.96568592820125	483.8540409307894	-225.900728770694	60.52339435223966	-225.9007287706944	144.11663847046958	
5.125888065177362	573.1260947363719	-106.85079529541326	59.59609192931562	-106.85079529541349	464.76323274455774	-238.30517026135442	59.5960919293155	-238.30517026135487	134.44396449853957	
5.1787322720348605	561.9162676425863	-114.29013253708052	57.606927862469774	-114.29013253708074	436.2831759364229	-247.94071407600592	57.606927862469675	-247.94071407600637	128.06485516133148	
5.231576478892359	542.4183733115118	-118.37569132384846	54.67590008405215	-118.37569132384871	399.71887587925886	-254.46749902676433	54.67590008405211	-254.4674990267648	124.7776328800249	
5.284420685749858	514.000136536714	-118.54229237662882	50.92307352792828	-118.54229237662908	356.80378936617814	-257.46435775127435	50.92307352792828	-257.46435775127486	124.13202905977688	
5.337264892607356	476.45508929485686	-114.52697189175737	46.41296407620944	-114.52697189175763	309.6325149751774	-256.44380900407316	46.41296407620949	-256.44380900407367	125.46322311117069	
5.390109099464855	430.1422778863124	-106.31920942612375	41.11738320532316	-106.31920942612396	260.1786672163863	-250.92342448842444	41.11738320532328	-250.92342448842496	127.9514475215976	
5.442953306322353	375.9045754564095	-94.13077356186524	34.864196083222595	-94.13077356186542	210.2728099888508	-240.53058709833846	34.86419608322274	-240.5305870983389	130.7489194491679	
5.495797513179852	315.42299720942725	-78.24980799505704	27.308324734038077	-78.24980799505714	161.52419202899108	-225.1074044019821	27.308324734038255	-225.10740440198262	133.12789851840347	
5.548641720037351	250.68314527008965	-59.06622757821457	17.972366924131627	-59.06622757821462	115.155609869695	-204.78912576058653	17.972366924131826	-204.78912576058696	134.55980517105607	
5.601485926894849	184.17890245345626	-37.10315023603751	6.315646469356066	-37.10315023603748	72.17784130830302	-180.0539270519885	6.31564646935627	-180.05392705198886	134.77619503553908	
5.654330133752348	118.39056811527395	-12.947903317965498	-8.166297136550828	-12.947903317965356	33.43180123380398	-151.7099533725529	-8.166297136550632	-151.7099533725533	133.7566671141551	
5.707174340609846	55.62310163391733	12.591593460109628	-25.818843619066044	12.591593460109841	-0.4343065550872467	-120.8242936114122	-25.81884361906585	-120.82429361141261	131.66251632993448	
5.760018547467345	-2.178832053773494	38.64772446550988	-46.71890614497442	38.64772446551017	-28.928646732419168	-88.62807984690915	-46.71890614497426	-88.62807984690954	128.73836618676506	
5.8128627543248435	-53.771729761613685	64.1699131108463	-70.6013054763931	64.16991311084661	-51.736200094736915	-56.41863263429579	-70.60130547639295	-56.41863263429621	125.20677990122186	
5.865706961182342	-98.5458560737033	88.05317796345817	-96.81645748701058	88.0531779634585	-68.88933246002546	-25.44628077567362	-96.81645748701045	-25.44628077567407	121.19751143840367	
5.918551168039841	-136.60316093307284	109.1908520121201	-124.37062409428741	109.19085201212039	-80.64863107014942	3.1687265789031898	-124.37062409428734	3.1687265789027244	116.71307768813702	
5.971395374897339	-168.56421832882256	126.6610211440142	-152.00043365966576	126.66102114401446	-87.7665494312262	28.504216679168714	-152.00043365966567	28.504216679168223	111.66420713398986	
6.024239581754838	-195.35899851264406	139.73248189042036	-178.28024881570013	139.7324818904206	-91.37316581213338	49.85341517162658	-178.28024881570005	49.853415171626075	105.88798570353809	
6.077083788612336	-218.21198355298432	147.92216369184382	-201.77589196167693	147.92216369184396	-92.91341023213108	66.72073416249175	-201.77589196167682	66.72073416249123	99.21445619767668	
6.129927995469835	-238.06605224529204	151.1587138338252	-221.19773322392564	151.15871383382526	-94.0239863614734	78.7996281907651	-221.19773322392547	78.7996281907646	91.55083999600552	
6.1827722023273335	-255.72945672905414	149.6845635818707	-235.53888736667795	149.68456358187066	-96.32044416885618	85.95717043817709	-235.5388873666778	85.95717043817659	82.92755464243317	
6.235616409184832	-271.50150212179744	144.0933158663599	-244.20365503362623	144.09331586635972	-100.94143406952713	88.16837198985303	-244.20365503362606	88.16837198985259	73.54400350280326	
6.288460616042331	-285.35006418486245	135.1946189704969	-247.04480932388708	135.1946189704967	-108.60244715333445	85.51003191810838	-247.0448093238869	85.51003191810798	63.7733561923592	
6.341304822899829	-296.76313443374903	123.99168050872497	-244.3884594330174	123.99168050872477	-119.13133710032263	78.14931966688489	-244.38845943301718	78.1493196668846	54.132173455615565	
6.394149029757328	-304.7731177229546	111.52485805888804	-236.94877721534846	111.52485805888782	-131.49738632963593	66.34553928179145	-236.94877721534826	66.34553928179122	45.226816496768755	
6.446993236614826	-308.2797259069849	98.68881735407244	-225.73195268522917	98.68881735407221	-143.85020959481727	50.45431551929391	-225.73195268522892	50.45431551929379	37.69140615216901	
6.499837443472325	-306.0082158098404	86.22659947520565	-211.89339712241394	86.22659947520542	-153.79971993555404	30.92715678749705	-211.8933971224137	30.92715678749704	32.11430528560199	
6.5526816503298235	-296.7081295822042	74.52741256303281	-196.6018621116271	74.52741256303263	-158.61668687711725	8.293189083876127	-196.60186211162687	8.293189083876218	28.960176779731537	
6.605525857187322	-279.4516919033879	63.67388188316404	-180.92526004445222	63.6738818831639	-155.86076431575523	-16.83065996032699	-180.92526004445205	-16.830659960326805	28.51819950311386	
6.658370064044821	-253.7374106311981	53.44632817558161	-165.72954392288975	53.4463281755815	-143.83627732094737	-43.750836087944194	-165.7295439228896	-43.75083608794393	30.875150532327797	
6.711214270902319	-219.76768675901195	43.480597986894495	-151.63415720570995	43.48059798689442	-121.78260012843194	-71.75001740923416	-151.63415720570993	-71.75001740923382	35.91024165631388	
6.764058477759818	-178.30804031373276	33.325389517198275	-139.0021003210322	33.325389517198175	-90.27897742625201	-100.081118618741	-139.0021003210323	-100.08111861874065	43.296881090711786	
6.816902684617316	-130.97724936697807	22.710032641087896	-127.95399539092	22.71003264108775	-51.046539974097236	-128.00001304922853	-127.95399539092017	-128.00001304922813	52.51877837064553	
6.869746891474815	-79.93625286262719	11.571044536919043	-118.39372250179039	11.571044536918816	-6.71452627421278	-154.7911278167412	-118.39372250179066	-154.7911278167408	62.936857166677	
6.922591098332314	-27.922869595324613	0.20737410207150297	-110.06539577535138	0.20737410207118323	39.458102610760314	-179.78904260115726	-110.06539577535172	-179.7890426011569	73.86366788367964	
6.975435305189812	22.3153636464345	-10.80365029152465	-102.61466543878132	-10.803650291525095	84.28384227785754	-202.36542617017426	-102.61466543878178	-202.3654261701739	84.64610597076785	
7.028279512047311	68.06891881594599	-20.64812625334995	-95.66390613304354	-20.64812625335052	124.95273752994332	-221.951748763741	-95.66390613304411	-221.95174876374068	94.77365482340554	
7.081123718904809	107.16458592705203	-28.431414107650074	-88.88770159081535	-28.43141410765076	159.46915610742815	-238.04094299336393	-88.88770159081596	-238.04094299336373	103.96388539126087	
7.133967925762308	138.21153361295558	-33.36293175098923	-82.0798447562736	-33.36293175099003	186.80516990076342	-250.18555086880266	-82.07984475627424	-250.1855508688025	112.22327319848408	
7.1868121326198064	160.79870302923214	-34.836369056241864	-75.19939950993108	-34.83636905624272	206.9177177675258	-258.01993027348794	-75.19939950993172	-258.01993027348783	119.85589907909146	
7.239656339477305	175.42058494656533	-32.61908749696519	-68.38804508572503	-32.6190874969661	220.5730259083894	-261.2791721799153	-68.38804508572566	-261.27917217991535	127.39594078337093	
7.292500546334804	183.46323976465453	-26.82686878082545	-61.940625881597	-26.82686878082636	228.97861980455446	-259.82956205067643	-61.940625881597576	-259.8295620506765	135.4952966562498	
7.345344753192302	186.85892710500286	-17.962633243782456	-56.249982839863264	-17.96263324378336	233.62489880515403	-253.70708408436377	-56.249982839863776	-253.70708408436388	144.76635649144347	
7.398188960049801	187.62260205684524	-6.872893256978836	-51.729388779871954	-6.872893256979694	235.76966105858736	-243.15935560781054	-51.72938877987238	-243.15935560781062	155.63098188019478	
7.451033166907299	187.5781981163561	5.435388523339018	-48.707652922040126	5.435388523338208	236.5166540000161	-228.67298134393815	-48.70765292204046	-228.6729813439383	168.2036302470733	
7.503877373764798	188.0461672997144	17.733971776315936	-47.35609074003804	17.733971776315187	236.51627236405403	-210.97913321020482	-47.35609074003827	-210.97913321020496	182.24558207942238	
7.5567215806222965	189.48559368207003	28.866845823774256	-47.646224373184715	28.866845823773538	236.18694709650248	-191.02645386920986	-47.64622437318486	-191.02645386921003	197.19892180694427	
7.609565787479795	191.9027631915157	37.71829528341868	-49.340504563187835	37.71829528341801	235.64907281196474	-169.91903430711645	-49.340504563187906	-169.91903430711656	212.27832587116782	
7.662409994337294	194.53836595588365	43.35408387761609	-52.011749286153986	43.354083877615416	235.0717468197716	-148.8292450405964	-52.011749286154	-148.82924504059642	226.61553533877145	
7.715254201194792	196.63600524072126	45.08932879306364	-55.09432503067138	45.08932879306295	234.56340654034722	-128.88918265755848	-55.09432503067136	-128.8891826575584	239.3970786733394	
7.768098408052291	197.35652879523116	42.4941811899107	-57.94300174753178	42.49418118990998	234.40014687257514	-111.07725687355317	-57.943001747531774	-111.07725687355303	249.977393887348	
7.820942614909789	196.3047865880307	35.428811159049076	-59.90507522597598	35.42881115904831	234.86228808735257	-96.12665037906253	-59.90507522597599	-96.1266503790623	257.9372138278763	
7.873786821767288	193.40605210312378	24.11001612133378	-60.383867346330625	24.110016121332944	236.14923674714646	-84.47695989948264	-60.383867346330675	-84.47695989948234	263.0786263290664	
7.9266310286247865	189.057190993	9.015862851193285	-58.906637167565165	9.015862851192365	238.3326174899436	-76.24316734590198	-58.906637167565265	-76.2431673459016	265.38251182991087	
7.979475235482285	184.01946195066702	-9.01908709480109	-55.17875199494662	-9.01908709480206	241.08315989139203	-71.2459667577356	-55.17875199494675	-71.24596675773518	264.949062639264	
8.032319442339784	179.13759232318608	-28.964601860492053	-49.13198817892112	-28.964601860493097	243.75089688736853	-69.06930952329293	-49.131988178921276	-69.06930952329247	261.9449046394688	
8.085163649197282	175.35757856115134	-49.56798688793724	-40.927053322239686	-49.56798688793833	245.3795971078106	-69.14797396051952	-40.92705332223984	-69.14797396051908	256.58385010450155	
8.13800785605478	173.3942441176372	-69.5140277097883	-30.946502541939203	-69.51402770978942	244.9166091717165	-70.84244182176927	-30.946502541939346	-70.84244182176883	249.1352825952843	
8.19085206291228	173.77156725589114	-87.5254130209097	-19.742793703601006	-87.52541302091085	241.3938903104947	-73.52193969448946	-19.742793703601127	-73.52193969448905	239.9721498071968	
8.243696269769778	176.68111072588297	-102.48818115366944	-7.965562100290958	-102.48818115367061	234.22385361141372	-76.6197575939047	-7.965562100291035	-76.61975759390434	229.60072336768803	
8.296540476627277	182.0565990555527	-113.62689894752666	3.728514029840266	-113.62689894752782	223.36771536666149	-79.66771460442521	3.7285140298402233	-79.6677146044249	218.66714375938167	
8.349384683484775	189.5919630233871	-120.51507306472452	14.753358604674201	-120.51507306472567	209.36982728092158	-82.29847867845294	14.753358604674196	-82.29847867845265	207.93116188246577	
8.402228890342274	198.80021651913648	-123.21568126094104	24.65584702637002	-123.21568126094216	193.24037008003097	-84.23881578077882	24.65584702637002	-84.2388157807786	198.18852184017518	
8.455073097199772	209.26641492389237	-122.17985382094028	33.1446283625174	-122.17985382094142	176.40632639558333	-85.28420010033443	33.1446283625174	-85.28420010033423	190.15885377190716	
8.50791730405727	220.65790780668527	-118.13340261975208	40.086053771209976	-118.13340261975308	160.35506241801633	-85.27561963972906	40.08605377120994	-85.27561963972889	184.36811939264894	
8.56076151091477	232.89998705608616	-111.9711415137861	45.464402670834936	-111.97114151378705	146.33642175863088	-84.07752505490889	45.46440267083487	-84.07752505490876	181.04736039601795	
8.613605717772268	246.13021860992603	-104.57253065573303	49.34944673964014	-104.57253065573386	135.16194810302028	-81.5708426826945	49.349446739640015	-81.5708426826944	180.07102038171243	
8.666449924629767	260.7274436452161	-96.64952852798216	51.839727716903646	-96.64952852798284	127.03880047295101	-77.6615708153021	51.839727716903454	-77.66157081530203	180.97024152436924	
8.719294131487265	277.0612999423769	-88.68027720240606	53.03562803778861	-88.68027720240653	121.60514585829648	-72.29289986639299	53.0356280377884	-72.29289986639291	182.99983688264354	
8.772138338344764	295.4468585731198	-80.82562616783088	53.011065896102785	-80.82562616783119	117.95290707352697	-65.46316722161153	53.011065896102565	-65.46316722161146	185.2361266878974	
8.824982545202262	315.736651544889	-73.0636572102713	51.79791699472034	-73.06365721027137	114.88701198040812	-57.24240327674469	51.79791699472013	-57.242403276744604	186.71202656185946	
8.877826752059761	337.39782093358065	-65.19686789096193	49.39689651745353	-65.19686789096178	111.09339059418936	-47.78376440576596	49.39689651745338	-47.783764405765865	186.5393500244421	
8.93067095891726	359.34264342336934	-57.03959635255416	45.7895314739982	-57.039596352553815	105.45010024695762	-37.32252759262988	45.789531473998125	-37.32252759262977	184.00179830913228	
8.983515165774758	380.072997167871	-48.46064574258418	40.95292214425594	-48.46064574258362	97.20459973800362	-26.153331026213472	40.95292214425594	-26.153331026213333	178.60529818334192	
9.036359372632257	397.84381357252477	-39.475397046250706	34.87487725289741	-39.47539704625001	86.08384625368478	-14.610842626277636	34.874877252897505	-14.61084262627746	170.09085436042258	
9.089203579489755	410.9128718627096	-30.22064457997967	27.563092278623884	-30.220644579978888	72.44605050894093	-3.041045277249518	27.56309227862407	-3.0410452772493204	158.4086219945074	
9.142047786347254	417.65670997738084	-20.916169905371923	19.05485121940821	-20.916169905371063	57.08153633114979	8.210018215006283	19.05485121940847	8.210018215006498	143.67143936487955	
