# Stress in units of bar (10^5 Pa)
# z	Sxx	Sxy	Sxz	Syx	Syy	Syz	Szx	Szy	Szz
0.0	150.08709810389672	83.84141051633736	-328.6453799069662	83.84141051633688	380.76322910076135	256.7296703547084	-328.6453799069668	256.72967035470725	-210.70310341464153	
0.052025037403510575	50.07505129277331	69.77807453407804	-302.1428913114434	69.77807453407794	482.58454678198996	250.36934888264292	-302.1428913114441	250.36934888264187	-200.70091094475362	
0.10405007480702115	-75.00656275710837	36.65529669118659	-263.75821693801385	36.65529669118685	558.6608569559518	237.02094425866932	-263.75821693801464	237.02094425866824	-188.14217299657366	
0.15607511221053172	-212.97944197368565	-8.020302319204319	-216.7884534145029	-8.02030231920375	595.6734788539709	217.5463226297156	-216.78845341450392	217.54632262971475	-170.99131084980556	
0.2081001496140423	-344.17538726797585	-54.374483973402576	-165.70667846606977	-54.37448397340181	595.7224005851891	193.55837692657252	-165.7066784660709	193.55837692657184	-148.14995710391213	
0.2601251870175529	-448.5074041045849	-92.21133051021744	-115.06050017059323	-92.21133051021644	573.0770290390535	166.9093260520641	-115.06050017059441	166.90932605206365	-119.560441537683	
0.31215022442106344	-513.2777215657779	-113.13021030622583	-69.02632759852472	-113.13021030622463	547.5488545527974	139.43690036073258	-69.0263275985259	139.43690036073235	-86.21187424917682	
0.36417526182457405	-537.0368527451539	-112.76401045619208	-31.424357709277928	-112.76401045619059	537.4160453043394	113.1501169817449	-31.424357709278915	113.15011698174479	-49.909991589005344	
0.4162002992280846	-527.9067315915288	-91.41893702323603	-5.516843999978644	-91.41893702323418	554.3132149927147	90.66593580474897	-5.516843999979354	90.66593580474895	-12.733458848973367	
0.46822533663159516	-498.57767041464547	-53.81324950463087	6.777230513301102	-53.81324950462867	599.7361633916744	75.3059438824526	6.777230513300768	75.30594388245267	23.490430211766963	
0.5202503740351058	-461.53173172594563	-7.528526918554999	5.9320221015852646	-7.528526918552586	665.362368671912	70.48154860547362	5.932022101585311	70.48154860547376	57.39235352513651	
0.5722754114386164	-426.5584859189467	39.0722491207302	-4.625087999123327	39.072249120732714	734.8367661204668	78.47097306424355	-4.625087999122927	78.4709730642438	87.77062019138243	
0.6243004488421269	-399.39243132143105	78.93898548584704	-19.003580773650505	78.93898548584957	788.782404335414	99.13516321431376	-19.003580773649812	99.13516321431415	113.17316019793914	
0.6763254862456375	-381.63381184561786	107.74096724852213	-30.259902875821577	107.74096724852444	809.3002054070217	129.31770636632768	-30.25990287582068	129.31770636632822	131.88793720070865	
0.7283505236491481	-370.8544346563167	124.29139710480446	-32.35265923771432	124.29139710480656	784.376692813188	163.23522744088226	-32.35265923771326	163.2352274408829	142.7416157173563	
0.7803755610526586	-361.806748224682	130.31383578447068	-21.92831277312255	130.31383578447247	711.1976886191705	193.7148657373718	-21.928312773121405	193.7148657373724	146.3487164015749	
0.8324005984561692	-348.90679867937286	129.59577423727464	0.6463283395643238	129.59577423727615	597.5398446104531	213.75914431438582	0.6463283395654731	213.75914431438628	146.0048324515318	
0.8844256358596798	-328.6693117377141	127.03183327602923	31.610798267815298	127.03183327603055	461.41665768793246	218.0155310552883	31.61079826781639	218.01553105528848	147.22118139305996	
0.9364506732631903	-300.9997055968422	127.09767148284588	65.50942111045853	127.09767148284709	326.8269251322199	203.83024305654828	65.5094211104595	203.83024305654806	155.92740694598663	
0.9884757106667009	-269.7720497545823	133.03954039877183	97.53455117207935	133.03954039877294	217.43234361433457	171.76566603795374	97.53455117208014	171.76566603795325	176.0966613502353	
1.0405007480702115	-241.5123656372437	145.95160380825308	125.45335807243772	145.9516038082542	150.3588908809014	125.63306351171505	125.4533580724383	125.63306351171434	208.1047976444368	
1.092525785473722	-224.1430555289948	165.02172648288607	150.2076664450397	165.02172648288723	132.1900816435844	72.05797865016149	150.20766644504005	72.05797865016069	248.6909976176903	
1.1445508228772328	-224.08452304152542	187.52509373132492	174.84414533956215	187.52509373132608	159.05910476370292	19.4410223497171	174.84414533956223	19.441022349716363	292.24766667980543	
1.1965758602807433	-243.2275078038031	209.1493672102726	202.3738004938449	209.14936721027377	219.36019728593888	-23.873899802069875	202.37380049384478	-23.87389980207048	332.363728824947	
1.2486008976842538	-275.95010961928494	224.80765411832354	233.4142631562234	224.80765411832476	297.80953276106646	-52.117517208171336	233.41426315622314	-52.11751720817175	362.5852521283251	
1.3006259350877645	-309.5636939721878	229.53323585895296	264.82408850472865	229.5332358589542	378.37892058273536	-64.63245154212818	264.8240885047283	-64.63245154212846	376.4851081402988	
1.352650972491275	-328.1762923388041	220.6603817158204	290.1702585265315	220.66038171582161	446.10501125607243	-67.04758063826345	290.17025852653114	-67.04758063826361	368.0280649359942	
1.4046760098947855	-319.1034527898506	198.7104790255501	302.18136618044525	198.71047902555125	487.4070452958474	-69.97343601000586	302.181366180445	-69.97343601000593	333.06030466277736	
1.4567010472982962	-278.1015445193879	166.77512649758995	296.1863293712367	166.77512649759103	491.26038986755003	-84.92623344203759	296.18632937123664	-84.92623344203759	271.7382569076443	
1.5087260847018067	-211.219290258831	127.86353600042011	272.58500504418186	127.86353600042105	450.12253582541246	-118.83723637477709	272.58500504418197	-118.83723637477699	190.42420246514658	
1.5607511221053172	-131.52636108175415	82.48922464762211	236.799336580484	82.48922464762282	363.38447562790225	-169.75950697667912	236.79933658048435	-169.7595069766789	101.24363761832461	
1.612776159508828	-53.10139821011026	28.386636663728865	196.49823559804852	28.386636663729348	240.30224591234736	-226.37204922621476	196.49823559804906	-226.3720492262144	18.749724812716728	
1.6648011969123384	14.69533984591314	-36.49285127652223	157.80200093281547	-36.492851276522	102.34281560469601	-272.4663557038408	157.80200093281618	-272.4663557038403	-44.837495469335266	
1.716826234315849	68.38123027394823	-110.81424346573104	122.78194928377086	-110.81424346573104	-19.12501996603021	-294.69048141257036	122.7819492837717	-294.6904814125696	-83.36591007167547	
1.7688512717193596	108.69641512551439	-189.0341193899141	89.67671196985862	-189.03411938991425	-89.52345536031305	-289.42986928650953	89.6767119698595	-289.42986928650885	-97.64855439884809	
1.8208763091228701	136.11412190012388	-263.9035809384095	55.34976844361032	-263.9035809384096	-82.31473731339267	-264.2624327175088	55.349768443611126	-264.2624327175081	-93.49900564989157	
1.8729013465263806	150.3556653469122	-329.5291090806943	18.166737991689594	-329.5291090806944	11.161834377111575	-232.76064387284256	18.166737991690276	-232.76064387284197	-78.12810997982221	
1.9249263839298913	153.62217960598502	-382.20140537870515	-20.53926772199357	-382.2014053787053	176.80704045119836	-205.9232677039318	-20.539267721993046	-205.92326770393132	-56.66779128518007	
1.9769514213334018	154.96479399226666	-418.98021957913454	-57.12566990802797	-418.98021957913465	382.819822703046	-186.29803948568684	-57.1256699080276	-186.29803948568642	-30.154431071698536	
2.0289764587369126	170.54646402830417	-436.2377970488846	-87.63092760556975	-436.23779704888466	590.9803152140146	-168.72280837984525	-87.63092760556948	-168.72280837984485	4.108468605982786	
2.081001496140423	217.27098168960717	-430.70473931144403	-109.70402674697226	-430.704739311444	769.7558944419269	-146.34209946008372	-109.70402674697209	-146.34209946008335	49.977306394908645	
2.1330265335439336	303.5793459962937	-402.09076910302497	-123.51335900828559	-402.09076910302485	902.7000960376863	-116.78075775376647	-123.51335900828546	-116.7807577537661	108.6448487348791	
2.185051570947444	423.2618448047559	-354.60273411641487	-131.7999699987913	-354.6027341164147	988.092368536309	-83.90104679038885	-131.79996999879123	-83.90104679038855	175.4125522370029	
2.2370766083509546	557.0977947911249	-295.34172510366614	-139.576977454067	-295.3417251036659	1032.625718224147	-54.43388553443239	-139.57697745406696	-54.43388553443222	238.8782899623321	
2.2891016457544655	680.3539704417453	-231.39925501767502	-153.44974193542228	-231.3992550176748	1042.1557803098024	-32.8375903432885	-153.4497419354222	-32.83759034328843	283.37481139865844	
2.341126683157976	770.8885931430127	-167.891013199954	-179.9212411945423	-167.89101319995373	1016.0291313350633	-18.544331510879225	-179.9212411945422	-18.54433151087933	293.71291139963705	
2.3931517205614865	814.2631604029073	-108.45548318948428	-222.20566879561588	-108.4554831894841	947.4371294096303	-7.109414568546047	-222.20566879561574	-7.109414568546347	260.62968845162993	
2.445176757964997	804.1280047932993	-56.30285705115674	-276.78397504692146	-56.302857051156586	829.6456803003175	6.117976828862211	-276.7839750469213	6.117976828861799	185.07731048979068	
2.4972017953685075	740.9442308430005	-14.72990254003097	-332.5606175131901	-14.729902540030835	663.9990214095693	22.5871763188261	-332.56061751319	22.587176318825605	79.52227791463812	
2.549226832772018	631.2504882333242	13.864773800820402	-374.1655246457599	13.864773800820558	464.43792204870084	39.21574080742108	-374.16552464575966	39.21574080742063	-34.54268713538127	
2.601251870175529	488.6812679759878	29.108577700972774	-388.4229486396642	29.108577700972944	256.6975393788732	49.75244770228079	-388.422948639664	49.75244770228039	-133.00031207463454	
2.6532769075790394	333.9458695543691	32.036760465194135	-370.2260467838279	32.036760465194334	71.74292690458603	47.91208797388319	-370.22604678382777	47.91208797388289	-197.28890152112734	
2.70530194498255	191.9074406737964	24.45001223256404	-324.20155601232955	24.45001223256427	-63.05724963654953	30.801297076147335	-324.20155601232955	30.801297076147172	-220.51318619816698	
2.7573269823860604	85.02920549940248	8.226817164028766	-261.5926710925452	8.226817164028965	-130.9851887627667	0.8856521929891035	-261.5926710925453	0.885652192989071	-208.92578931982024	
2.809352019789571	26.925627123336813	-13.701682689809218	-194.83419652323624	-13.701682689809033	-129.32749197547966	-34.47322166370392	-194.83419652323633	-34.473221663703825	-177.90931775337143	
2.8613770571930814	18.937001427556766	-36.42119144862651	-133.05605689433753	-36.42119144862634	-69.0499441768194	-65.52273172937167	-133.0560568943376	-65.52273172937151	-144.55627166812647	
2.9134020945965924	50.93010617333601	-53.35807630043026	-80.33843199738543	-53.35807630043014	28.938559216762286	-83.34756778718143	-80.33843199738556	-83.34756778718122	-120.32159157688977	
2.965427132000103	106.03921362587663	-58.52200942672534	-36.525709399323794	-58.52200942672521	138.54093845225538	-82.45541321752708	-36.52570939932389	-82.45541321752687	-106.95257733114772	
3.0174521694036134	166.7358199567601	-48.59150776990957	0.5293199706312777	-48.59150776990945	233.96935243026223	-62.22119062132605	0.5293199706312315	-62.221190621325874	-97.17860481941568	
3.069477206807124	219.56215692801158	-23.427491679391906	32.41233817770657	-23.427491679391807	294.320451257291	-27.332818954647852	32.412338177706566	-27.332818954647674	-79.62379127019454	
3.1215022442106344	258.2519380112732	15.034485094079827	58.494412696745776	15.03448509407987	307.36891698347745	12.62045457551833	58.49441269674579	12.620454575518469	-45.34853850956074	
3.173527281614145	281.328750772743	64.01118199813257	76.1451508627774	64.01118199813261	271.19915281579495	45.004255353949276	76.14515086277743	45.00425535394939	6.9096349811783355	
3.225552319017656	287.8699103944737	120.17076758216828	82.75177436790995	120.17076758216825	193.50909737440645	57.62588978758096	82.75177436791	57.625889787581	69.2943931889647	
3.2775773564211663	273.66975457541866	179.56671798071406	78.0271628907172	179.56671798071406	88.48272632106206	43.265019127857826	78.02716289071724	43.26501912785787	127.7107127040529	
3.329602393824677	231.33585249911147	237.8491210829967	64.49999789204686	237.84912108299665	-27.36420465102808	3.0738849977912963	64.4999978920469	3.073884997791268	167.74607473517193	
3.3816274312281873	155.947312554267	290.51244604965825	45.62913493881225	290.5124460496582	-139.3129310732396	-53.16148904143687	45.62913493881226	-53.16148904143692	180.89559546745423	
3.433652468631698	51.84065482221344	332.7157053293827	23.407644693861403	332.7157053293826	-237.36407283557648	-110.24176534900064	23.407644693861425	-110.24176534900072	168.55556552266916	
3.4856775060352088	-64.52664508553207	358.3402000843283	-2.2320836233979726	358.34020008432833	-317.2243399822783	-152.64327474007644	-2.2320836233979726	-152.64327474007652	141.4893043463714	
3.5377025434387193	-168.87038744802	360.0961119638437	-31.626247667048933	360.0961119638438	-380.3132756090937	-168.9339089715321	-31.626247667048894	-168.93390897153222	114.51357818958986	
3.5897275808422298	-238.5266870590356	332.0369580870715	-63.1974966540638	332.0369580870716	-431.5220874516214	-153.9494405975239	-63.197496654063755	-153.949440597524	98.85179403640964	
3.6417526182457403	-261.9902483053669	273.8652011768172	-93.26687078736529	273.86520117681727	-475.6045734560174	-108.83814355872394	-93.26687078736522	-108.838143558724	96.16270399153944	
3.6937776556492508	-243.0769726361038	193.81589400936605	-118.64752546723601	193.8158940093661	-513.351945349719	-40.1997059929199	-118.64752546723591	-40.19970599291996	97.56964953197816	
3.7458026930527613	-198.09318836721098	107.24669372995258	-140.07033069086597	107.24669372995263	-539.4130877469117	41.012511831926005	-140.0703306908658	41.012511831925956	88.29118100382178	
3.797827730456272	-147.7230649914049	31.30898662905055	-163.36186874975112	31.308986629050594	-543.8085216756228	120.95154172410884	-163.36186874975093	120.9515417241088	55.51824223338219	
3.8498527678597827	-107.3084077778214	-22.798768987816608	-196.7045542015425	-22.798768987816572	-514.0923167468006	185.36094940177742	-196.70455420154227	185.36094940177736	-4.686269525864283	
3.901877805263293	-80.81195725231353	-53.168481861791506	-244.79728515797737	-53.168481861791435	-441.4593612404317	222.7673076223907	-244.79728515797711	222.76730762239066	-84.5505826050295	
3.9539028426668037	-61.17841314431422	-65.94015662664621	-303.4495429862232	-65.94015662664614	-325.31417100021775	227.43867263265867	-303.4495429862229	227.4386726326586	-167.13196554559855	
4.005927880070314	-36.9842941707748	-69.27805598833547	-358.5610641176355	-69.27805598833542	-177.536685988608	200.58231630450726	-358.5610641176352	200.58231630450717	-232.97446995537456	
4.057952917473825	-0.9035392046245647	-67.28670383764103	-390.8335105526876	-67.28670383764096	-22.510874281831192	149.10285598235632	-390.8335105526873	149.10285598235617	-267.7649917251053	
4.109977954877335	45.46045014283203	-57.51134458234771	-384.1026277600324	-57.51134458234768	107.90434924950259	82.9113605462698	-384.10262776003214	82.91136054626963	-267.9439236001725	
4.162002992280846	93.42725504056199	-34.14650620402119	-332.7573156656164	-34.14650620402118	184.4737167185218	12.341995877712163	-332.75731566561615	12.341995877711978	-241.93215045707706	
4.214028029684356	133.77641401114568	5.951163222698575	-244.14165325475804	5.9511632226985895	192.1140130962832	-53.21882028407445	-244.14165325475778	-53.21882028407461	-206.75948062358395	
4.266053067087867	162.5080283785503	58.77843697492301	-135.42596721444684	58.77843697492304	136.6936533745106	-105.56853776216411	-135.42596721444662	-105.56853776216425	-181.61086665913	
4.318078104491378	182.86201844783935	112.59640233040213	-27.34118232654742	112.59640233040224	44.95211223237038	-137.74501199270946	-27.341182326547237	-137.74501199270958	-180.91106520954483	
4.370103141894888	202.7695023845398	152.39066444532068	61.706074991837156	152.3906644453208	-45.615761424617745	-144.46739856156773	61.70607499183727	-144.46739856156782	-209.3389391622577	
4.422128179298399	231.23421657197207	165.83663324742838	119.06739716372734	165.83663324742844	-101.22945843143077	-123.15795202686442	119.0673971637274	-123.15795202686444	-260.82666672374836	
4.474153216701909	274.36205934441114	148.00857625662658	138.6290810989383	148.00857625662658	-104.41328800973338	-75.2185392104667	138.62908109893831	-75.2185392104667	-321.6338132802495	
4.52617825410542	332.6492117618906	102.3630642525871	120.30235689585982	102.36306425258718	-57.491155503809466	-7.177711186442	120.30235689585982	-7.177711186441975	-376.25643918986975	
4.578203291508931	399.67042793151705	38.884538011884956	69.16541643045773	38.884538011885	23.998922235434122	68.93479055501095	69.16541643045765	68.93479055501102	-413.1794564920996	
4.630228328912441	462.34124729697373	-28.55500079432194	-5.303584579317494	-28.5550007943218	121.2943628391784	137.05753266970885	-5.303584579317608	137.05753266970893	-427.56430610469215	
4.682253366315952	505.8758163603638	-84.9655912041028	-90.46572882978133	-84.96559120410276	220.10572326502847	180.86605038990422	-90.46572882978148	180.86605038990427	-419.8699866689112	
4.734278403719462	520.4772223841047	-117.38165279356443	-172.65648981312586	-117.38165279356426	311.8173665451182	189.20065132418654	-172.65648981312603	189.20065132418662	-392.2177381937315	
4.786303441122973	506.64223745694784	-118.67277065080572	-239.75110631837327	-118.67277065080543	391.2968522183063	160.80363065726328	-239.75110631837347	160.80363065726337	-345.12392273373524	
4.838328478526483	475.6685866373276	-90.5308789980034	-283.09812117825106	-90.53087899800312	456.0293468439425	105.59193310989377	-283.0981211782513	105.5919331098939	-276.7862730585319	
4.890353515929994	443.82010205213044	-42.79022468715422	-298.1894199632758	-42.79022468715377	506.0244903161126	41.66335482265156	-298.189419963276	41.66335482265167	-184.8383942674597	
4.942378553333505	424.0793789189397	11.427082630957557	-284.6729492704683	11.427082630958125	543.8080001315317	-10.725881965578814	-284.6729492704685	-10.725881965578743	-69.3649961912883	
4.994403590737015	419.12993882685646	61.84416006801517	-246.4842751694196	61.84416006801571	572.1283963491135	-35.523525321602435	-246.4842751694198	-35.52352532160246	64.30570346508307	
5.046428628140526	421.2059761416311	102.79374749038949	-191.9510954786403	102.7937474903899	591.5182370473239	-25.54341471712331	-191.9510954786404	-25.543414717123376	204.47609070362205	
5.098453665544036	416.7840077740008	130.2286711806347	-132.8912977781221	130.2286711806351	599.8378127226767	15.645497973396132	-132.89129777812224	15.64549797339599	334.5176901200857	
5.150478702947547	394.24867000931334	138.43685959354326	-82.00013053610182	138.4368595935436	593.9168449954642	74.8178641345187	-82.00013053610193	74.81786413451854	437.26927160536604	
5.202503740351058	349.587584529771	119.33592441655134	-49.19038875797443	119.33592441655142	575.1590498521359	133.1557011884008	-49.19038875797454	133.15570118840066	501.082523983845	
5.254528777754568	287.4303121899385	68.73300983170567	-38.726830000973195	68.7330098317055	550.3686213660263	172.48189311958316	-38.72683000097332	172.4818931195831	524.8299243425571	
5.306553815158079	217.70935902305212	-8.212268428982055	-48.55150597317741	-8.212268428982584	530.4810073482158	181.64852871132706	-48.55150597317756	181.64852871132715	518.9395664601611	
5.358578852561589	151.1616344076578	-95.61197049691987	-71.72354607572625	-95.6119704969208	525.3038658164984	160.16161524911197	-71.72354607572647	160.16161524911217	501.3483413053031	
5.4106038899651	95.99588641341049	-172.20020444886097	-98.72830895660677	-172.2002044488624	538.8057682617815	117.06920644459177	-98.7283089566071	117.06920644459213	489.6158610922697	
5.462628927368611	56.53003336098732	-219.19716539471722	-119.59139630320544	-219.19716539471892	565.2675167887452	65.93699860636562	-119.59139630320581	65.93699860636606	492.5870092477493	
5.514653964772121	32.76480720916123	-226.2187502298155	-125.74117025820777	-226.21875022981743	589.4463952244761	18.864997786253724	-125.74117025820817	18.864997786254257	505.6262427031165	
5.566679002175632	20.056139982815694	-192.30221363860605	-111.87715383595017	-192.30221363860807	589.6189582794595	-17.07192563172035	-111.87715383595055	-17.071925631719722	512.3789630217843	
5.618704039579142	10.140373055210034	-122.85819935076233	-77.84191611813492	-122.85819935076415	544.0854477088144	-39.50955255466738	-77.84191611813517	-39.509552554666676	492.9239203888268	
5.670729076982653	-5.9255147490599995	-25.603702630568655	-29.55157672876708	-25.60370263057029	440.27762291513517	-47.97748904274352	-29.55157672876723	-47.97748904274276	434.56513694318653	
5.722754114386163	-33.6699110144601	92.54701593959177	22.000109519893137	92.54701593959038	280.6417221157157	-41.400328605914666	22.000109519893144	-41.400328605913884	339.68232232604333	
5.774779151789674	-71.42912876760963	225.96745507661296	64.11830016509533	225.96745507661194	84.0861047125527	-18.01623675228334	64.11830016509546	-18.016236752282566	226.11506874464362	
5.826804189193185	-110.93698220570063	369.04549684178534	86.86983459570511	369.0454968417847	-119.57181536793527	22.538398251796103	86.86983459570538	22.53839825179682	119.93067451970498	
5.878829226596695	-141.17827578077922	513.8876627571161	86.65856815992929	513.8876627571159	-297.4337844872323	76.95347320530404	86.65856815992959	76.95347320530468	44.65597278576462	
5.930854264000206	-154.28807920111532	649.5025662130839	66.7654319826888	649.5025662130838	-420.9701178197232	137.94693528123958	66.7654319826891	137.94693528124014	12.762819234944843	
5.982879301403716	-149.98798145383853	763.5060353168466	34.824099435547936	763.5060353168467	-471.16381807343834	196.60230622894315	34.82409943554819	196.60230622894355	23.204411424964043	
6.034904338807227	-134.73941744392374	845.6519082347145	-1.1209204197128138	845.6519082347146	-441.0676549853505	246.01212872964345	-1.1209204197126361	246.01212872964382	64.92209993600298	
6.086929376210738	-117.44581236719128	891.2419997276962	-35.56902683934973	891.2419997276962	-337.40483616115216	284.1378441302784	-35.56902683934962	284.1378441302787	122.91432198103743	
6.138954413614248	-105.69979731344188	901.6990592131763	-66.35278478211715	901.6990592131763	-181.27572788632466	314.17398744094777	-66.35278478211707	314.17398744094805	183.35504070294817	
6.190979451017759	-103.21514873097766	882.578981657582	-93.5809428587919	882.5789816575818	-5.516429251819972	342.0930611430565	-93.58094285879181	342.0930611430569	235.94214162707323	
6.243004488421269	-111.17455360876232	839.8597457429992	-118.01301778545837	839.8597457429989	151.5143938502431	372.828852213166	-118.01301778545829	372.82885221316656	274.00572285240685	
6.29502952582478	-129.20286354593648	776.9336169345288	-139.8655838323259	776.9336169345287	255.76496608971846	407.1663100651735	-139.8655838323258	407.16631006517395	293.72482455629984	
6.34705456322829	-156.48456060042747	694.8078704281068	-158.29056046329907	694.8078704281068	286.8287465163867	440.9333538204877	-158.29056046329902	440.9333538204881	293.5389221050319	
6.399079600631801	-190.47496576336093	593.9573245507137	-171.2236675184768	593.9573245507139	244.18935750371244	466.65328455438885	-171.22366751847676	466.6532845543892	274.1408707517774	
6.451104638035312	-226.39754989475688	477.1829385772377	-175.51876131368442	477.18293857723813	146.09831235329187	476.6096187845134	-175.5187613136844	476.6096187845136	238.70602110189873	
6.503129675438822	-256.9901405439631	351.5004621857529	-167.76729562152792	351.50046218575386	22.107516531969736	465.6849526082615	-167.76729562152792	465.6849526082615	192.85398109153363	
6.555154712842333	-273.89892291920813	227.03305887278884	-145.85603077669475	227.0330588727901	-97.29350418728319	432.82522045722	-145.85603077669478	432.8252204572199	143.87140729368303	
6.607179750245843	-269.47065234956176	114.72602756365308	-110.75508866843269	114.72602756365458	-189.3404869131744	381.03695960800917	-110.75508866843276	381.03695960800894	99.08079575497692	
6.659204787649354	-239.52994163997838	22.510274135473992	-67.51142387368537	22.510274135475555	-242.32506811654736	316.44593805646673	-67.51142387368554	316.4459380564665	63.86048594584628	
6.711229825052865	-185.29829858423648	-47.20174079824011	-24.436331763120283	-47.201740798238546	-253.59270947487116	246.93673476475536	-24.436331763120574	246.93673476475504	40.24272938841625	
6.763254862456375	-113.82757798088801	-98.06706474046936	9.48832091661076	-98.06706474046788	-225.1881129864032	180.5991323159533	9.488320916610299	180.59913231595297	27.02247870950595	
6.815279899859886	-35.60115551100782	-137.7347891985278	27.995400467180552	-137.73478919852653	-161.10099480795134	124.18692525856265	27.995400467179937	124.18692525856233	21.457859475259767	
6.867304937263396	39.30823593384329	-173.26589720541978	29.99260396919852	-173.2658972054187	-66.87616299983291	81.77940533301988	29.99260396919777	81.77940533301961	21.512161578180752	
6.919329974666907	104.47292989545818	-206.68256164600913	19.83409167421645	-206.68256164600837	48.285440503415714	54.13898194527385	19.834091674215585	54.13898194527366	27.188451335384322	
6.9713550120704175	158.22959801872742	-232.7837055754245	5.187426429758702	-232.78370557542416	171.0126455993393	39.155878069978264	5.187426429757785	39.15587806997824	39.99613228039698	
7.023380049473928	202.0582788773759	-240.8473490068709	-6.306430622782752	-240.84734900687099	285.63973956823344	33.26369821671045	-6.3064306227836795	33.263698216710594	60.94636929395441	
7.0754050868774385	237.76612170354855	-219.88917052348393	-9.904418888069578	-219.88917052348444	377.69277201566035	33.29464039254407	-9.904418888070447	33.29464039254438	88.43903358543095	
7.127430124280949	265.59807691877967	-164.27984323740415	-4.800530126701117	-164.27984323740506	438.09793288152093	37.881276395603635	-4.800530126701847	37.881276395604104	117.65783912408638	
7.1794551616844595	283.98836565583014	-77.40265035686141	6.784246600859644	-77.40265035686252	464.1494118326397	47.75142702138816	6.78424660085915	47.75142702138872	142.1513485694826	
7.23148019908797	291.5381091521606	28.819286225979113	21.529081517608105	28.81928622597793	459.577790131794	64.77318758453136	21.529081517607906	64.77318758453194	156.72518471017304	
7.2835052364914805	289.1835208200869	137.4479536116756	36.570343101705795	137.44795361167445	431.19818530801007	90.2707068020899	36.57034310170595	90.27070680209043	159.85402601977785	
7.3355302738949915	281.6488075712655	231.10122846700327	50.06508587196869	231.10122846700224	386.3699325749318	123.47518526404858	50.06508587196918	123.47518526404897	153.9485110570013	
7.3875553112985015	276.22777346925835	295.50713751794643	60.946196465415966	295.5071375179455	330.28461646127835	160.86142366008102	60.94619646541672	160.86142366008124	143.359731809168	
7.4395803487020125	279.7710340188109	321.9182391066206	68.48688657520607	321.91823910661964	264.810953730652	196.6506254918557	68.486886575207	196.6506254918557	131.37659621316664	
7.4916053861055225	295.1040437096777	307.819545639522	72.02386895809178	307.819545639521	189.45697745940436	224.24800927162477	72.02386895809272	224.24800927162457	118.27077058131104	
7.5436304235090335	319.3250370484857	257.79377430934017	70.78544850462445	257.79377430933897	103.94007642025126	238.11259345681907	70.78544850462532	238.11259345681876	101.63831882866103	
7.595655460912544	343.7926756901438	183.17168108803475	63.66841629070449	183.17168108803332	11.466426394836475	235.4774392352811	63.668416290705196	235.4774392352807	78.51067976835836	
7.6476804983160545	356.5996650593868	99.71059756423111	49.22866687166078	99.71059756422937	-78.94002769203722	217.42681384990885	49.228666871661254	217.42681384990837	47.46980099539199	
7.699705535719565	345.8685719020034	23.17425320818974	26.23730748313694	23.17425320818782	-154.15121123078396	188.88009709510544	26.237307483137133	188.880097095105	9.194319700374177	
7.7517305731230755	304.35076666309544	-35.838442635861014	-5.340851757750897	-35.83844263586303	-200.21713859857852	157.29877680254464	-5.340851757751022	157.2987768025443	-34.701570030456985	
7.803755610526586	233.19604682780437	-75.34837978006064	-43.6229494292045	-75.34837978006257	-207.54114067889526	130.52939683147738	-43.622949429204965	130.52939683147707	-83.05312783279564	
7.8557806479300964	144.11437418935475	-101.05032691889623	-85.18670894220186	-101.0503269188979	-173.8564104079618	114.51182002926959	-85.18670894220266	114.51182002926936	-135.23175969253566	
7.907805685333607	57.42141948510458	-121.79824924828208	-126.4385814581627	-121.79824924828341	-105.34195420856861	111.73551278803839	-126.43858145816377	111.73551278803816	-189.70303958591256	
7.959830722737118	-3.9051599820659035	-143.75272286145616	-165.02383456318543	-143.75272286145704	-15.620872551296173	121.00060201827648	-165.0238345631867	121.00060201827614	-242.47435665159037	
8.011855760140628	-22.662072940144867	-166.49698179245058	-200.21863523352076	-166.49698179245112	76.8012866033766	138.4821530172083	-200.21863523352218	138.48215301720788	-287.1405810377471	
8.063880797544138	5.687543853276992	-183.30338453138313	-232.19220711752388	-183.30338453138344	152.61703181461658	159.51381822650995	-232.1922071175253	159.51381822650933	-317.00867405398526	
8.11590583494765	70.46163093020691	-184.79015735907328	-261.03027163904517	-184.79015735907348	196.81472461441072	180.31319500054565	-261.0302716390465	180.31319500054482	-328.1111853731237	
8.16793087235116	150.27739428932915	-164.54506390396352	-286.39029580173445	-164.54506390396384	205.21764643478792	198.88283908012374	-286.39029580173553	198.88283908012278	-321.2399151787757	
8.21995590975467	221.52319070610093	-122.59456582344995	-307.851853465332	-122.5945658234505	187.29283396391816	214.88696040899862	-307.85185346533285	214.8869604089975	-301.6462472346937	
8.271980947158182	267.44599425449434	-66.2097651141909	-325.1551097438879	-66.2097651141917	164.6143630345137	228.7843796935515	-325.15510974388854	228.78437969355036	-276.7256743872704	
8.324005984561692	281.6262674343634	-7.0189362537254	-337.811242359827	-7.018936253726395	162.74434932782367	240.840101578367	-337.8112423598275	240.84010157836587	-253.07427582645053	
8.376031021965202	265.4015383551726	43.049330124740976	-344.37270993760535	43.04933012474004	199.84829282597954	250.49245382988516	-344.3727099376058	250.49245382988406	-234.36929581904786	
8.428056059368712	221.54901339372162	74.88262213123348	-342.2475994313452	74.88262213123268	277.7028171941435	256.35328724326666	-342.2475994313457	256.3532872432655	-220.92971561896988	
