# Stress in units of bar (10^5 Pa)
# z	Sxx	Sxy	Sxz	Syx	Syy	Syz	Szx	Szy	Szz
0.0	243.90628852841903	151.16809611031366	-378.38662910919413	151.16809611031314	402.5198203401669	279.42318164816976	-378.3866291091949	279.42318164816857	-214.8757537276251	
0.052025037403510575	182.01970237572294	132.55271724401652	-345.952187081872	132.5527172440168	627.9946360110646	274.44027567493754	-345.9521870818729	274.44027567493634	-209.90946224269948	
0.10405007480702115	20.600234744670367	81.19646795809506	-287.2851762918854	81.19646795809584	742.6748272817335	255.97770221144577	-287.28517629188616	255.97770221144447	-200.86291566654688	
0.15607511221053172	-224.02518734240644	0.524746163077566	-220.1737079208824	0.5247461630785324	735.4621166155443	227.9816981593494	-220.1737079208832	227.98169815934813	-188.1592131293369	
0.2081001496140423	-468.07306103057886	-86.60530115849767	-159.0635098935208	-86.60530115849679	658.2109611447288	196.88492256214687	-159.06350989352194	196.88492256214602	-167.95895744854192	
0.2601251870175529	-622.4151190438266	-153.04728152783207	-105.29090419719626	-153.0472815278312	566.8186248974658	167.415688336107	-105.29090419719786	167.4156883361067	-136.61399533275704	
0.31215022442106344	-659.3567499482748	-185.53374635314813	-52.53811291733553	-185.5337463531472	486.3316002760559	139.70975688902882	-52.53811291733736	139.70975688902897	-95.23487140139558	
0.36417526182457405	-619.7286352750344	-182.99787090395336	-0.2432309249312361	-182.9978709039521	430.8147866590076	110.37218448069243	-0.24323092493281706	110.37218448069265	-49.25282164464959	
0.4162002992280846	-560.2070938109833	-146.02591921700903	40.501283119333415	-146.0259192170072	431.2263606712411	77.49769744684153	40.5012831193325	77.49769744684161	-5.3674557607593965	
0.46822533663159516	-505.13322284478744	-79.11213014548387	55.69910333566409	-79.11213014548147	511.2491203693806	45.785834125820585	55.69910333566391	45.785834125820536	31.94160316371481	
0.5202503740351058	-449.7993401710848	0.9553536603777744	41.97254723075903	0.9553536603806592	648.7677461010479	26.548004440904496	41.972547230759346	26.548004440904425	63.43347760250866	
0.5722754114386164	-394.134754056317	71.02867203839394	9.04167747809851	71.02867203839708	789.3516138440385	31.16440850590645	9.04167747809913	31.164408505906483	94.14204918838091	
0.6243004488421269	-354.4965807925844	118.79058412693455	-29.713617543303183	118.79058412693762	893.213149599271	63.009867250379244	-29.713617543302348	63.0098672503795	127.2733733797675	
0.6763254862456375	-345.833667192383	146.6577421705849	-63.58283824378505	146.65774217058754	949.2544130432977	114.95480073129418	-63.582838243783975	114.9548007312948	158.38480541510327	
0.7283505236491481	-363.9548797450706	158.88203746706822	-81.46925214640135	158.88203746707035	947.9819910664573	173.89627200216444	-81.4692521464001	173.8962720021655	176.52263441793622	
0.7803755610526586	-386.4215661159658	154.07220107453168	-71.47193963970233	154.07220107453333	865.3025486219697	226.91576482411847	-71.47193963970099	226.91576482411972	172.47282392329822	
0.8324005984561692	-388.3393935250667	133.68463160802546	-30.39763750103644	133.68463160802673	690.3327059567423	263.7948236781739	-30.3976375010351	263.7948236781749	147.80063222962082	
0.8844256358596798	-361.1432991053887	110.97810604232225	29.13748086343305	110.97810604232335	455.7864440325437	276.6752430376198	29.137480863434316	276.67524303762013	117.78414863451786	
0.9364506732631903	-316.3513487151288	101.68309667808872	86.13851729534721	101.68309667808967	226.07840617055422	260.85999170446195	86.13851729534835	260.85999170446155	105.06486599710907	
0.9884757106667009	-268.6767583882331	109.2301955968427	125.50093238803588	109.23019559684361	58.492338739640644	217.20787537550575	125.50093238803682	217.2078753755047	125.99019136367463	
1.0405007480702115	-219.89077748862303	127.15666306503395	144.68109129992683	127.15666306503492	-19.311882093139616	152.07155981697136	144.68109129992746	152.07155981697005	178.8847672149578	
1.092525785473722	-169.90592314022746	151.57279254470853	151.1131908800236	151.57279254470967	-8.144634243321605	73.7802626167292	151.1131908800239	73.78026261672795	245.79412171182824	
1.1445508228772328	-139.0610445611708	182.51166948243676	156.8639256460736	182.51166948243798	69.50948942421371	-8.639559477043996	156.86392564607354	-8.639559477044946	307.53405815808077	
1.1965758602807433	-161.11642997562015	219.12340876262587	174.05269415614077	219.12340876262718	180.8670684589397	-81.40399322727495	174.0526941561405	-81.40399322727552	356.6750968576036	
1.2486008976842538	-246.94706226714172	257.2979602804861	211.26782433338104	257.29796028048725	300.2120325488572	-124.38074756360605	211.2678243333806	-124.38074756360629	396.3365250950489	
1.3006259350877645	-362.5518612957799	284.43676346293995	269.21205373488357	284.4367634629411	414.7352450310359	-121.43339786195659	269.21205373488306	-121.43339786195662	429.2355296511074	
1.352650972491275	-447.69626356990875	278.65876086517784	334.33891267334536	278.65876086517915	514.951531760111	-77.13492648681529	334.3389126733448	-77.13492648681523	447.8384301742374	
1.4046760098947855	-456.6311062130029	229.43806193718567	378.3832969188662	229.43806193718706	587.686213727747	-21.210270784119214	378.3832969188659	-21.210270784119242	432.00793084795595	
1.4567010472982962	-380.57630657568455	159.45975606862552	373.8977093609774	159.45975606862692	620.0312553500668	6.969413519978934	373.89770936097716	6.969413519978767	359.40377253209397	
1.5087260847018067	-244.68515582792904	109.58089200190904	317.10153395569216	109.58089200191023	598.9311013193446	-21.86930508982732	317.1015339556922	-21.869305089827492	227.83669860686152	
1.5607511221053172	-94.6342500198702	96.21409542246991	234.08542819162108	96.21409542247085	507.77086103956884	-116.80816857233528	234.08542819162136	-116.80816857233525	69.3674101848458	
1.612776159508828	21.7274874028314	87.53747532767412	162.14733411198978	87.53747532767466	335.53844318462984	-258.56720337389913	162.14733411199035	-258.56720337389874	-66.025775423549	
1.6648011969123384	77.85919342478175	31.26716027962675	123.53561935243185	31.26716027962695	95.47332207331304	-391.9135172163701	123.53561935243273	-391.9135172163693	-144.57473100450102	
1.716826234315849	86.81988421455114	-88.66551694088706	113.15017346715875	-88.66551694088719	-166.04733164132446	-445.05179374448704	113.15017346715987	-445.0517937444861	-164.75251407114922	
1.7688512717193596	98.22796086779152	-227.1173535756139	107.48682693580793	-227.11735357561406	-369.8755069483563	-384.2202613058505	107.48682693580913	-384.22026130584953	-145.38215146666718	
1.8208763091228701	154.3237539742761	-321.65299817952507	84.33348936236149	-321.65299817952524	-422.1590309716417	-253.69738647740036	84.33348936236254	-253.6973864773995	-108.54086701268685	
1.8729013465263806	229.16157082836466	-360.7771316813994	36.404861187851694	-360.77713168139957	-268.68942793115264	-146.77481427544876	36.404861187852404	-146.77481427544816	-72.10875396254045	
1.9249263839298913	238.915182443832	-390.5981956600564	-27.0493936090735	-390.5981956600565	51.83452560638656	-127.25436278285635	-27.049393609073125	-127.25436278285596	-47.33139717078303	
1.9769514213334018	147.17648657310676	-450.0096052786932	-86.3923107891724	-450.0096052786932	428.7392064178941	-179.3512573571083	-86.3923107891722	-179.35125735710807	-37.1310959047167	
2.0289764587369126	32.95136454629501	-517.2445662699951	-123.73831649798555	-517.2445662699952	753.8182598630688	-230.74435082956586	-123.7383164979854	-230.7443508295656	-33.48809307267436	
2.081001496140423	18.128029853465748	-532.9901474773858	-136.68043809896832	-532.9901474773858	966.4172026927823	-218.96942406396576	-136.68043809896818	-218.9694240639654	-14.186483381602518	
2.1330265335439336	148.6062139234981	-470.21830503263345	-138.62800685836996	-470.21830503263345	1058.7332833943337	-140.3897766243283	-138.62800685836987	-140.38977662432788	48.02566664535809	
2.185051570947444	375.1912780104701	-366.4442508963039	-140.67004187230242	-366.44425089630363	1070.4385850893677	-45.81096605880131	-140.67004187230245	-45.810966058800844	159.20212049218992	
2.2370766083509546	617.0797790517412	-278.99364333505315	-137.6877862221467	-278.9936433350527	1064.2236280948998	8.306924640170799	-137.68778622214677	8.306924640171147	289.549175124007	
2.2891016457544655	811.4888888053412	-223.001278760566	-121.89881130598496	-223.00127876056553	1081.274391604449	7.483213872717755	-121.89881130598498	7.483213872717926	394.16322212501655	
2.341126683157976	926.197399305076	-171.06522431156864	-108.93658397678144	-171.0652243115683	1113.7654221125238	-18.72057850804554	-108.93658397678135	-18.72057850804569	442.3317468358512	
2.3931517205614865	959.8207896817045	-101.6607593747031	-138.00486128769506	-101.66075937470289	1113.9329646343904	-34.49844925300797	-138.0048612876949	-34.49844925300846	418.6067146820415	
2.445176757964997	935.7319848800847	-24.73244873829022	-235.4787576462998	-24.732448738290117	1024.4173920407752	-26.090253900181175	-235.47875764629953	-26.0902539001819	311.16116844117846	
2.4972017953685075	875.5493080611277	35.58123214440321	-377.90032645734306	35.58123214440322	814.9972280631467	4.3302113260416935	-377.90032645734277	4.33021132604093	124.0277358054796	
2.549226832772018	763.3868713034872	62.42920557810183	-497.6757848069938	62.429205578101914	508.9690033782057	50.78931086119189	-497.6757848069936	50.789310861191204	-99.21711385814167	
2.601251870175529	563.7143598959885	57.454610495564424	-532.0618486227442	57.454610495564594	175.20044608459696	97.88914998922621	-532.0618486227439	97.88914998922571	-284.41187271453236	
2.6532769075790394	294.77159398016215	43.233309501805664	-470.42832380735155	43.233309501805905	-109.21134512324484	118.05762158586379	-470.4283238073515	118.0576215858635	-371.5006826413262	
2.70530194498255	46.11404817084045	41.86630221146507	-355.74738703834225	41.86630221146537	-292.12872079257204	90.96385026131524	-355.74738703834225	90.96385026131513	-350.84131678813725	
2.7573269823860604	-101.90013444392275	42.812245534378725	-242.85487162111576	42.81224553437902	-357.1719938542401	23.449511462341118	-242.8548716211159	23.449511462341192	-259.45707973135313	
2.809352019789571	-141.35264067439866	13.214826510067468	-157.95414602581602	13.214826510067638	-313.3104090085455	-55.60720309718685	-157.95414602581624	-55.60720309718663	-150.7278024506761	
2.8613770571930814	-104.72220788174288	-51.5608365663236	-96.62359087189768	-51.560836566323474	-181.87010334502193	-117.1954420486903	-96.62359087189787	-117.19544204869004	-69.53463823711407	
2.9134020945965924	-13.180573328286611	-110.75126866866398	-50.15313973576771	-110.75126866866393	3.1755508065646723	-147.5312734648465	-50.15313973576791	-147.5312734648462	-43.15921596629414	
2.965427132000103	113.47348510684387	-122.22160816604608	-19.393106382866797	-122.221608166046	195.79275819743697	-146.81032763951106	-19.39310638286691	-146.81032763951083	-74.1587683913533	
3.0174521694036134	231.35824274231965	-88.06795757545771	-0.9104485933072013	-88.06795757545761	354.6261089593832	-118.09774458638302	-0.9104485933072155	-118.0977445863828	-132.62614176884773	
3.069477206807124	295.15396186311125	-43.84451331249025	24.321017027387796	-43.844513312490136	453.76667870390304	-60.663099138904684	24.32101702738784	-60.66309913890451	-167.5473638596684	
3.1215022442106344	300.3455281938673	-9.472709097739909	71.67723777709644	-9.472709097739866	474.91841464174036	22.76280313960359	71.67723777709651	22.76280313960371	-140.1249851500914	
3.173527281614145	285.33996893083	32.093072697477965	124.65882825011627	32.09307269747795	406.97421373868673	112.35561383739918	124.65882825011633	112.35561383739926	-48.99177688283739	
3.225552319017656	294.2604924913853	102.54941685089587	143.25461918045858	102.54941685089575	265.5397790335119	169.8723442390464	143.25461918045866	169.87234423904647	76.53361459512067	
3.2775773564211663	336.5365969006215	191.01415002140158	109.85218991980443	191.01415002140152	96.54327910079046	158.46149119047521	109.85218991980449	158.46149119047521	199.5538949819465	
3.329602393824677	367.5495763048941	264.8606451614105	55.14611862589686	264.8606451614104	-58.182926227250405	71.12847388349127	55.14611862589691	71.12847388349121	285.39000863306404	
3.3816274312281873	314.0469764953688	311.04739777388903	24.913482471541556	311.0473977738889	-190.22952964901512	-58.35541614015142	24.9134824715416	-58.35541614015156	301.7730165109007	
3.433652468631698	140.58429909145	350.04732848353353	28.115531416715584	350.04732848353353	-304.77963387544173	-177.03370529157718	28.11553141671562	-177.0337052915774	236.3213179264885	
3.4856775060352088	-105.5862185036563	403.7358388245577	31.36230095991997	403.7358388245576	-386.8907134426348	-248.41276475925463	31.362300959919963	-248.4127647592548	121.65151984323377	
3.5377025434387193	-325.1660481879902	457.31424005447127	0.7472132442499912	457.3142400544714	-418.3690149522744	-266.9860262370582	0.7472132442499912	-266.9860262370583	25.458613777473886	
3.5897275808422298	-439.07221715917683	462.6078862436269	-63.16827924896505	462.60788624362704	-422.0076417920774	-242.77697083358433	-63.16827924896506	-242.77697083358441	1.7933059211031086	
3.6417526182457403	-429.38956501457915	381.2924986639576	-130.0649945692225	381.29249866395764	-449.7029290928085	-182.2229617389844	-130.06499456922248	-182.22296173898445	53.235081555438754	
3.6937776556492508	-327.36925715611284	223.35737617047317	-167.38561701173995	223.3573761704732	-518.6615286623006	-87.27537265044772	-167.38561701173984	-87.27537265044776	137.25361896527892	
3.7458026930527613	-183.85236401790283	45.093198979174076	-162.186264872326	45.09319897917409	-593.0845986204231	35.12055836190569	-162.1862648723258	35.12055836190564	196.93801378930533	
3.797827730456272	-55.54264776766078	-86.85420411515071	-129.51726243920592	-86.8542041151507	-635.9554480153151	167.33012497428302	-129.51726243920564	167.33012497428297	187.31910539904027	
3.8498527678597827	2.7624940108770772	-134.40897903264985	-109.72814818632978	-134.4089790326498	-641.2850772295458	280.7531179610296	-109.72814818632946	280.75311796102955	92.90534380024482	
3.901877805263293	-30.880737294180093	-106.51310062430713	-150.27417479940357	-106.51310062430704	-600.9824154376454	342.7171895709805	-150.2741747994033	342.7171895709805	-64.8385124276938	
3.9539028426668037	-110.28234024369091	-51.795884705997594	-270.6529832705653	-51.795884705997445	-478.67947520087773	334.64746659316233	-270.6529832705651	334.6474665931622	-236.61753613872077	
4.005927880070314	-144.13722885677174	-27.52072344027806	-433.13973965026105	-27.520723440277905	-250.2144285226184	268.1273479652405	-433.1397396502608	268.12734796524046	-366.611260361591	
4.057952917473825	-78.44967691615967	-57.867166852626596	-555.9109722021475	-57.867166852626454	43.85685277754179	176.06219324121145	-555.9109722021471	176.06219324121125	-414.8844419305233	
4.109977954877335	52.266817709577374	-111.43233844706768	-570.0359967452737	-111.43233844706762	308.35139617972925	84.48640832938851	-570.0359967452733	84.48640832938827	-374.1472362599596	
4.162002992280846	165.05626776333673	-128.3009171585133	-467.9893651930123	-128.3009171585133	457.5028029175907	-1.5862169531332384	-467.98936519301196	-1.5862169531334906	-272.38195507654666	
4.214028029684356	208.21439830019528	-73.98202606846206	-296.36179866247204	-73.98202606846215	454.65915480683253	-85.10575022519703	-296.36179866247176	-85.10575022519726	-157.0788352216606	
4.266053067087867	195.51530485328033	37.89932027405064	-111.3447164185354	37.89932027405054	301.57012861384953	-159.9858617081041	-111.34471641853517	-159.9858617081042	-73.74538692236288	
4.318078104491378	173.55569594042086	166.44917069339925	49.801352880059795	166.4491706933993	34.316040449959814	-211.54232000046164	49.801352880059966	-211.54232000046176	-54.00484053707295	
4.370103141894888	170.57467858286367	264.31875440067074	166.9743781175923	264.31875440067085	-241.82866370827492	-227.88045175666244	166.9743781175924	-227.88045175666247	-110.45900063906382	
4.422128179298399	183.87142728213863	290.2130401352763	231.27109524173082	290.2130401352764	-373.30307778684323	-205.95507933717715	231.27109524173088	-205.95507933717718	-229.22168500737212	
4.474153216701909	209.41869793139887	237.51959221078266	245.55792133338053	237.519592210783	-294.57172714622436	-147.6650918714737	245.55792133338053	-147.66509187147366	-366.9343048141609	
4.52617825410542	266.96742147917263	144.86703017544835	217.3400434205604	144.86703017544846	-106.52564274128463	-53.4543583771495	217.3400434205604	-53.454358377149404	-468.3534921858818	
4.578203291508931	379.73264481634766	50.86845103512973	146.6755144210282	50.86845103512987	47.93375460477819	74.02549841509295	146.67551442102814	74.02549841509305	-501.43016684008086	
4.630228328912441	528.7714438568986	-45.18975062400948	32.26079225347177	-45.18975062400948	138.9630549998313	214.0587105478021	32.26079225347167	214.05871054780215	-479.89414249502096	
4.682253366315952	645.0793416939459	-153.0945589000802	-107.67918506381801	-153.09455890008036	224.50837765205318	320.5630099753449	-107.67918506381818	320.5630099753449	-445.1007440344056	
4.734278403719462	663.630115283943	-244.10177587062716	-234.56648783143993	-244.10177587062716	335.4696985138807	344.0493259525178	-234.56648783144016	344.04932595251785	-421.72817091092344	
4.786303441122973	580.6272580554604	-258.8930387156962	-318.54324600927146	-258.893038715696	445.9745685015047	269.2376319380302	-318.5432460092717	269.2376319380303	-397.48222014487453	
4.838328478526483	452.087679819085	-167.4742107814185	-360.27060465047254	-167.47421078141795	519.7955911598534	130.1071275681957	-360.27060465047265	130.1071275681959	-347.3320274024018	
4.890353515929994	350.04181391663246	-19.41504737711921	-375.650107858513	-19.415047377118526	547.4503769474943	-14.39569534143103	-375.65010785851314	-14.395695341430788	-262.1294284281299	
4.942378553333505	321.70552119303665	86.43157466778376	-365.68515300705764	86.43157466778456	548.8962657693925	-118.39796035265184	-365.6851530070577	-118.39796035265167	-143.1636580822497	
4.994403590737015	369.84314888621583	103.32146849960972	-314.1830697912673	103.32146849961038	559.0569324269848	-163.50637788910515	-314.18306979126737	-163.50637788910512	14.999333580460693	
5.046428628140526	454.5349440444414	88.62293536393793	-215.97121423308477	88.62293536393861	601.2488229644981	-145.37801633829372	-215.97121423308482	-145.37801633829386	213.74164023627173	
5.098453665544036	515.8379797075203	125.50673022218477	-97.17845909579454	125.50673022218518	659.7277549767351	-62.61548140939604	-97.17845909579465	-62.61548140939637	424.2804824267548	
5.150478702947547	505.29785460291436	214.10354514117162	-1.961807610806808	214.10354514117205	679.880697622202	71.89734782011453	-1.9618076108068934	71.89734782011413	590.1655059605791	
5.202503740351058	414.44732197303927	269.8923680691387	39.154052441728865	269.8923680691391	622.7033789782683	215.92780909843157	39.15405244172884	215.92780909843123	664.2508852820122	
5.254528777754568	287.91182185634784	214.38071608239852	27.681486113368415	214.3807160823988	522.4488206971628	309.6586205567713	27.681486113368447	309.6586205567712	640.3460429496631	
5.306553815158079	185.0089647669455	47.632243070938756	-13.106491757969675	47.63224307093863	454.2701261954364	313.0007368041986	-13.106491757969703	313.0007368041987	550.8552648590564	
5.358578852561589	116.57653293116573	-154.97122277682885	-63.087539192095576	-154.97122277682968	446.1275034648902	233.18066012009052	-63.087539192095754	233.18066012009078	445.98597624875003	
5.4106038899651	53.668827596219785	-305.0890508817074	-115.3186661869442	-305.08905088170906	472.9310584655535	116.38548149454235	-115.31866618694457	116.38548149454273	379.2589810498305	
5.462628927368611	-3.802394641596038	-364.29053111750665	-163.93740739333606	-364.29053111750886	527.6232870984004	15.45201517899168	-163.9374073933366	15.452015178992092	393.0566142857313	
5.514653964772121	-23.599872658645722	-347.86853722123163	-194.42499373227213	-347.86853722123396	626.0837731958413	-39.26575914635803	-194.42499373227264	-39.26575914635754	490.49772683125934	
5.566679002175632	0.8438496348603621	-281.7711145775505	-190.43612679651415	-281.77111457755274	738.8942652161503	-52.42071851024901	-190.43612679651466	-52.42071851024838	616.0880886536634	
5.618704039579142	39.67886835415402	-181.3412070642569	-142.90455937825985	-181.34120706425892	778.0389662148518	-53.8384228348599	-142.90455937826025	-53.83842283485912	680.5438450789104	
5.670729076982653	60.9297552312629	-62.16661343517384	-53.664230882378405	-62.16661343517551	669.6786971270113	-68.05040114018702	-53.664230882378675	-68.05040114018618	618.6524298481766	
5.722754114386163	39.38414521958404	60.81870719697508	57.52086106486112	60.81870719697389	418.73111122816147	-88.87440259806345	57.52086106486109	-88.87440259806259	431.18316572332355	
5.774779151789674	-40.93625512597188	188.71768908375554	150.78058026282986	188.71768908375498	96.38268559519923	-87.05814030369096	150.78058026283009	-87.05814030369017	183.55963282243567	
5.826804189193185	-156.15813352089805	337.8626026653732	186.74038061298046	337.86260266537306	-216.75569211020985	-40.37286953830518	186.74038061298094	-40.3728695383044	-30.467623838306707	
5.878829226596695	-240.74330664747342	518.07420926744	156.83480140310482	518.07420926744	-470.24985573086917	48.23503747148326	156.8348014031054	48.23503747148403	-139.89957339514405	
5.930854264000206	-244.86342431632903	711.8388801755041	88.88168715683452	711.8388801755044	-641.2611524461322	155.08542158289663	88.88168715683504	155.0854215828973	-133.5397420933106	
5.982879301403716	-182.32277725396222	877.4633462125526	21.46727027288351	877.4633462125528	-715.7284970117039	249.15238310913438	21.467270272883802	249.15238310913486	-53.90217348711009	
6.034904338807227	-110.51632228807051	976.2411476720013	-24.280257222482845	976.2411476720015	-680.7801984005068	306.13278542662994	-24.28025722248282	306.13278542663016	45.682563087457766	
6.086929376210738	-73.79697461164628	999.3292069166682	-50.83843476331434	999.3292069166687	-527.9116096560113	321.0294182044089	-50.83843476331444	321.0294182044089	136.43070450550843	
6.138954413614248	-74.78271025422288	969.7049923083332	-71.5058811158963	969.7049923083337	-268.68165132657055	311.7429104956184	-71.50588111589636	311.7429104956184	213.72318640480597	
6.190979451017759	-87.45473200914148	919.421181841141	-95.43132543601541	919.4211818411412	49.20924719457801	308.28769375338675	-95.4313254360153	308.2876937533871	278.070685798425	
6.243004488421269	-92.23194890761118	868.6636337560074	-121.97555494630305	868.6636337560069	346.17365339356513	334.0750599983729	-121.97555494630285	334.07505999837366	325.3843412234909	
6.29502952582478	-96.97024574096821	819.8254307690504	-146.00260256604906	819.8254307690495	537.3121017894454	391.9906107315172	-146.0026025660489	391.99061073151813	350.25071779155115	
6.34705456322829	-123.17455709888259	757.8294456265535	-166.28545221903218	757.8294456265527	566.8577152169265	463.9599402096509	-166.28545221903204	463.9599402096518	350.13340578551833	
6.399079600631801	-175.20722779866725	660.4935836904962	-186.22313316780333	660.4935836904959	435.5049086478416	523.1258072929331	-186.22313316780327	523.1258072929337	324.8793833185301	
6.451104638035312	-235.95997191836915	519.5752018247397	-205.94593176738624	519.5752018247401	202.56771561154642	549.1542846373836	-205.94593176738627	549.1542846373835	275.26615241587854	
6.503129675438822	-290.04442705115866	351.52032255616587	-216.12646517368682	351.52032255616706	-44.41328537634729	536.1336129637432	-216.12646517368688	536.133612963743	205.0007532052995	
6.555154712842333	-334.0673612718199	183.80624934059443	-201.57684473192728	183.8062493405962	-231.71665445020446	489.6244339177954	-201.57684473192728	489.62443391779505	125.38897194378207	
6.607179750245843	-357.8716755699734	39.15664824574853	-152.3653684693785	39.15664824575052	-328.05727812425425	418.6061846153989	-152.36536846937838	418.60618461539866	55.8148912039628	
6.659204787649354	-336.06816372818173	-65.52847138088848	-73.99695865094719	-65.52847138088663	-348.89088097397564	330.9787954544214	-73.99695865094708	330.9787954544211	14.399831799675741	
6.711229825052865	-252.83718035986482	-119.9744819501465	11.674182364144844	-119.97448195014493	-334.4229193660039	235.4446102651671	11.674182364144734	235.44461026516683	5.195053657529009	
6.763254862456375	-125.91569181828675	-129.690355828305	76.38866401457065	-129.6903558283035	-309.3178347657223	144.54287910124413	76.38866401457017	144.54287910124367	15.261380319004534	
6.815279899859886	1.8596196491821502	-121.05493673871314	99.52244125209687	-121.05493673871156	-258.8931303142053	72.77292618025216	99.52244125209606	72.7729261802516	24.893311856294005	
6.867304937263396	94.26035798875702	-132.09238566847392	78.00244096369508	-132.0923856684724	-152.7773339109516	29.954275251685257	78.00244096369414	29.954275251684802	21.756045244227433	
6.919329974666907	146.23130431611693	-187.30202710390614	27.976905893648322	-187.30202710390492	11.432400723733963	15.62765958866856	27.976905893647398	15.627659588668285	8.94895448921097	
6.9713550120704175	177.65491819696288	-273.7307190131389	-22.95013961136211	-273.7307190131384	199.66648299195538	19.857259402583313	-22.950139611363046	19.85725940258323	2.7126166935610456	
7.023380049473928	208.1358572692168	-345.97161929592653	-50.28002711872521	-345.97161929592676	370.0441922017276	29.579512184138956	-50.280027118726224	29.579512184139055	21.07907112075536	
7.0754050868774385	243.7794646267077	-357.0101775183534	-45.86766191467925	-357.0101775183543	492.10619845746186	34.913591295204974	-45.867661914680355	34.91359129520529	70.01212472661278	
7.127430124280949	283.6993836798952	-285.782608183071	-20.26342532703427	-285.78260818307234	550.8212665332932	32.53508092388292	-20.263425327035343	32.535080923883505	135.93167267871982	
7.1794551616844595	322.1878923987223	-144.58231865000806	8.149248886902944	-144.58231865000965	551.332910878451	27.388953476701904	8.14924888690212	27.388953476702724	191.41223973746492	
7.23148019908797	342.85225601382285	30.194493100966387	28.092012289320206	30.194493100964685	515.5886546782249	31.380087298180946	28.092012289319833	31.380087298181873	212.4340725631879	
7.2835052364914805	326.13311157094375	196.51900824766648	41.08431551479029	196.519008247665	462.55357737479034	55.85786832071022	41.0843155147905	55.857868320711056	194.70013133598263	
7.3355302738949915	275.7516513419838	325.4195406564678	54.17604133533524	325.41954065646684	399.3961153258964	102.44013231413786	54.17604133533601	102.44013231413842	155.78684873053385	
7.3875553112985015	227.41670298960133	407.51554788891644	69.32478426157098	407.5155478889159	334.5780509189832	161.83229665117358	69.32478426157213	161.8322966511738	122.54893355181895	
7.4395803487020125	217.9080924868771	443.45929605749626	81.14156364572796	443.4592960574959	280.5671543421989	221.01697997117122	81.14156364572928	221.0169799711711	113.38719244975431	
7.4916053861055225	251.5507844371109	428.25369760659896	84.23325057508151	428.25369760659856	231.81247546543648	269.0000417648222	84.23325057508276	269.00004176482184	125.36769354776942	
7.5436304235090335	307.53984153141477	350.95224635601556	80.48960263583285	350.95224635601477	159.10943165535943	296.05653942716094	80.4896026358339	296.05653942716043	135.35375021065548	
7.595655460912544	368.5160310463989	215.2727875815664	76.71869769393871	215.27278758156515	39.40168262699066	293.03642424732436	76.7186976939395	293.0364242473238	118.53849819932422	
7.6476804983160545	424.58242941551646	56.168906117295705	74.04606702915757	56.168906117293886	-113.3409881161592	257.08591955647853	74.04606702915812	257.08591955647796	70.44972998371622	
7.699705535719565	456.15967499529893	-72.53750566404813	61.70107929939317	-72.53750566405043	-253.38149627906927	197.97785760197903	61.701079299393456	197.97785760197843	10.34364836839853	
7.7517305731230755	431.57700695987427	-132.26545470352556	25.752350130154973	-132.26545470352795	-335.9626357186339	135.01066105394216	25.752350130154912	135.01066105394165	-38.569355531532906	
7.803755610526586	328.70688573506135	-125.77087431395638	-33.975312146976265	-125.77087431395873	-343.21697888508095	86.61803907047413	-33.97531214697675	86.61803907047383	-72.34225417755239	
7.8557806479300964	159.17548778583063	-91.99043120375912	-98.9714395491736	-91.99043120376109	-283.976628733531	63.67948470565425	-98.97143954917452	63.67948470565423	-109.58880192619576	
7.907805685333607	-28.683885854743195	-76.31993771711717	-147.97060333951055	-76.31993771711863	-176.83430982083303	69.13712131820994	-147.97060333951188	69.13712131821006	-171.16948695803552	
7.959830722737118	-172.10562474077585	-102.814923251054	-176.94436744545618	-102.81492325105488	-35.84042300269725	97.91415963548705	-176.94436744545777	97.9141596354871	-256.5653910374457	
8.011855760140628	-220.78199646249797	-166.1125174866787	-200.15105579275783	-166.11251748667902	123.67975974691092	137.08024257508865	-200.15105579275962	137.08024257508842	-340.7048160920548	
8.063880797544138	-150.77216092248844	-238.22807039555772	-231.9640579233592	-238.22807039555744	270.36131428337234	171.790251308906	-231.96405792336108	171.7902513089054	-392.94627637284077	
8.11590583494765	20.43009334253479	-279.94414760239744	-271.15019972051994	-279.9441476023968	357.14608338273695	194.46704081606342	-271.1501997205216	194.4670408160624	-398.05212793959555	
8.16793087235116	222.80376395345112	-260.1892961124215	-304.2728908883538	-260.1892961124211	344.97449826474144	207.41975709434536	-304.272890888355	207.4197570943441	-362.3226096458584	
8.21995590975467	364.0058833599875	-178.32803721030174	-322.0466236237219	-178.32803721030194	234.6106471193065	217.12671878184034	-322.04662362372255	217.12671878183903	-306.4848612387907	
8.271980947158182	395.21421682589255	-65.57237244841942	-329.59920103066105	-65.57237244842054	80.84726832470682	228.17095912576016	-329.5992010306612	228.17095912575888	-254.43218032828193	
8.324005984561692	345.32249572834917	38.2739813607856	-340.2335833648391	38.273981360783836	-27.051933164739893	241.97899301008758	-340.2335833648391	241.9789930100864	-222.50603106713191	
8.376031021965202	284.59669057372975	108.77115011175815	-360.0073891934951	108.77115011175621	-9.681969208609814	257.712117342518	-360.0073891934952	257.712117342517	-212.59640533467524	
8.428056059368712	257.01443365246087	143.65869507269974	-379.0652252930121	143.65869507269844	153.46666620334423	272.08432568619895	-379.06522529301253	272.0843256861978	-214.1604606405595	
