# Stress in units of bar (10^5 Pa)
# z	Sxx	Sxy	Sxz	Syx	Syy	Syz	Szx	Szy	Szz
0.0	497.36394761641463	-155.61134508823886	234.41628486276784	-155.61134508823943	-203.23452227237928	214.6329901825093	234.4162848627675	214.63299018251067	495.9601538816473	
0.0502685108345491	520.3341499399717	-94.1202911337756	248.96693544792558	-94.12029113377622	-307.8036330367556	242.3669705623361	248.966935447925	242.36697056233754	477.6304677581616	
0.1005370216690982	492.8207239054078	-1.8530340649380719	251.87191551577143	-1.8530340649390382	-323.736344569117	226.43491596482679	251.87191551577058	226.4349159648281	480.2215185085347	
0.1508055325036473	466.7801129452647	83.62118374190692	251.03248362166096	83.62118374190553	-242.08847389015094	169.08943072145883	251.03248362166	169.08943072145985	507.68023667568536	
0.2010740433381964	517.2583990504085	128.0484602540201	252.83768490918902	128.04846025401847	-107.57196302160044	96.43616115071957	252.8376849091882	96.43616115072015	552.4486279356478	
0.2513425541727455	678.8886805993702	122.1520512490396	256.6233159329995	122.15205124903814	25.389762783987408	42.24453600987236	256.6233159329992	42.24453600987252	605.509057450019	
0.3016110650072946	906.3318045485171	80.02118108308417	254.77927756511292	80.02118108308318	126.22018770796319	25.438122831745783	254.7792775651133	25.438122831745698	660.8759934324655	
0.3518795758418437	1096.4425471098716	25.822419342060854	239.74582952755443	25.82241934206027	184.33465486839697	41.091377009691485	239.74582952755543	41.09137700969136	711.0510413966072	
0.4021480866763928	1165.5833505247306	-19.19367963749781	210.9865689579126	-19.19367963749825	198.93832743336176	69.49952409926848	210.98656895791402	69.49952409926848	741.6946463529266	
0.4524165975109419	1120.8639225412712	-44.610808735065305	174.6741018971644	-44.610808735066094	179.03116486376553	92.29067521419996	174.67410189716588	92.29067521420015	734.9133022215136	
0.502685108345491	1044.5259977144187	-49.505547201399196	139.27325837131485	-49.50554720140073	139.82599640832882	104.12686296373562	139.27325837131622	104.12686296373596	680.6913439167038	
0.55295361918004	997.1633973523055	-36.48923476399858	113.79946549270235	-36.48923476400071	98.40218078023926	114.69296461065518	113.7994654927035	114.69296461065561	586.2870556877551	
0.6032221300145892	946.7509809549045	-11.922723681481472	106.77382510820834	-11.922723681483859	72.94636717167472	139.10350811905246	106.77382510820932	139.10350811905295	474.21059081473595	
0.6534906408491383	809.4175764692857	15.379425515614727	120.62669304929777	15.379425515612681	73.70965072900984	182.62994754459694	120.62669304929864	182.62994754459748	370.09080711427663	
0.7037591516836874	555.865170200052	42.729455841782595	145.4283938566171	42.72945584178137	86.86172301917561	233.86481362793796	145.4283938566179	233.86481362793856	290.4514572409364	
0.7540276625182365	262.40774964171146	73.53820903247953	161.7295085573058	73.53820903247922	79.94966926294272	273.3550576551373	161.72950855730656	273.35505765513795	238.4597470368824	
0.8042961733527856	49.9179385314234	104.51186874707263	153.73413351237053	104.51186874707308	34.12511705941837	288.3946779138716	153.73413351237133	288.39467791387233	207.61464963903876	
0.8545646841873347	-16.839077890856153	122.90812144488908	121.9812678380085	122.90812144488987	-36.813862192730795	280.62680871410214	121.98126783800932	280.6268087141029	188.73486936763172	
0.9048331950218838	29.771061002799627	119.61765675963508	84.0354064220872	119.61765675963571	-106.56700959769498	263.11744060293245	84.0354064220881	263.1174406029331	175.42997480497723	
0.9551017058564328	97.56671558174676	94.19368100547211	62.29854418941414	94.1936810054724	-167.44400046044035	251.95204017423617	62.298544189415125	251.95204017423663	166.21297376381665	
1.005370216690982	97.59159324561	50.36706459467389	68.59410202076145	50.367064594673664	-229.35379296167045	258.43716802553325	68.59410202076242	258.4371680255336	164.21855487805257	
1.055638727525531	-17.117764608640016	-1.0030607303361876	97.32217929041968	-1.0030607303367844	-295.07607996407023	285.1691617930375	97.32217929042056	285.1691617930378	174.81439529690527	
1.10590723836008	-238.4250558823139	-37.024656221943644	131.64187168789618	-37.02465622194464	-350.561736865843	325.3452079403597	131.64187168789687	325.34520794035996	199.8875815014006	
1.1561757491946292	-507.70961436370015	-36.73411073675675	156.43322101429564	-36.73411073675814	-379.53906078479383	363.3539498042622	156.43322101429607	363.35394980426224	231.96733637652983	
1.2064442600291785	-743.276979124963	-7.907209122761401	167.84146922156498	-7.907209122763163	-380.45479625391835	378.0591680468551	167.84146922156532	378.05916804685495	255.2412974071118	
1.2567127708637276	-886.9711675635612	8.382727298574792	174.3287215936114	8.382727298572831	-366.65464717083705	352.1474597901426	174.3287215936118	352.1474597901421	254.14519900673213	
1.3069812816982767	-937.5790131786722	-27.126104881045848	190.43701973145983	-27.12610488104785	-353.57279646806086	284.84305976522364	190.43701973146048	284.8430597652231	221.1481835360672	
1.3572497925328257	-935.4373260943895	-112.08239256947533	226.4171144047605	-112.08239256947732	-351.0317373088975	197.5430851755395	226.41711440476138	197.54308517553912	157.39922890187773	
1.4075183033673748	-908.1899193817742	-204.33653253467168	278.2718482127493	-204.33653253467367	-361.2974342825046	124.52649098241376	278.27184821275017	124.52649098241379	69.07064845386665	
1.457786814201924	-842.7914060891344	-258.7385070255586	326.0850629104629	-258.7385070255603	-377.18241484487254	93.63917431684173	326.0850629104633	93.63917431684213	-33.34897863176271	
1.508055325036473	-714.4024537852298	-252.62883578052492	346.33276318469564	-252.62883578052632	-382.5347970754326	110.41210660618088	346.33276318469547	110.41210660618135	-129.55302074288943	
1.558323835871022	-523.8976743982379	-184.49358040844612	330.5444209930188	-184.49358040844697	-358.56068550071143	155.15138905021405	330.5444209930181	155.1513890502144	-185.35763171413635	
1.6085923467055712	-291.5330442376771	-68.6166201727914	292.44786803738987	-68.61662017279181	-285.93480704936076	193.63192228362516	292.4478680373888	193.63192228362539	-164.25623601330906	
1.6588608575401202	-35.453610995264285	63.394362873869724	255.49785317806345	63.394362873869525	-149.55630887738988	196.48808571240295	255.49785317806243	196.48808571240306	-53.978358235037625	
1.7091293683746693	218.46184506068585	168.10586809873553	231.97015786071222	168.10586809873513	43.65959153259951	157.64768420166888	231.9701578607113	157.64768420166885	116.28628133691348	
1.7593978792092184	419.7674808061924	209.85017605690177	212.0490797798251	209.8501760569009	249.84456796552	97.38080469922103	212.0490797798244	97.38080469922086	290.4877874273039	
1.8096663900437675	517.4885082266983	181.78637207509212	171.8240510785742	181.7863720750907	408.6870069193128	44.97708734953223	171.8240510785737	44.97708734953201	420.95553953137903	
1.8599349008783166	496.7093971909677	110.49454558562071	93.03781618628813	110.49454558561914	483.498965111017	17.30756950447423	93.03781618628778	17.307569504473953	489.95129930437173	
1.9102034117128657	383.456353688166	39.5551889006883	-21.771460081216357	39.55518890068705	473.3880335299492	11.587698998233035	-21.771460081216592	11.587698998232758	502.11705430990787	
1.9604719225474148	229.22655498747633	4.1018286293793835	-149.3163406551354	4.101828629378872	393.49053309105886	10.954419654431355	-149.31634065513563	10.954419654431057	467.3363177964814	
2.010740433381964	105.53189502156522	19.426082375538385	-259.3651676663841	19.42608237553864	270.3563907541559	-5.744572627575934	-259.3651676663844	-5.744572627576243	397.6643683658481	
2.061008944216513	89.37892317921319	89.34587062437774	-331.9228049275845	89.34587062437839	163.91072315026855	-51.90730907347711	-331.92280492758505	-51.90730907347743	315.1378445245306	
2.111277455051062	224.9505818512888	214.2124061203947	-363.6184945530479	214.21240612039549	161.28892329412793	-124.21220227515263	-363.6184945530488	-124.21220227515299	250.29257300868363	
2.1615459658856113	484.7407147061657	376.54914478397126	-359.16334615498124	376.5491447839719	309.6655988224154	-205.80326206408816	-359.1633461549824	-205.80326206408847	226.2172100618854	
2.21181447672016	762.4641159387228	518.4436293872277	-322.7254072890927	518.4436293872283	558.4436185233237	-277.4979569621061	-322.7254072890938	-277.4979569621065	242.7054192983897	
2.2620829875547095	921.1797131689311	561.5443281276755	-260.7593001204759	561.5443281276758	794.6517682561339	-324.6889584577433	-260.75930012047706	-324.6889584577437	275.22553669260856	
2.3123514983892584	895.8002158502138	482.6507000998749	-184.68926485106306	482.65070009987494	944.7203397902215	-337.37604622551146	-184.68926485106397	-337.376046225512	291.4949738782665	
2.3626200092238077	751.9671609513541	357.9512029696057	-103.89345934561345	357.9512029696058	1023.4675672141127	-307.17084244857455	-103.8934593456141	-307.17084244857506	275.1351854859484	
2.412888520058357	604.8465555778927	294.0437748144344	-20.760891806356064	294.0437748144344	1081.3301130467921	-225.78946898015568	-20.760891806356433	-225.7894689801563	237.27535650362825	
2.463157030892906	492.49211189220114	316.75879038484106	62.24325939549608	316.758790384841	1121.2451945177245	-91.36450267057059	62.24325939549591	-91.36450267057128	205.4943162348826	
2.513425541727455	373.0832010263411	362.10849283806454	132.39689849439355	362.1084928380643	1079.6671344583906	79.22376442104485	132.3968984943935	79.22376442104408	202.65880675640204	
2.563694052562004	212.02466218634254	363.03066912738944	166.13773476471022	363.0306691273892	879.1200269017313	246.74888375412775	166.1377347647102	246.7488837541269	236.40063808685562	
2.6139625633965533	20.31409871710123	302.8827914662713	141.31851759160827	302.882791466271	505.7398453301638	366.30852215243317	141.31851759160827	366.3085221524324	300.48939321849423	
2.664231074231102	-155.70874540775208	201.2594078354221	54.358107673477264	201.25940783542194	41.72328851828871	414.92299069250976	54.35810767347729	414.92299069250896	376.49053639714714	
2.7144995850656515	-237.47813808031032	96.47204274176755	-73.37408295784073	96.47204274176732	-383.17526462702244	403.76402226074504	-73.37408295784066	403.76402226074435	437.9158483736573	
2.7647680959002003	-163.43005676344126	36.83844078950671	-205.84775017283494	36.83844078950648	-668.5745697755885	357.8204091184731	-205.84775017283488	357.8204091184724	466.3400559864347	
2.8150366067347496	15.690456921922284	48.19093965688149	-307.8231839603157	48.190939656881106	-772.76964521847	282.5851602791623	-307.82318396031565	282.58516027916176	467.09544147289864	
2.8653051175692985	134.8786576366187	101.95923926242455	-357.6101297738694	101.95923926242403	-703.0065216748492	159.75828007277923	-357.6101297738694	159.75828007277875	460.2650836906341	
2.915573628403848	56.374062313824226	139.32916036350548	-357.5243197426343	139.32916036350508	-508.30729592920477	-18.466105320855295	-357.5243197426345	-18.46610532085572	450.86727572557913	
2.9658421392383967	-204.84489841682216	126.45329206685403	-330.73363901844715	126.45329206685375	-272.9379562849176	-218.90459785487081	-330.7336390184474	-218.9045978548711	413.5346623444022	
3.016110650072946	-509.85829074183107	71.44984124656054	-296.5483805050364	71.44984124656042	-91.74362216065893	-379.8321228120179	-296.5483805050366	-379.83212281201804	316.77935130749677	
3.066379160907495	-717.9572778862231	0.6368515846952789	-249.3624156994063	0.63685158469535	-33.68552136501066	-451.73820275902494	-249.3624156994065	-451.7382027590251	169.03166198708027	
3.116647671742044	-755.3190182850717	-62.59077288747163	-170.7909491965459	-62.590772887471516	-106.9373905106292	-426.4022622780948	-170.79094919654597	-426.402262278095	36.895202388577744	
3.166916182576593	-606.6047155419001	-106.26955049791059	-59.86132271529215	-106.26955049791044	-250.9392235413579	-339.8563935057548	-59.861322715292076	-339.85639350575497	3.9248412538485695	
3.2171846934111423	-308.158826839502	-133.1535686754028	58.172814815016224	-133.15356867540265	-381.6996594467817	-254.76693927417884	58.172814815016366	-254.76693927417898	99.20904859196746	
3.2674532042456916	42.655339863592104	-155.27699595276897	148.96838375633607	-155.27699595276889	-462.31018383548826	-224.47141162484638	148.9683837563362	-224.47141162484644	265.3700311176978	
3.3177217150802405	319.740874322908	-179.57584302012057	185.61611340994295	-179.5758430201205	-519.180787272077	-255.55571778980442	185.61611340994307	-255.5557177898044	401.9377212920264	
3.36799022591479	440.3537647528135	-197.7543322582689	154.9090893855168	-197.75433225826885	-581.1046331412061	-304.7083563442146	154.9090893855169	-304.7083563442145	442.78374278373946	
3.4182587367493387	400.4407946844722	-189.01257329594358	64.1635127521572	-189.01257329594353	-617.4715472633904	-318.56445394904557	64.1635127521572	-318.5644539490454	394.0328341677391	
3.468527247583888	245.86889429584758	-135.33873830454618	-54.779773985876815	-135.3387383045461	-561.4071448082279	-277.7479236515536	-54.77977398587685	-277.7479236515535	307.5037328164304	
3.518795758418437	35.57950832658881	-38.754887252076614	-159.05125398315604	-38.754887252076486	-395.8903752424207	-202.75807595759056	-159.05125398315613	-202.75807595759042	231.03258552743503	
3.569064269252986	-164.93803271198755	76.92276125620398	-220.62567895064015	76.92276125620418	-196.23030806346762	-124.23475656183993	-220.62567895064024	-124.23475656183983	182.18291833553855	
3.619332780087535	-285.91296761775556	183.97195406177445	-240.48941431295293	183.97195406177462	-72.28613769631067	-55.806822076706965	-240.48941431295304	-55.80682207670692	149.3427223355111	
3.6696012909220843	-283.08454303533495	267.76437591812663	-239.0434618547862	267.7643759181268	-72.73166852417702	6.087676692789181	-239.0434618547863	6.087676692789145	103.59033935621099	
3.719869801756633	-174.85548731756688	324.4253909263125	-235.33804712441133	324.42539092631273	-145.71994258688258	66.16694666513237	-235.33804712441147	66.16694666513231	16.838119658995428	
3.7701383125911825	-36.076794138793545	347.6296513484834	-234.61647499882847	347.62965134848355	-180.25048436168368	118.6412689916302	-234.61647499882858	118.64126899163017	-116.63988772452039	
3.8204068234257313	60.8345730795391	326.0609171616371	-231.4933843580062	326.06091716163724	-88.86659831963526	147.04220721062336	-231.49338435800632	147.0422072106234	-269.35815175291674	
3.8706753342602807	97.39934267509791	256.7746591437274	-221.53851538755913	256.77465914372755	124.56297425704244	131.37154999929558	-221.5385153875592	131.37154999929558	-389.65148215919334	
3.9209438450948295	100.48279932789488	156.0876972884821	-208.79337852116748	156.08769728848222	366.6650579082741	57.33707107359224	-208.79337852116743	57.33707107359227	-424.3504941709495	
3.971212355929379	94.78923377510257	49.6828727333332	-201.51440297825334	49.68287273333331	534.1282395926681	-71.67334973333546	-201.51440297825326	-71.67334973333544	-344.4062906155408	
4.021480866763928	72.10162954097504	-49.04112313298632	-199.34679631721227	-49.041123132986236	594.4736246028517	-220.6694950161866	-199.34679631721212	-220.6694950161866	-163.250825044655	
4.071749377598477	7.399831940618775	-141.00676060596152	-187.137648147197	-141.0067606059614	582.6118621255314	-323.2658930311048	-187.13764814719687	-323.2658930311047	64.09098333337522	
4.122017888433026	-94.08018714744938	-216.10160292441628	-148.12020322932415	-216.1016029244161	538.3068748341166	-313.69478235258566	-148.12020322932392	-313.6947823525856	263.023252719965	
4.172286399267575	-178.71089112525385	-239.59512399374222	-83.97385072641872	-239.59512399374202	473.2407289854234	-174.51196591518922	-83.97385072641848	-174.51196591518917	369.2966516621045	
4.222554910102124	-195.30644438651848	-182.51194791892624	-14.178441120663422	-182.51194791892607	389.6610512195791	44.655959218763144	-14.178441120663134	44.65595921876318	354.5542857103249	
4.272823420936674	-155.60400995143564	-59.807872086679694	44.1317930263332	-59.807872086679524	304.7286922416847	256.4612684328019	44.13179302633351	256.46126843280194	240.5146785116732	
4.323091931771223	-115.04837289719516	77.38990694730796	83.9894350758894	77.38990694730805	251.50705126293718	384.8202686026983	83.98943507588967	384.82026860269843	91.32827549943698	
4.3733604426057715	-106.75083820555423	178.92972000434716	96.04801181926902	178.9297200043471	254.93239127339632	396.1710125456134	96.04801181926928	396.1710125456135	-19.58085108028149	
4.42362895344032	-131.8589686218835	215.75746938194885	65.68034553789636	215.75746938194874	300.30904275110134	303.89586752844787	65.68034553789654	303.8958675284481	-49.23076594499378	
4.47389746427487	-197.4181387361222	188.95737771220286	-9.043659879359595	188.95737771220251	338.80574351350197	154.98873089693717	-9.043659879359463	154.98873089693745	-1.6187996958361701	
4.524165975109419	-306.6777553034145	137.48373201140362	-107.20079978786386	137.48373201140316	342.85766229183	4.793043559199219	-107.20079978786376	4.793043559199489	87.93429863320603	
4.574434485943968	-407.36410821522963	113.7390942069202	-197.2897815009338	113.73909420691973	353.2193705494856	-111.51440418563408	-197.2897815009337	-111.5144041856338	179.14484050181548	
4.624702996778517	-398.3909569589701	134.86068807270587	-250.8609333168768	134.8606880727054	453.92208675219985	-192.46513700357428	-250.86093331687673	-192.465137003574	240.1831296840033	
4.6749715076130665	-208.69179273362943	174.56970100511992	-247.1854374032442	174.5697010051194	690.7467609385697	-258.88682572633036	-247.1854374032441	-258.8868257263301	250.2786123829087	
4.725240018447615	142.8471721839694	202.05871320425473	-183.53718488048156	202.05871320425416	1007.4645185555327	-329.8533602205292	-183.53718488048145	-329.85336022052894	206.28415578191567	
4.775508529282164	553.5740465873141	203.68827751018472	-86.74003950106007	203.68827751018404	1270.3647395454075	-406.64313270519597	-86.74003950106007	-406.6431327051957	129.50886795629563	
4.825777040116714	880.322931199619	169.72062032645084	1.528776005815196	169.72062032645036	1367.609843371205	-474.7355470011387	1.528776005815125	-474.7355470011387	55.177401070881345	
4.876045550951263	1008.8903900784755	91.25265198761782	63.06177517503521	91.25265198761768	1279.615437241962	-516.1960048573947	63.06177517503507	-516.1960048573948	9.726862140603497	
4.926314061785812	941.91096492415	-20.326408360547436	120.02796365056902	-20.326408360547177	1056.5207702106145	-516.3038958957579	120.027963650569	-516.3038958957582	4.621140673720629	
4.9765825726203605	813.8607055525069	-129.8504096652593	204.52895023565253	-129.85040966525887	768.1958591549687	-460.9199729538833	204.52895023565264	-460.91997295388353	51.9154960749585	
5.02685108345491	763.3683556218919	-208.14122802527868	315.9073076716413	-208.14122802527837	493.79166981718754	-338.86786285247354	315.90730767164155	-338.8678628524735	167.52644380670387	
5.077119594289459	790.0435687593193	-258.2825893872627	416.9317599380003	-258.2825893872629	313.92207627174474	-157.52686188015218	416.93175993800037	-157.52686188015167	344.11722748638147	
5.127388105124008	777.5678916173183	-304.10229282318295	469.0000926696794	-304.10229282318375	267.3947468083779	44.5476242879334	469.00009266967925	44.54762428793434	529.2542857068332	
5.177656615958557	646.8605263151621	-359.7460078900764	461.7347154245854	-359.7460078900773	313.0331495261692	208.7260120788104	461.7347154245849	208.7260120788116	645.797247327032	
5.227925126793107	439.7887512387846	-420.8525775007356	410.8649060213328	-420.85257750073623	347.68203212521115	286.39038430584833	410.86490602133233	286.39038430584947	636.8738250459376	
5.2781936376276555	255.6058415621003	-481.20734421969746	340.26539785474074	-481.20734421969763	280.62813399941365	260.6854519650831	340.2653978547405	260.6854519650839	495.75857083568656	
5.328462148462204	146.48983607858514	-541.6872972171186	270.48204427513934	-541.6872972171184	102.00827922014491	145.5917914426411	270.4820442751394	145.59179144264175	268.9747055903753	
5.378730659296753	89.11573971398877	-593.2659435598359	216.54740574783077	-593.2659435598355	-123.09334752310104	-24.62983866151841	216.54740574783114	-24.629838661517873	40.523720238172714	
5.428999170131303	44.13513235041327	-603.6387728556746	187.8358370336054	-603.638772855674	-312.1253934159728	-203.24143639542433	187.835837033606	-203.24143639542382	-100.00050605609687	
5.479267680965852	22.100737974717113	-538.6764896584964	186.26344470221693	-538.6764896584956	-402.8885855233594	-342.4970318415365	186.26344470221747	-342.49703184153594	-98.94816316593013	
5.529536191800401	60.24597187848789	-397.73633461659404	205.13146012418738	-397.736334616593	-377.4964375750902	-413.1893947487674	205.1314601241877	-413.18939474876674	34.0302644761479	
5.5798047026349495	140.56254139703793	-217.18931992607287	231.0517327478648	-217.18931992607185	-286.70952100748235	-418.1617696505597	231.05173274786472	-418.16176965055905	237.0016986411203	
5.630073213469499	181.3073938436204	-43.7734665754751	246.8615883316357	-43.773466575474274	-227.89734847210758	-385.4785039586369	246.86158833163546	-385.4785039586363	437.503952052832	
5.680341724304048	118.06067648013652	85.31182557561483	235.7319868424169	85.3118255756155	-270.6850552832507	-346.0680411407411	235.73198684241675	-346.06804114074043	587.6159891458883	
5.730610235138597	-36.07483406642247	145.6233008282195	191.3868585267253	145.62330082822015	-407.39696067173594	-314.05505034602794	191.38685852672535	-314.0550503460273	668.3970952270345	
5.780878745973147	-207.95360711364043	132.19525315674508	127.57132121531134	132.1952531567458	-566.5665851779794	-283.34970701319133	127.57132121531141	-283.3497070131907	678.2847865683509	
5.831147256807696	-312.92052026037084	67.13053590192385	69.49018469177462	67.13053590192465	-657.0487964906815	-240.67591660331334	69.49018469177446	-240.6759166033126	628.1218620138995	
5.8814157676422445	-282.89757479024786	-8.567600240437002	30.42676921881962	-8.567600240436093	-614.9606342257418	-183.45821685824765	30.42676921881919	-183.45821685824694	540.6032297256453	
5.931684278476793	-91.15147934082091	-56.61245390820409	0.5220083810029976	-56.61245390820346	-444.26147570159833	-126.55704701977153	0.5220083810025677	-126.55704701977098	442.59906402110744	
5.981952789311343	207.35345845429498	-60.43830211647884	-40.29602297853194	-60.438302116478724	-216.91120259238977	-91.65515372593921	-40.29602297853206	-91.65515372593916	352.9431824011964	
6.032221300145892	476.6889198935986	-26.361948681991606	-103.30905585190385	-26.361948681992146	-23.939790116631983	-90.41554426711679	-103.30905585190354	-90.41554426711743	275.39892223270493	
6.082489810980441	594.1569054097366	32.2119991174678	-184.81474549799213	32.211999117466746	78.52005549282444	-117.37221999840632	-184.8147454979915	-117.37221999840764	201.17588182413783	
6.13275832181499	549.4556954937598	106.25942839510179	-270.8014477975397	106.25942839510066	86.03969132840913	-155.03894655540068	-270.8014477975389	-155.0389465554024	120.80040225461019	
6.1830268326495395	423.2909503335057	184.36152599837934	-343.2419668085176	184.3615259983784	34.161485707310135	-182.58385758971224	-343.24196680851685	-182.583857589714	38.5634577073643	
6.233295343484088	283.212464752061	246.14471377877763	-386.92769920394153	246.14471377877683	-23.193524980540815	-182.6209001113229	-386.9276992039411	-182.62090011132437	-25.49711498119813	
6.283563854318637	142.67644848755197	273.82341366579334	-397.20293677386076	273.8234136657925	-41.41813756383556	-146.16827814021093	-397.20293677386076	-146.16827814021184	-51.46878158356844	
6.333832365153186	8.161759852460506	268.4871895740455	-381.93067712873903	268.4871895740444	-7.802619474848598	-75.63668645230095	-381.9306771287395	-75.63668645230118	-36.05046433239477	
6.384100875987736	-81.53441688631955	249.4602898203747	-353.93750131398855	249.46028982037342	61.196161218777036	15.2304664582616	-353.93750131398923	15.23046645826199	7.857958985733401	
6.434369386822285	-76.73899475128039	236.40092754121667	-322.2014878213589	236.4009275412156	149.5808064505213	104.89600016703915	-322.20148782135954	104.89600016703994	63.05525179645815	
6.4846378976568335	31.686052462697205	234.20616149907647	-290.95596475598086	234.2061614990758	261.4180808588293	171.7969731735449	-290.9559647559813	171.7969731735457	116.66268638731398	
6.534906408491383	195.44562206710205	235.13336730399635	-262.9809881280345	235.13336730399618	397.08005407703047	203.84870524191217	-262.9809881280347	203.8487052419128	162.66874706286453	
6.585174919325932	351.1448152272557	233.37764110559823	-239.08327353924562	233.37764110559823	522.6640259105865	201.8677998749463	-239.0832735392458	201.86779987494668	202.29532546669785	
6.635443430160481	472.10048913625843	229.17574115463364	-216.48160122439853	229.17574115463356	594.8896223792775	173.955252710271	-216.48160122439862	173.95525271027117	240.95839466459182	
6.68571194099503	565.6041904550402	218.6944591533691	-193.1608748261549	218.6944591533687	609.955968321512	128.26133947672682	-193.160874826155	128.2613394767268	280.57639252742	
6.73598045182958	633.7864872280957	191.76809104694212	-173.8533402944317	191.76809104694138	594.6465116640818	71.16030852989553	-173.85334029443194	71.16030852989529	314.2995273208215	
6.7862489626641285	664.272625526462	142.7277571744826	-167.09809974766912	142.7277571744815	561.9770871893021	9.683566416355871	-167.0980997476697	9.683566416355568	330.19648694215556	
6.836517473498677	657.1502280524435	74.95804254327844	-175.0759822212405	74.95804254327713	504.3420287184557	-46.47421339384151	-175.07598222124145	-46.474213393841694	319.3069278086754	
6.886785984333226	632.7528641965141	-3.960842523820215	-189.32519241596637	-3.9608425238215226	422.7159510046837	-86.66537907950159	-189.3251924159676	-86.66537907950158	280.3645404291626	
6.937054495167776	607.0302991080276	-79.3557596181666	-197.10383566708703	-79.3557596181677	340.0032974573471	-104.12225724263068	-197.1038356670883	-104.12225724263054	221.31577653906697	
6.987323006002325	576.9762316436319	-125.09773286367036	-190.16922147067496	-125.09773286367121	286.7550511711555	-99.02353329512752	-190.1692214706759	-99.02353329512744	159.24876306161477	
7.037591516836874	537.2795685210992	-117.64617814906224	-169.46530840527598	-117.64617814906272	285.5830605473094	-76.56359384392749	-169.46530840527646	-76.56359384392755	115.46735950787672	
7.0878600276714225	497.21845832619647	-59.87814953296905	-145.29641681203893	-59.878149532969196	347.48715683147293	-43.164564670677535	-145.29641681203893	-43.16456467067758	105.3811346188116	
7.138128538505972	472.1871223096835	15.650268865637955	-132.24038164884962	15.650268865637969	465.92880794337066	-4.691524466704165	-132.24038164884922	-4.691524466703837	130.42292563817026	
7.188397049340521	459.35494573541655	66.36353468653039	-139.07818562450876	66.36353468653027	601.9871525699767	34.2223842860908	-139.0781856245082	34.2223842860917	177.65785348807583	
7.23866556017507	428.6883310312346	61.208893998971575	-160.52585373469662	61.20889399897108	684.5323145570537	70.75863771377246	-160.5258537346961	70.7586377137738	225.9583610522056	
7.28893407100962	347.6929120648002	-5.416307214059117	-179.7692326565271	-5.416307214059884	646.4988437284181	103.04282839047545	-179.7692326565269	103.04282839047696	255.74675445610282	
7.339202581844169	216.00954182978495	-109.9248366946334	-181.69286480560217	-109.92483669463421	467.0377960252839	128.01235904621234	-181.69286480560243	128.01235904621373	258.89365773821174	
7.3894710926787175	72.14949105622418	-215.24515931845164	-163.69710858050416	-215.24515931845218	177.86331365942675	140.66487575821566	-163.69710858050485	140.6648757582169	242.6464370532017	
7.439739603513266	-30.746175886737106	-299.4644239583891	-132.16859734108834	-299.46442395838926	-152.85984162822382	136.458065911066	-132.1685973410893	136.45806591106714	224.31093625167722	
7.490008114347816	-59.61622481433996	-364.68041239826914	-91.83562359017574	-364.680412398269	-434.7924283911847	115.06523345510911	-91.83562359017672	115.0652334551101	221.60316154397432	
7.540276625182365	-20.083954178321676	-412.3748368876751	-44.15919262252689	-412.37483688767486	-578.1058093613547	82.14609508716438	-44.15919262252778	82.14609508716521	245.2055633751866	
7.590545136016914	53.6987011449513	-424.9429486922346	6.39247627166505	-424.9429486922344	-537.5281347342578	48.411867655078176	6.392476271664296	48.41186765507887	295.2631445292162	
7.640813646851463	129.00748396387908	-385.26672259461907	52.458296196179575	-385.2667225946192	-353.7960483647379	26.933409035143114	52.45829619617895	26.93340903514376	362.2779177625636	
7.691082157686012	194.67102457551374	-307.35695382844233	91.46626205043947	-307.356953828443	-138.8014560177769	28.207133035064388	91.46626205043893	28.20713303506507	431.67392012237053	
7.741350668520561	260.0544005297573	-232.08781983934335	128.17522986019074	-232.08781983934432	-0.9806525214541608	55.067451007133	128.1752298601903	55.06745100713378	487.9316896810391	
7.79161917935511	337.710440987074	-191.16699629778884	167.1912375411971	-191.1669962977897	15.171600089871419	102.56093642402573	167.19123754119676	102.56093642402665	517.7560882801683	
7.841887690189659	425.472143071084	-178.0959644736834	205.42839575848544	-178.09596447368406	-71.04134953152408	160.87416774117517	205.4283957584852	160.87416774117634	516.7424844786952	
