# Stress in units of bar (10^5 Pa)
# z	Sxx	Sxy	Sxz	Syx	Syy	Syz	Szx	Szy	Szz
0.0	-366.2718058909312	89.7348842717301	77.02544665164653	89.73488427173017	-283.55663492263403	252.98993817510575	77.02544665164737	252.9899381751062	-20.22290783842522	
0.05233848880546625	-352.56445125103096	56.36159528415478	81.82563739927336	56.36159528415492	-330.76741460513415	255.41490966199694	81.82563739927421	255.41490966199746	-22.544859368578454	
0.1046769776109325	-328.26072835378125	25.91309316757766	87.07415967862849	25.913093167577877	-363.3157663841162	250.13382890561624	87.0741596786294	250.13382890561675	-22.73913264074947	
0.15701546641639874	-295.5103521274634	1.1530086257851764	92.30643318418309	1.1530086257854322	-384.075779988011	237.3809890184789	92.30643318418404	237.3809890184794	-21.629013286620545	
0.209353955221865	-256.5598375927398	-15.572172300849278	97.0612163557843	-15.572172300848969	-396.6550286439053	217.87414414544344	97.06121635578528	217.87414414544378	-20.009849929545844	
0.2616924440273313	-213.22158763630097	-22.50373939156551	100.99209999408586	-22.503739391565183	-404.59901224943053	192.74623202302473	100.99209999408686	192.74623202302502	-18.538182717194417	
0.3140309328327975	-166.8545331433169	-18.80006266849108	103.90969027565754	-18.80006266849071	-410.57687653571816	163.45803191677683	103.90969027565853	163.45803191677703	-17.684940046071766	
0.36636942163826375	-118.16111762802669	-4.591608214425072	105.84829581902002	-4.591608214424696	-415.8823772185881	131.65318911431166	105.84829581902098	131.65318911431174	-17.703677904278468	
0.41870791044373	-67.70227618952032	19.032061079870253	107.06328262961642	19.032061079870665	-420.46248528624574	99.01296596853805	107.06328262961733	99.01296596853811	-18.680531922537767	
0.4710463992491963	-15.7299561576053	50.216469800671035	107.96333819862116	50.21646980067149	-422.9716935191172	67.1322724499892	107.96333819862197	67.13227244998924	-20.58214575403012	
0.5233848880546625	36.92263983485903	86.49944899450178	109.04178084064024	86.4994489945023	-421.30018922479826	37.3919256309623	109.04178084064095	37.391925630962334	-23.31100784698375	
0.5757233768601288	89.07273466030534	125.29496973507548	110.78027982595076	125.29496973507611	-413.4601390873712	10.853258969345005	110.78027982595138	10.853258969345077	-26.779795094031844	
0.628061865665595	138.43668028814645	163.96379301974872	113.56080948613314	163.96379301974946	-397.8804189851592	-11.796233178895795	113.56080948613364	-11.796233178895658	-30.966769967299232	
0.6804003544710613	182.1426547640266	200.20492712986692	117.56300593074275	200.20492712986788	-373.89640224277105	-30.30623775208861	117.56300593074312	-30.306237752088393	-35.93393216082344	
0.7327388432765275	216.70904813092756	232.08114339890025	122.71971089008736	232.08114339890147	-342.1728036433184	-44.84055733208308	122.71971089008767	-44.84055733208277	-41.823413950738534	
0.7850773320819938	238.46037746617893	258.28446578678853	128.6703516553726	258.28446578679	-304.1479771208525	-55.95049502534157	128.67035165537288	-55.95049502534116	-48.8142919749595	
0.83741582088746	244.2852725205063	277.9577796434881	134.8308013847354	277.95777964348974	-262.1162375348889	-64.49450225825814	134.83080138473565	-64.49450225825765	-57.01903943729226	
0.8897543096929262	231.83415579664614	290.7901368660414	140.41309686073328	290.7901368660433	-218.64944765861202	-71.47468349364021	140.41309686073356	-71.47468349363967	-66.36696692236593	
0.9420927984983926	200.41483520790172	296.8820296215341	144.52197778020903	296.8820296215362	-176.18489237735767	-77.83600629743728	144.52197778020934	-77.83600629743671	-76.50577971923379	
0.9944312873038588	150.82262819826408	296.7528683178446	146.28979386691356	296.7528683178469	-136.85624816887045	-84.28154271106617	146.2897938669139	-84.28154271106555	-86.73218158092762	
1.046769776109325	85.77646117742898	291.16965779815615	145.016664691151	291.1696577981584	-102.11005740180458	-91.16524646403151	145.01666469115142	-91.16524646403093	-95.96506413511486	
1.0991082649147912	9.218047970071819	280.9663928568587	140.30260052660188	280.966392856861	-73.02877363500176	-98.37262426858905	140.30260052660233	-98.37262426858847	-102.80681704991008	
1.1514467537202575	-73.56808861505161	266.91804959549137	132.15820577584182	266.9180495954936	-50.07130447315386	-105.2894019124054	132.1582057758423	-105.28940191240484	-105.68834684927484	
1.2037852425257238	-157.18874986913607	249.72229927567565	121.07160881129082	249.7222992756776	-33.376572724697496	-110.92984406352687	121.07160881129136	-110.92984406352637	-103.12169133700658	
1.25612373133119	-236.02178817625406	229.86119416743014	107.99934385118854	229.861194167432	-22.771844313689577	-114.1309920822074	107.99934385118912	-114.13099208220694	-93.9487537823452	
1.3084622201366563	-305.3100819053081	207.69943500540555	94.2386728182859	207.69943500540717	-17.860865678116127	-113.79767529310959	94.23867281828646	-113.79767529310917	-77.57244754498329	
1.3608007089421226	-360.92845324908706	183.64913671239472	81.23276840345282	183.64913671239617	-17.571821296823003	-109.16277384243631	81.23276840345343	-109.16277384243594	-54.14881212107949	
1.413139197747589	-400.1026546875646	158.2337288791672	70.31978801927642	158.23372887916847	-20.449449015371023	-100.00647580586565	70.31978801927701	-100.00647580586529	-24.69501998510848	
1.465477686553055	-421.1058834138711	132.40589248373064	62.44488784685584	132.40589248373175	-24.456687897586377	-86.73682291805044	62.44488784685641	-86.73682291805008	8.91424615795745	
1.5178161753585213	-423.6454213827107	107.37807089715915	58.021403076435035	107.3780708971602	-27.018034445267403	-70.37868738380922	58.02140307643562	-70.37868738380888	44.06886668466508	
1.5701546641639876	-408.5581422709489	84.66213021975072	56.825499933680305	84.66213021975162	-25.46332781384939	-52.37637920950459	56.82549993368089	-52.37637920950428	77.60989221899148	
1.6224931529694537	-377.75493513936067	65.79123273240269	58.08291625742774	65.79123273240347	-17.29813853278921	-34.36263039087665	58.08291625742828	-34.36263039087636	106.14971773051292	
1.67483164177492	-334.3704499665758	51.96558022925255	60.67211209422779	51.96558022925325	-0.7834579047634236	-17.910741650499798	60.67211209422829	-17.910741650499546	126.44027914494896	
1.7271701305803864	-282.14491394285136	43.68945914510816	63.37708751707332	43.689459145108756	24.833354962979655	-4.284442551528542	63.377087517073775	-4.284442551528265	135.7786635710035	
1.7795086193858525	-225.3335640951268	40.650127356843306	65.1925984170695	40.65012735684377	59.2644422059214	5.679312309669861	65.19259841706995	5.679312309670031	132.45478587504323	
1.8318471081913188	-168.13714516121462	41.568980822968506	65.5712389523822	41.56898082296875	100.77333075222694	11.59724547186897	65.57123895238259	11.597245471869105	116.12654726336422	
1.8841855969967851	-114.29279964979645	44.42671330081396	64.56876937317435	44.42671330081403	147.14330760540454	13.399743832021688	64.56876937317467	13.399743832021723	88.15096126876328	
1.9365240858022512	-66.65981790714977	46.92991422633848	62.82130734013257	46.929914226338454	195.72923483667304	11.16633157651124	62.821307340132854	11.166331576511254	51.633147228697226	
1.9888625746077175	-26.957987637013915	46.98720728411514	61.45136150792378	46.98720728411492	244.01712845590478	4.92666113157814	61.451361507924034	4.9266611315780295	11.27304495193674	
2.0412010634131836	4.283316700551978	43.08897591868535	61.8381673345389	43.08897591868508	289.89262062216835	-5.445457754981376	61.838167334539136	-5.445457754981547	-27.108162504867106	
2.09353955221865	27.447224874756387	34.732256769638056	65.32763801595547	34.73225676963774	331.7813627282104	-20.293427857442524	65.32763801595567	-20.293427857442737	-57.313692129027885	
2.1458780410241163	43.63127770442367	22.424012981353137	72.87148754518985	22.424012981352803	368.61548220646836	-40.08127115248597	72.87148754519008	-40.0812711524862	-73.6859824030789	
2.1982165298295824	54.19495156332965	7.564628567767301	84.75767243193482	7.564628567767102	399.7410600921389	-65.17339127260293	84.75767243193506	-65.17339127260315	-72.03252744575185	
2.250555018635049	60.50734384492398	-7.938776677555893	100.38805892691627	-7.938776677556099	424.7586370946168	-95.62194231904303	100.3880589269165	-95.6219423190433	-50.294738875676	
2.302893507440515	63.578358264505596	-22.090678799441434	118.22059638431338	-22.09067879944149	443.2691025711364	-130.9524356570697	118.22059638431364	-130.95243565706994	-8.956175861364656	
2.355231996245981	64.2571850552261	-33.06792814737595	135.9080943066629	-33.067928147375966	455.0381791063889	-169.97394516322177	135.90809430666312	-169.973945163222	49.024708063582494	
2.4075704850514477	62.93518144926185	-39.610197838898415	150.66106445469646	-39.6101978388983	459.9711262110878	-210.75828428962583	150.66106445469677	-210.75828428962603	118.67797864419113	
2.4599089738569138	59.975981882751285	-40.99229460066323	159.73732133793763	-40.992294600663044	458.1731909149112	-250.75004940069948	159.73732133793794	-250.7500494006996	193.86573854259962	
2.51224746266238	55.48526208903317	-37.00215271981501	160.9301136381593	-37.00215271981478	450.0085493166852	-286.97019676873094	160.93011363815958	-286.97019676873106	268.19247369713884	
2.5645859514678464	49.81880176046383	-27.74818216439226	153.0399041920278	-27.74818216439202	436.26278441534953	-316.3791450886626	153.0399041920281	-316.37914508866265	335.8949927562514	
2.6169244402733125	43.35574555965364	-13.598848578667102	136.11655233612927	-13.59884857866686	417.93421600248394	-336.2837154350243	136.11655233612956	-336.2837154350243	392.4635932777185	
2.669262929078779	36.745585698932146	5.003657745853609	111.46991381068412	5.00365774585384	396.05815664668523	-344.634327933705	111.4699138106844	-344.634327933705	434.99786978684153	
2.721601417884245	30.63146057299575	27.38451533518981	81.4081828373548	27.384515335190017	371.79299227304557	-340.28676428178164	81.40818283735506	-340.28676428178176	462.1820722182658	
2.7739399066897112	25.83092360124902	52.69266852226404	48.832200069690636	52.69266852226422	345.71707023512	-323.11319422793036	48.83220006969086	-323.11319422793036	474.01385650186995	
2.826278395495178	22.818979230291163	79.76439073510541	16.775591114921447	79.76439073510554	318.00516263077094	-293.93921440699387	16.775591114921625	-293.9392144069939	471.42232670334613	
2.878616884300644	21.892587716369093	107.1145210069815	-12.003118322501514	107.11452100698159	288.5242064190175	-254.38810822602494	-12.003118322501344	-254.38810822602494	455.8849446060443	
2.93095537310611	23.032992827560363	133.02712069140404	-35.29657642709219	133.0271206914041	256.4730053249849	-206.62274513739538	-35.29657642709205	-206.62274513739538	429.1422363150886	
2.9832938619115765	25.861875411485453	155.75231709804166	-51.62871205161285	155.75231709804166	221.09842730869892	-153.07126968677636	-51.62871205161271	-153.07126968677636	393.0260930426571	
3.0356323507170426	29.75564189837778	173.74054622604316	-60.189802898251536	173.74054622604314	181.7873621131356	-96.14791682081069	-60.18980289825142	-96.14791682081072	349.4510224521174	
3.0879708395225087	33.79121195674284	185.82640298297827	-60.8776063009021	185.82640298297824	138.686117360912	-38.05968529409973	-60.877606300901974	-38.05968529409977	300.45588933706665	
3.1403093283279753	37.076107958853726	191.51730628714412	-54.18576427530839	191.5173062871441	92.91838308093517	19.384370271303787	-54.18576427530827	19.38437027130374	248.2289032711459	
3.1926478171334414	38.64735346712477	190.95519345969356	-41.135295602714336	190.95519345969353	46.62314470957166	74.86753001620323	-41.13529560271425	74.86753001620318	194.99150446399756	
3.2449863059389075	37.757394833526824	184.98656988287544	-23.238327088286084	184.9865698828754	2.9427818762328712	127.4717575916294	-23.238327088285985	127.47175759162934	142.87604130655257	
3.297324794744374	33.62463719135798	174.88817835210006	-2.3899118750118937	174.88817835209994	-34.681812137637095	176.5752655725552	-2.389911875011782	176.5752655725551	93.70675743236058	
3.34966328354984	25.93907533071015	162.0050447957326	19.28176491406033	162.00504479573254	-62.98090561696264	221.70914647837287	19.28176491406043	221.70914647837282	48.88086131664486	
3.402001772355306	14.378614420844983	147.70459170315448	39.68533163389707	147.70459170315442	-79.79448385524427	262.3736070124603	39.68533163389719	262.3736070124602	9.282272222216122	
3.4543402611607728	-0.6495161808889804	132.95528748920913	57.029404423756475	132.95528748920904	-84.37360521922702	297.86994998867186	57.029404423756596	297.8699499886717	-24.692137910797246	
3.506678749966239	-18.604520942506092	118.2201715654367	70.06748113693274	118.22017156543662	-78.00358630087587	327.3006690490563	70.06748113693286	327.30066904905624	-52.95348988926105	
3.559017238771705	-38.205601255844996	103.56672646574657	78.27990872928447	103.56672646574654	-63.366870850563416	349.62830998500726	78.27990872928459	349.6283099850072	-75.57288697202866	
3.6113557275771715	-57.63986698438284	88.68582654683684	81.96749404927095	88.6858265468368	-43.970901227365474	363.8797810579717	81.96749404927102	363.8797810579716	-92.66603970114586	
3.6636942163826376	-74.65323768656602	73.32958204633005	82.0957963714966	73.32958204633	-23.704530579213134	369.4324712070297	82.09579637149669	369.4324712070297	-104.34660198257504	
3.7160327051881037	-86.99735548455678	57.29960068087185	80.1084925146255	57.29960068087182	-5.515966936969988	366.2555096158577	80.10849251462558	366.2555096158577	-110.84294991448633	
3.7683711939935702	-92.52407324449139	40.95306668658047	77.61561570989448	40.95306668658047	8.682278689167305	355.0685903721416	77.61561570989457	355.0685903721416	-112.72540650748167	
3.8207096827990363	-89.41281790019804	25.267632074048255	76.00580981562447	25.267632074048247	18.542228761606466	337.33421355498456	76.00580981562456	337.33421355498456	-111.08707585669038	
3.8730481716045024	-76.6951393238607	11.629732947505126	76.15309873196544	11.629732947505147	24.858150577837748	315.0538453619481	76.15309873196551	315.05384536194816	-107.68649259036665	
3.925386660409969	-54.25189529893366	1.8956241440917392	78.16735591156075	1.8956241440917463	29.19784362894009	290.4491968003749	78.16735591156086	290.4491968003751	-104.85545983744635	
3.977725149215435	-22.828349517176036	-2.1102063856741538	81.33010211329655	-2.110206385674111	33.38741290867513	265.5492334396472	81.33010211329666	265.5492334396473	-105.21734322906482	
4.030063638020901	15.984892362450886	0.9463629363240464	84.21303011498443	0.9463629363240411	38.59268298462433	241.88027617198986	84.21303011498455	241.88027617199	-111.22204421527306	
4.082402126826367	60.09969050818728	11.686063261674448	84.97483138587168	11.686063261674505	45.35724235979697	220.23267565407528	84.97483138587182	220.23267565407545	-124.57354156017286	
4.134740615631834	107.10578246210427	29.542768886179935	81.77986132822622	29.542768886179985	53.376401241999474	200.57049436661097	81.77986132822636	200.5704943666112	-145.7925334500982	
4.1870791044373	154.96688380262208	53.01068215941483	73.2239189004528	53.0106821594149	61.94967447909253	182.1465536206627	73.2239189004529	182.14655362066287	-173.89568583567132	
4.2394175932427665	201.69423442131188	79.44434403109383	58.815649680327994	79.44434403109389	70.0723981106371	163.73362474087367	58.815649680328136	163.73362474087384	-206.4238552378014	
4.291756082048233	246.0807107597044	105.72613082516855	39.235678855991736	105.72613082516858	76.80451688126416	143.87919534555596	39.23567885599185	143.8791953455561	-239.74277542426637	
4.344094570853699	287.11600996687076	128.67845047819998	16.317514367906966	128.67845047819998	81.33717419199448	121.14301503093125	16.31751436790709	121.1430150309314	-269.69682464395197	
4.396433059659165	323.95311010140165	145.64288885392946	-7.151521837601589	145.64288885392946	83.16743680447263	94.37420117840267	-7.151521837601495	94.37420117840276	-292.30995459297515	
4.448771548464632	355.7297521882549	154.8213881056379	-27.916034586987024	154.8213881056379	81.9058181098326	62.91387133100877	-27.916034586986953	62.913871331008814	-304.4898988748794	
4.501110037270098	381.3022873474615	155.59412676926524	-42.874246703480125	155.59412676926527	77.25610432007855	26.68476134347688	-42.87424670348006	26.684761343476875	-304.5648504943148	
4.553448526075564	399.43707693785404	148.5974845969677	-49.69625172103502	148.5974845969677	68.93373322405515	-13.71883135886867	-49.69625172103498	-13.718831358868705	-292.50000508864576	
4.60578701488103	408.8474007990193	135.4480151438936	-47.298922522355426	135.4480151438936	56.813452321091916	-57.026894352927705	-47.2989225223554	-57.02689435292777	-269.85395616655984	
4.658125503686496	408.693909457924	118.37864283932399	-36.075137382308355	118.37864283932399	41.15340522007256	-101.3625984610177	-36.07513738230835	-101.36259846101778	-239.33696744250062	
4.710463992491962	399.1615768449486	99.71261568991316	-17.797676687880315	99.71261568991314	22.61455782310722	-144.35114208374316	-17.797676687880294	-144.3511420837432	-204.26016346081462	
4.762802481297429	381.50220825327904	81.60486730208915	4.739784815316016	81.60486730208908	2.4421870941746278	-183.3626920568113	4.739784815316044	-183.36269205681137	-167.988295912146	
4.815140970102895	358.3847544137126	65.5523360216147	28.252429450462884	65.55233602161469	-17.446072171518466	-215.82177197130264	28.2524294504629	-215.82177197130272	-133.43178961078885	
4.867479458908361	333.34459321137274	52.427899232104295	49.60386397757544	52.42789923210435	-34.84368755960857	-239.51405297388843	49.60386397757547	-239.51405297388843	-102.65911310820111	
4.9198179477138275	310.51371500757233	42.46753842433574	66.31723583430653	42.4675384243358	-47.353646711071676	-252.88304171742504	66.31723583430653	-252.88304171742504	-76.75115230315964	
4.972156436519294	293.63271611323256	35.490069942517835	76.9302699673291	35.49006994251795	-52.880536633935534	-255.22207735610107	76.9302699673291	-255.22207735610107	-55.8031006724045	
5.02449492532476	285.7285137388206	31.22535263515283	81.10969744181433	31.225352635152973	-49.9316092969268	-246.77134882369893	81.10969744181435	-246.77134882369884	-39.03151601618095	
5.076833414130227	288.2957968173389	29.359588125647008	79.5129517449777	29.359588125647264	-37.602764652200605	-228.62572489077456	79.51295174497768	-228.6257248907745	-25.017880289793357	
5.129171902935693	301.4288974222864	29.84746474041671	73.46158093889679	29.847464740417053	-15.73950844417952	-202.53177116059248	73.46158093889676	-202.53177116059243	-12.019580437103626	
5.181510391741159	323.75114279092134	32.70740676301483	64.5474673938563	32.7074067630153	14.893609594264742	-170.6422825591578	64.54746739385628	-170.64228255915774	1.6642579141738203	
5.233848880546625	352.83190239757374	37.905039354648025	54.29104378714795	37.90503935464861	53.026683938852145	-135.23345693955	54.291043787147935	-135.23345693954997	17.3246814302624	
5.286187369352091	385.2857578998287	45.128853428623124	43.80157642722785	45.12885342862377	96.58737305640348	-98.47212841877675	43.801576427227864	-98.47212841877665	35.56574139914141	
5.338525858157558	417.4662831917319	53.64418048234291	33.68722911168657	53.64418048234358	143.215519420801	-62.26013789441851	33.687229111686605	-62.26013789441847	56.179112482290144	
5.390864346963024	445.5255126313504	62.330373620421625	24.141657379000733	62.33037362042246	190.11325957368533	-28.140520155357912	24.141657379000833	-28.140520155357844	78.1369288432022	
5.44320283576849	465.74867747071903	69.72420291172425	15.107442155140124	69.72420291172517	234.26123798062775	2.6749843669463083	15.107442155140282	2.6749843669463935	99.7843435149765	
5.495541324573956	474.8836652802841	74.36290452047088	6.517520396788259	74.36290452047186	272.8690946165825	29.29039026162716	6.51752039678849	29.29039026162727	119.16145843599872	
5.5478798133794225	470.1784198954512	74.98077440394404	-1.5109258946113542	74.98077440394506	303.4970363676307	51.071948210468165	-1.51092589461107	51.07194821046828	134.38040130974593	
5.600218302184889	449.9213879564654	70.93658951551777	-8.51738026968399	70.93658951551879	324.5621002231302	67.64242829187376	-8.517380269683631	67.6424282918739	143.9983201960913	
5.652556790990356	413.4542164142152	62.213473951176184	-13.680009688131674	62.213473951177214	335.6358440440755	78.81293870078294	-13.680009688131284	78.8129387007831	147.2539716810075	
5.704895279795822	361.58784584949365	49.503736556134285	-15.95337558306828	49.50373655613533	337.5398540266258	84.62448797296165	-15.953375583067857	84.62448797296187	144.2079662854165	
5.757233768601288	296.45644895631176	34.037732038201646	-14.298057727064876	34.037732038202634	332.3944357323393	85.33803165693632	-14.298057727064446	85.3380316569366	135.65576172241012	
5.809572257406754	221.45111257438464	17.26294137623745	-7.912825425120197	17.262941376238373	323.41258593355224	81.43895454251992	-7.912825425119792	81.43895454252024	122.94070606904616	
5.86191074621222	141.19053353153322	0.7309689502677799	3.5299930906670056	0.7309689502686183	314.24441101465476	73.63637438347104	3.5299930906673396	73.63637438347139	107.73847884372152	
5.914249235017686	60.63552776922501	-14.302464426487134	19.742933116359804	-14.302464426486438	308.5086235007969	62.83365879243722	19.742933116360067	62.83365879243762	91.82341213574949	
5.966587723823153	-15.34305596858232	-26.934641559964682	39.85103353122625	-26.934641559964113	308.8779536430169	50.05480478650388	39.85103353122642	50.05480478650431	76.83761371088687	
6.018926212628619	-82.48204118998667	-36.660989765702475	62.49378137347117	-36.66098976570205	316.5694056049238	36.37458030019749	62.493781373471236	36.37458030019795	64.15559658303437	
6.071264701434085	-137.5665289602649	-43.461598418511656	86.04637021196893	-43.461598418511386	331.0447542429561	22.81476644579806	86.04637021196889	22.814766445798526	54.74418085670022	
6.123603190239551	-178.8473722648585	-47.67329634436231	108.85139270087379	-47.673296344362086	350.0169520806714	10.220681386919692	108.85139270087366	10.220681386920111	49.088194043162126	
6.1759416790450175	-205.78481649051952	-49.74973700652744	129.48141046811904	-49.74973700652731	369.9957965332449	-0.8351018072491243	129.48141046811884	-0.8351018072487797	47.16819593351157	
6.2282801678504836	-219.05960180468392	-50.40325728356772	146.92512119298695	-50.40325728356759	386.84385157305627	-10.114713217476144	146.92512119298667	-10.11471321747592	48.48304033949692	
6.2806186566559505	-220.20201190691424	-50.18003016692046	160.68848726309326	-50.18003016692031	396.8217951565102	-17.708790323590083	160.68848726309287	-17.708790323590016	52.13782214167142	
6.332957145461417	-211.49499423574264	-49.57436024347999	170.85808182891967	-49.57436024347976	397.22934637528385	-24.014403824455677	170.85808182891927	-24.014403824455815	56.950854715551785	
6.385295634266883	-194.94599189466751	-48.764404386674286	177.97172022815292	-48.764404386673974	387.0959192612977	-29.606353843837958	177.9717202281525	-29.60635384383834	61.627434738608656	
6.437634123072349	-173.09780304504653	-47.71403790638732	182.92573046062643	-47.71403790638679	367.41964988027877	-35.09861354297183	182.92573046062597	-35.09861354297247	64.90695710700929	
6.489972611877815	-148.02772482505915	-46.279127834274966	186.78097943016854	-46.27912783427424	340.6729961434597	-40.97870176823162	186.78097943016814	-40.97870176823252	65.76722968671244	
6.542311100683281	-121.99871697058263	-44.169518527610734	190.52800228819098	-44.169518527609824	310.26982487054704	-47.49779317514261	190.5280022881906	-47.49779317514378	63.48266222949508	
6.594649589488748	-97.28876585573478	-41.10544472736017	194.89648568606137	-41.10544472735906	279.6843334178827	-54.608862957845986	194.89648568606106	-54.60886295784739	57.7211370861565	
6.646988078294214	-76.19745977125464	-37.01854041832006	200.20021695160463	-37.018540418318764	251.545544206587	-61.92357506222974	200.2002169516044	-61.92357506223137	48.549870134942665	
6.69932656709968	-61.14676712257088	-32.077420135441926	206.2656362779768	-32.077420135440505	227.0091029785925	-68.78863437407917	206.2656362779766	-68.78863437408097	36.39459515615059	
6.751665055905146	-54.333595520510954	-26.697870820712183	212.48757301737848	-26.697870820710598	205.58670665034123	-74.39353088349071	212.48757301737837	-74.39353088349263	21.97324381359771	
6.804003544710612	-57.463027345257146	-21.44132463787341	217.96214754016296	-21.441324637871823	185.22375448364625	-77.9308980780785	217.96214754016287	-77.93089807808046	6.157373426576691	
6.856342033516079	-71.72886181308631	-16.923362944297235	221.6790563794915	-16.923362944295675	163.04500463041876	-78.753426984899	221.67905637949144	-78.75342698490095	-10.109250303553399	
6.9086805223215455	-97.05617091542939	-13.625277086417372	222.7785097240651	-13.625277086415874	136.07435175478622	-76.51690290497105	222.7785097240651	-76.51690290497294	-25.88739949880786	
6.961019011127012	-132.40931737568513	-11.70908217528207	220.7240263331271	-11.709082175280685	102.05169802005742	-71.30436342765044	220.72402633312714	-71.30436342765222	-40.34726966608676	
7.013357499932478	-175.42696105946186	-10.8829553950102	215.39054175229944	-10.882955395008977	60.448752867676475	-63.65551479595376	215.39054175229944	-63.65551479595537	-52.80110047833649	
7.065695988737944	-222.87362208242484	-10.433557997499932	207.06682847715916	-10.43355799749898	12.516641185311073	-54.557169421729746	207.06682847715922	-54.55716942173118	-62.7162083281597	
7.11803447754341	-270.80679022582115	-9.201643855927642	196.33207042407977	-9.201643855926875	-38.47973295323604	-45.337250665872546	196.33207042407983	-45.33725066587375	-69.72988984730196	
7.170372966348877	-315.1709528495311	-5.913411216459245	183.8772731229117	-5.913411216458691	-87.932657255141	-37.47628684815468	183.87727312291173	-37.476286848155695	-73.6522778436828	
7.222711455154343	-352.2028435703206	0.8065314707561555	170.34637017533808	0.8065314707565463	-130.60402813455585	-32.38203386233561	170.34637017533805	-32.382033862336414	-74.41186957689015	
7.275049943959809	-378.8274103659836	11.879324406724436	156.20781376535564	11.87932440672467	-161.2594829634293	-31.161546716714504	156.20781376535564	-31.161546716715158	-72.04373123536028	
7.327388432765275	-393.06857871944146	27.81646982008609	141.7102039393413	27.816469820086212	-175.73059171546154	-34.394629982970855	141.7102039393413	-34.39462998297135	-66.66711936749697	
7.379726921570741	-394.0349287801239	48.387400640660815	126.94664234212074	48.38740064066083	-171.40677371140777	-41.99479938207696	126.94664234212078	-41.99479938207736	-58.46650955531062	
7.432065410376207	-381.9465061876423	72.69474307650047	111.97585477641351	72.6947430765005	-147.55105158650576	-53.1888362965952	111.97585477641361	-53.18883629659552	-47.68498084553268	
7.484403899181674	-358.01855514939575	99.3480866689952	96.94395083379621	99.34808666899525	-105.26504930548685	-66.59851413894305	96.9439508337964	-66.5985141389433	-34.62392812373004	
7.5367423879871405	-324.1146691032932	126.53958494664232	82.19823632009461	126.53958494664238	-47.18757799042065	-80.4313861260963	82.1982363200949	-80.43138612609654	-19.63808735317931	
7.589080876792607	-282.65881492650146	152.56468336308996	68.30764023512646	152.56468336309	22.887335205732075	-92.74176484596177	68.30764023512691	-92.741764845962	-3.1479262429569044	
7.641419365598073	-236.37802005781336	175.9436228787163	56.005143611265225	175.9436228787165	100.46816138671903	-101.70700901272707	56.005143611265815	-101.70700901272733	14.321142504284284	
7.693757854403539	-188.238218144138	195.647339218524	46.05402291728874	195.64733921852422	180.78437675163048	-105.8686201854329	46.05402291728949	-105.86862018543323	32.12305460199353	
7.746096343209005	-141.59837847277598	211.27174815053496	39.0824630672024	211.27174815053525	258.9282196707082	-104.29445393767898	39.0824630672033	-104.29445393767935	49.46429450724849	
7.798434832014472	-99.68144514458561	222.96416498694273	35.412629423646074	222.96416498694305	330.0876133085755	-96.60966800278719	35.41262942364712	-96.60966800278763	65.40632674341359	
7.850773320819938	-66.12072826725637	231.28102453752936	34.983245842599025	231.28102453752965	389.68868167735343	-82.97382714316532	34.9832458426002	-82.97382714316585	78.91563459836898	
7.903111809625404	-43.89627887190943	236.93008896062133	37.32018935202799	236.93008896062162	433.4306587737143	-63.936748338124424	37.320189352029246	-63.93674833812505	88.96110401582042	
7.95545029843087	-35.454999156473875	240.66965274901793	41.64087279529389	240.66965274901827	457.6797408979658	-40.30309817566175	41.6408727952952	-40.30309817566244	94.64673255419223	
8.007788787236336	-42.2019747969925	242.9454894433308	46.986734094265906	242.9454894433311	459.7093957610432	-12.99172923634539	46.986734094267256	-12.99172923634613	95.36712483864125	
8.060127276041802	-63.94790136211644	243.7944019649578	52.421528425933914	243.79440196495798	438.1029286462498	17.080064527307837	52.42152842593524	17.08006452730709	90.94111017583168	
8.112465764847268	-98.95921211500634	242.86881056242368	57.20860755627824	242.86881056242385	393.1732652602882	49.02937156722925	57.20860755627953	49.02937156722855	81.72349308946775	
8.164804253652735	-143.9064218328443	239.42259010434248	60.92437443954165	239.42259010434265	326.97171430114224	81.97712865560085	60.92437443954287	81.97712865560023	68.57738637606208	
8.2171427424582	-194.40050959142144	232.43992075284808	63.50955595487284	232.4399207528482	243.5370410869569	115.01183408206914	63.50955595487398	115.01183408206862	52.804047274680144	
8.269481231263669	-245.28167952462996	220.98374282908136	65.21980315023266	220.9837428290814	148.41074312018355	147.1453398094696	65.21980315023373	147.14533980946925	35.95031863897447	
8.321819720069135	-291.6625671392633	204.2768354766792	66.52525560003751	204.27683547667922	48.052760151524694	177.26545258239068	66.52525560003848	177.26545258239054	19.580866332898815	
8.3741582088746	-329.26457918158087	182.04943334373849	67.97258090374213	182.0494333437385	-50.71443938269303	204.14075994686152	67.97258090374305	204.14075994686158	5.058484954933185	
8.426496697680067	-355.07260571288583	154.68641432602737	70.04407987732829	154.6864143260274	-141.79080085084854	226.49859033447004	70.04407987732917	226.4985903344703	-6.646337326484035	
8.478835186485533	-367.43359414275506	123.30053578390549	73.04052353259499	123.30053578390556	-220.3532148486941	243.12072183794666	73.04052353259583	243.120721837947	-15.064860678157412	
