# Stress in units of bar (10^5 Pa)
# z	Sxx	Sxy	Sxz	Syx	Syy	Syz	Szx	Szy	Szz
0.0	-447.00586619392266	111.21690226140258	40.487868803247096	111.21690226140235	-747.8536382840966	382.26221533086664	40.4878688032475	382.2622153308688	-45.032924139809175	
0.05233848880546625	-417.65922413773825	27.923975897467	63.66135751547722	27.923975897467006	-739.22585316729	393.0253209950428	63.66135751547788	393.0253209950449	-23.782293676428836	
0.1046769776109325	-421.911459519459	-43.787505567137316	96.05787167652457	-43.78750556713696	-622.1328555658226	380.69929697488044	96.05787167652548	380.699296974882	-12.452485920905573	
0.15701546641639874	-389.6722005303102	-118.25335285563685	125.22242854006566	-118.25335285563625	-431.79961621897985	347.49671259696765	125.22242854006676	347.49671259696856	-6.109752879754997	
0.209353955221865	-286.9432210900877	-195.8453540544572	138.64498849973774	-195.84535405445655	-237.74772499666958	296.9985923488976	138.64498849973904	296.9985923488978	-1.4123924527029645	
0.2616924440273313	-147.45835811676352	-252.2294311236917	135.03191054074176	-252.22943112369103	-117.21833564299254	235.21711735234393	135.03191054074327	235.2171173523435	1.4969284684412694	
0.3140309328327975	-42.487300692218355	-260.6087992531474	125.02507069956187	-260.6087992531467	-116.49727193423357	172.5076234950645	125.0250706995635	172.50762349506377	1.6888931876372482	
0.36636942163826375	-22.02018150351887	-212.13467967044755	120.33674120011896	-212.13467967044673	-229.41619749629592	119.4790225964678	120.33674120012054	119.479022596467	-0.5751447529528182	
0.41870791044373	-74.63490763961016	-115.02558079295383	122.08482001506181	-115.02558079295314	-401.31424923709244	77.85028777137535	122.08482001506322	77.85028777137475	-4.525717351505141	
0.4710463992491963	-137.67093840334283	10.223635627732648	120.12380656391366	10.223635627732975	-558.7318983315499	38.60703938673394	120.12380656391488	38.60703938673364	-10.024979976703907	
0.5233848880546625	-144.31013138760667	132.76911780173583	104.85087582088921	132.7691178017357	-651.9482798532549	-6.960776693312141	104.85087582089028	-6.960776693312273	-17.54845290819164	
0.5757233768601288	-66.60981118789624	221.4138824312737	79.83077991275928	221.41388243127324	-676.5303272426601	-56.14092210388961	79.83077991276002	-56.14092210388971	-27.403863655116208	
0.628061865665595	76.6385784318405	261.81033856829634	61.03938319827123	261.8103385682958	-650.3489044949888	-96.91510258680103	61.039383198271466	-96.91510258680114	-38.731187548708746	
0.6804003544710613	244.91412607774683	267.85293034061306	62.70974576806264	267.8529303406127	-579.3865759964193	-118.72535899514006	62.70974576806234	-118.72535899514011	-48.56273967427538	
0.7327388432765275	401.80618736634125	273.41883632994643	85.27929134341136	273.41883632994654	-463.8206932156048	-119.6124627163851	85.27929134341075	-119.61246271638495	-52.12929288831809	
0.7850773320819938	520.9125745588711	305.1181864721687	117.2337667455644	305.1181864721695	-324.953818503804	-105.73139682890414	117.23376674556383	-105.73139682890371	-45.36292473627411	
0.83741582088746	585.5635009151542	360.7166858942926	145.77805808972056	360.71668589429436	-199.3768055587588	-86.0587742220717	145.77805808972025	-86.05877422207104	-29.212450940396064	
0.8897543096929262	595.1986821123759	415.12668719292685	164.5793732821772	415.12668719292964	-108.23116177107507	-66.27599976298218	164.5793732821772	-66.27599976298123	-13.113954697974815	
0.9420927984983926	562.055732912171	440.2030884310259	174.45981379576287	440.20308843102947	-48.51702388796012	-46.99931038282381	174.4598137957631	-46.99931038282256	-12.07492947627128	
0.9944312873038588	485.7626949417663	418.40437324649156	180.43468645217735	418.40437324649577	-11.57200438703461	-28.99098640772663	180.43468645217771	-28.99098640772517	-35.51160608310452	
1.046769776109325	341.8276440539669	352.3753488884535	188.1526955978852	352.37534888845767	2.5927912741332193	-19.130421235710564	188.1526955978857	-19.130421235709218	-78.92845985299371	
1.0991082649147912	120.20772109782409	270.20161654784573	200.7882445432348	270.2016165478495	-7.37701125119915	-28.416208651412045	200.78824454323552	-28.41620865141114	-130.00658804213995	
1.1514467537202575	-134.94293720917025	210.6077298767089	216.04111419529642	210.60772987671191	-30.830878893592114	-63.53508526500187	216.04111419529733	-63.53508526500147	-180.5446236849382	
1.2037852425257238	-352.34026513535144	193.51572626801385	222.56286034323725	193.51572626801598	-47.26314430698264	-120.87284178642088	222.5628603432382	-120.87284178642078	-226.46302763451064	
1.25612373133119	-496.6841415376814	209.3385352866783	200.25555704760217	209.33853528667967	-35.408671951922884	-186.35168254197663	200.25555704760296	-186.35168254197652	-257.469269482514	
1.3084622201366563	-578.4065470218495	236.10837802624815	132.9556285234864	236.10837802624897	19.816344327686153	-239.400822758204	132.95562852348698	-239.40082275820384	-255.4337701862337	
1.3608007089421226	-614.6526008560945	256.16441862236	29.24876141409012	256.16441862236053	111.06103848917087	-260.86277230029395	29.248761414090588	-260.8627723002938	-208.54264305304025	
1.413139197747589	-613.0458106533774	257.32752136384266	-72.18593308152171	257.32752136384295	189.21755253103973	-242.22229999197725	-72.18593308152114	-242.22229999197714	-125.1402827988486	
1.465477686553055	-590.9586398948085	231.00603171304704	-125.70675485467093	231.00603171304726	180.77345742355166	-188.78570188918752	-125.70675485467028	-188.7857018891874	-28.859051946822177	
1.5178161753585213	-581.8484645140041	173.60637984229754	-109.32036349388659	173.6063798422979	47.376226103482054	-114.53785920340019	-109.32036349388585	-114.53785920339996	60.44827795444704	
1.5701546641639876	-610.1554913675164	84.78562672764123	-34.21302672684806	84.78562672764204	-168.15588426365696	-34.14607841930473	-34.213026726847346	-34.146078419304295	138.02639106631744	
1.6224931529694537	-657.3025982051395	-32.81185743057083	66.49617516145256	-32.811857430569475	-356.5809261233819	41.94525119992741	66.49617516145321	41.945251199928	207.56863487011123	
1.67483164177492	-651.2957959931895	-158.95481866816385	152.4960492043023	-158.95481866816203	-416.6702207860436	105.8151214046987	152.49604920430295	105.81512140469944	269.14434850145597	
1.7271701305803864	-512.1040291483505	-240.45460502211648	190.4689703367834	-240.4546050221145	-323.9554885499899	144.62485992186862	190.46897033678408	144.62485992186944	317.8639148140846	
1.7795086193858525	-233.3492655963334	-216.5369928007513	171.29700270257194	-216.5369928007496	-125.21502345472408	138.29942028612354	171.29700270257257	138.29942028612436	352.62562986892726	
1.8318471081913188	82.8336469549944	-80.10435404631305	118.25330236865395	-80.10435404631205	111.1163226894497	76.56605086320921	118.25330236865443	76.56605086320978	377.64968970947007	
1.8841855969967851	289.80575964172215	99.72265224017676	70.12060710676215	99.72265224017676	316.0949993691986	-13.835335507792294	70.12060710676244	-13.835335507792138	385.3547026441677	
1.9365240858022512	304.41986869297136	235.75430647870652	50.659480463717514	235.75430647870556	426.0413592986506	-71.82259287386327	50.65948046371761	-71.82259287386343	339.47333777617223	
1.9888625746077175	165.52987023109026	292.39422985316617	54.167073397680866	292.39422985316446	418.32290834501015	-53.282201846633114	54.16707339768081	-53.28220184663364	193.04522164137865	
2.0412010634131836	-0.11479096087012408	283.1197789126496	56.34305596111738	283.1197789126477	341.7703785794466	19.830355343100948	56.34305596111725	19.830355343100262	-60.34328382298037	
2.09353955221865	-72.25492054347887	222.0952788838676	34.46527875871134	222.09527888386583	287.89409767640336	78.2470252416228	34.46527875871127	78.2470252416222	-355.0284937951658	
2.1458780410241163	-19.701328940354756	111.6488276838718	-16.863228883103403	111.6488276838706	320.24877157827905	75.27993385222135	-16.863228883103375	75.27993385222082	-584.8078027903543	
2.1982165298295824	87.99024342189728	-29.40415971351962	-77.63295562189785	-29.404159713520244	423.6937479276989	26.081012351115803	-77.6329556218977	26.081012351115447	-671.6747982026609	
2.250555018635049	150.12563610353868	-157.96926302193378	-106.29592167759638	-157.96926302193398	520.0060803074409	-21.020530864963774	-106.29592167759614	-21.020530864964016	-604.6563307067702	
2.302893507440515	125.03976921389574	-231.08998932021848	-60.40126276312576	-231.08998932021836	548.9155307382159	-38.851872875457246	-60.40126276312544	-38.85187287545746	-421.56691577558905	
2.355231996245981	58.60970395503381	-226.18649038886022	73.27930044897911	-226.18649038885988	532.8573216554182	-46.994162005216985	73.27930044897948	-46.994162005217206	-170.14683939733155	
2.4075704850514477	23.863240408186527	-150.82706061464415	260.46635309864376	-150.82706061464373	536.5703457761338	-93.46339835439025	260.4663530986442	-93.46339835439052	108.78634722346683	
2.4599089738569138	42.95049655223289	-47.571136994120764	431.3022206829555	-47.57113699412014	576.0836109579242	-211.00718792705268	431.3022206829561	-211.00718792705297	375.41242170600253	
2.51224746266238	84.0667385173929	24.244225811631097	518.211528930072	24.244225811631836	601.5838984976893	-382.18724684995505	518.2115289300725	-382.1872468499553	587.0010436418996	
2.5645859514678464	115.2011366286452	28.407218886630403	491.5952788780912	28.407218886631057	559.8360166432246	-543.8865093645659	491.5952788780917	-543.886509364566	709.6443393006102	
2.6169244402733125	123.41724014098173	-23.669062133366268	367.9620314884749	-23.66906213336584	451.53910516621056	-631.591519612376	367.9620314884754	-631.5915196123761	736.518205898944	
2.669262929078779	93.9662367428572	-85.25748392726861	191.92655419252702	-85.25748392726837	338.25479035724186	-625.1319398262012	191.92655419252748	-625.1319398262013	692.4387131764184	
2.721601417884245	20.688913481011028	-107.23772551801959	13.664995798188038	-107.23772551801952	292.6956857298236	-554.6845819758677	13.664995798188414	-554.6845819758677	617.4852283657793	
2.7739399066897112	-63.283981126073236	-68.23138603905852	-122.90519395275193	-68.23138603905852	318.1622427147431	-467.0808724063778	-122.90519395275169	-467.08087240637775	545.9424022925056	
2.826278395495178	-104.04181704856471	14.635361814624211	-186.64295155855288	14.635361814624162	333.38568684550967	-390.4101917720884	-186.6429515585528	-390.4101917720884	498.53270883166977	
2.878616884300644	-83.89422946016745	105.17617462275223	-172.33585812451395	105.17617462275223	273.5951819380475	-326.0913662116855	-172.33585812451395	-326.09136621168545	484.1025669794975	
2.93095537310611	-32.69451685347056	182.4946870891302	-111.88728436787127	182.4946870891302	187.0160314582726	-261.6502250778884	-111.88728436787136	-261.6502250778884	498.40405524165493	
2.9832938619115765	17.06114335744458	249.968921076732	-61.150163172399836	249.96892107673204	180.48490806433975	-184.69149714125933	-61.15016317239996	-184.6914971412593	521.5460381604653	
3.0356323507170426	61.05014453576447	312.27260047652743	-63.55477257982074	312.2726004765275	281.09862272426676	-92.2708315831601	-63.55477257982085	-92.27083158316009	521.8258677079886	
3.0879708395225087	102.80015774266495	357.4103018978438	-120.81814568927365	357.4103018978436	396.8003258785517	5.458898292362348	-120.81814568927368	5.4588982923622815	466.8901436266194	
3.1403093283279753	124.22020185033517	365.2745141810938	-193.22663276183505	365.27451418109354	410.2449860720533	93.34650216604257	-193.226632761835	93.34650216604248	341.0173116469393	
3.1926478171334414	98.52655340317119	324.8817681325127	-225.23864123930082	324.88176813251243	275.98033135896156	164.3581298015407	-225.23864123930076	164.35812980154066	163.1768026183817	
3.2449863059389075	32.674526888246504	244.72985067820807	-180.35446152505045	244.72985067820787	27.987011828377376	218.77846425348028	-180.35446152505028	218.77846425348025	-12.789651779197136	
3.297324794744374	-19.713229319604494	154.12406084770768	-65.52522010802991	154.12406084770754	-260.95856800794286	251.56962794873522	-65.52522010802969	251.56962794873516	-128.10156380328775	
3.34966328354984	-4.043379610257119	88.97225387954659	73.64862299138076	88.97225387954653	-502.6962526947393	253.36042871251732	73.64862299138095	253.3604287125172	-157.16625869387065	
3.402001772355306	76.8071237176986	65.8413322185466	184.45211209664865	65.84133221854657	-612.3517855947725	232.0295539489507	184.45211209664882	232.0295539489505	-117.4859891082967	
3.4543402611607728	157.94232632733227	70.28259114713171	237.3948877985485	70.28259114713171	-550.175121163218	226.14109404019894	237.3948877985486	226.14109404019868	-49.14556303168077	
3.506678749966239	165.15525770247424	76.49628778793144	233.57892187549044	76.49628778793141	-350.9923584279695	282.5182384424335	233.57892187549055	282.5182384424333	5.9791399021647145	
3.559017238771705	72.76922622958446	77.37877178824816	193.77396251537806	77.37877178824809	-95.94893810006788	410.8404470088454	193.77396251537817	410.84044700884516	13.114381377085827	
3.6113557275771715	-77.58173077765066	89.29002540070562	143.49134393336743	89.29002540070553	143.39317868592315	562.4108053139104	143.49134393336757	562.4108053139104	-43.73556396432384	
3.6636942163826376	-206.07035783308703	124.98177115036756	100.46384419691213	124.98177115036748	323.2651890365576	660.3187932308567	100.46384419691225	660.3187932308567	-148.0992033098723	
3.7160327051881037	-254.53633600100665	165.65952272073517	67.30347451604928	165.6595227207351	403.0449333477066	653.455320185502	67.30347451604933	653.4553201855022	-256.7086098955164	
3.7683711939935702	-234.02027963955072	168.84024208879362	34.98889389638268	168.84024208879362	341.8371915496341	546.7929142117159	34.9888938963827	546.792914211716	-323.8069831743478	
3.8207096827990363	-210.5236111003447	108.8271995359923	-3.099327720110865	108.82719953599228	146.60792937340148	391.1245463025701	-3.0993277201108618	391.12454630257014	-319.5652151807524	
3.8730481716045024	-230.91409335920423	5.437966110571622	-38.38979272744183	5.4379661105715655	-93.23721664930807	248.257883921759	-38.38979272744181	248.2578839217591	-236.5771973056921	
3.925386660409969	-265.1108378406647	-95.04145048586409	-49.13660284226597	-95.04145048586415	-255.87736647244196	156.96065082092622	-49.1366028422659	156.9606508209263	-97.08358806346703	
3.977725149215435	-238.18335515410598	-164.30670134968102	-17.776669038568528	-164.30670134968108	-275.57211764509753	120.55066867236928	-17.776669038568386	120.55066867236943	46.074184040920784	
4.030063638020901	-117.00070007596615	-206.02795971011963	51.95245950182958	-206.02795971011966	-169.56247680829293	120.69078668749461	51.95245950182977	120.6907866874948	135.31551189767674	
4.082402126826367	55.67800280029361	-225.13811873862585	137.28506043314047	-225.13811873862574	2.453721277469043	139.5670433886457	137.2850604331407	139.56704338864597	148.67075431505643	
4.134740615631834	211.88828267926365	-200.34937945527236	217.26322538605342	-200.34937945527219	173.1016435900363	168.81034130463973	217.26322538605368	168.81034130464002	109.35173860724618	
4.1870791044373	314.9702262237935	-103.68997323733879	282.7846566099622	-103.68997323733853	274.978268075319	202.0609432879035	282.7846566099625	202.06094328790385	46.80266116042888	
4.2394175932427665	361.6546505168829	57.30558533556091	318.38307765200125	57.305585335561105	264.3182633642855	226.5788444595928	318.3830776520016	226.5788444595932	-46.483562275348135	
4.291756082048233	361.53253860489116	230.7955075917751	288.0640261280115	230.79550759177522	161.77346320251962	227.85639145516043	288.06402612801185	227.85639145516083	-206.29658217467298	
4.344094570853699	332.2999230270426	357.95388734220523	163.05124139587988	357.95388734220523	48.17942748395731	202.55017242706953	163.05124139588017	202.5501724270699	-438.89909372096866	
4.396433059659165	296.24106071853686	412.3662751263149	-34.62375439257495	412.3662751263148	-4.758886446286311	162.44637854409046	-34.623754392574796	162.4463785440907	-676.7209539829736	
4.448771548464632	265.82935236920343	401.77446088125345	-232.49785313917158	401.77446088125333	7.205847149572691	123.77690169478596	-232.49785313917155	123.77690169478605	-803.8217920516554	
4.501110037270098	254.32646231881048	345.39508847899333	-357.5737857608908	345.39508847899333	41.55463101539789	93.5737605933543	-357.5737857608909	93.57376059335425	-740.9876515206479	
4.553448526075564	310.40126727460785	261.37025176167685	-381.64026721551	261.3702517616769	76.48871965569793	65.21034106355229	-381.6402672155101	65.21034106355211	-516.9410758325337	
4.60578701488103	493.98543781292733	166.72759446839723	-323.35484742153056	166.7275944683974	132.91534539445576	24.74420137624226	-323.3548474215306	24.74420137624195	-255.47320714388212	
4.658125503686496	770.252119716362	73.86532688150812	-219.68799445427626	73.86532688150834	219.4506339469379	-39.12437819636163	-219.68799445427635	-39.12437819636205	-83.86584560384674	
4.710463992491962	962.8479961991881	-10.56057234598265	-97.63384698034572	-10.560572345982564	276.41820405885926	-130.31133088833252	-97.63384698034574	-130.311330888333	-43.67633399092427	
4.762802481297429	884.5047144172554	-74.71394517109177	33.345215473602934	-74.71394517109181	207.97099290207598	-245.6239438377466	33.345215473603034	-245.62394383774705	-79.35253952982485	
4.815140970102895	526.2499585233213	-96.61488141667313	165.50917929164447	-96.61488141667331	-11.141637177662744	-371.6725502335806	165.50917929164464	-371.67255023358086	-102.67366660779757	
4.867479458908361	87.1843052575598	-61.53141916713355	274.1384402066765	-61.53141916713383	-271.6424731819326	-479.93748671511776	274.13844020667665	-479.93748671511776	-67.15767572488721	
4.9198179477138275	-183.55324150615223	19.003589139727154	322.74115470940234	19.003589139726785	-401.76546502037934	-533.3621760439753	322.7411547094025	-533.3621760439752	8.976332742117393	
4.972156436519294	-175.2393077462628	105.12540006775944	291.86705440387885	105.12540006775907	-324.23140955790944	-507.82948845303883	291.867054403879	-507.8294884530385	75.34335587108072	
5.02449492532476	22.161452593767585	147.95177953031813	200.0880391167005	147.9517795303178	-134.48456811263148	-412.5104043789865	200.08803911670057	-412.510404378986	93.43756732117248	
5.076833414130227	218.9673843046595	125.07331607992802	92.62612311819304	125.0733160799279	-7.269572045109442	-289.645826571855	92.6261231181931	-289.64582657185457	54.90897812832773	
5.129171902935693	294.0023631201932	55.44640822701024	9.552549415311283	55.44640822701058	-26.190392696344738	-188.94761729792432	9.552549415311244	-188.94761729792404	-22.993672869552885	
5.181510391741159	274.08497871906275	-29.008172013442106	-33.613455072656464	-29.00817201344131	-115.8587582712131	-133.31691577035133	-33.61345507265659	-133.31691577035124	-106.5800161488742	
5.233848880546625	268.22150984610323	-108.1992340025721	-40.32720203025056	-108.1992340025709	-139.09217636173503	-107.0497394360891	-40.32720203025077	-107.0497394360892	-157.70731151324432	
5.286187369352091	346.03930607008454	-154.05445232494233	-20.950123644446045	-154.05445232494114	-39.01126241952608	-79.85752141852174	-20.950123644446283	-79.85752141852196	-151.65361939473908	
5.338525858157558	477.48893411196354	-117.91144901027155	10.315934884652965	-117.91144901027064	124.58883063373685	-38.7675793976528	10.315934884652675	-38.76757939765306	-87.83813796506573	
5.390864346963024	576.5917807770097	19.013022820620947	38.12067013165217	19.013022820621387	257.89316801837504	8.138135088963491	38.12067013165192	8.138135088963251	18.390073709852178	
5.44320283576849	601.8920461342284	194.58776992393732	55.10784244186772	194.58776992393757	323.5025428544336	51.02819672847416	55.107842441867575	51.028196728474015	148.11552964431468	
5.495541324573956	598.666899787216	307.65003621803373	64.31106725110806	307.6500362180342	355.6667723032901	88.33044825638612	64.31106725110807	88.33044825638622	275.63425806205527	
5.5478798133794225	631.6594324992964	309.7871835000043	66.85304547079694	309.7871835000052	412.40400504359053	119.68020777180607	66.85304547079718	119.68020777180642	361.6979170411848	
5.600218302184889	700.9294645082998	230.01012132873896	50.96531382096512	230.01012132874038	516.2037968124058	141.20666718944955	50.96531382096561	141.20666718945006	369.9160134377212	
5.652556790990356	746.8013467507508	122.85826794506113	1.4648260859520308	122.85826794506283	623.7191064428341	150.71126154413076	1.464826085952808	150.71126154413122	299.0004396769534	
5.704895279795822	714.0600235331549	26.969861903720215	-77.55868315455515	26.969861903721906	650.6295831294876	150.86257497325443	-77.5586831545541	150.86257497325465	192.2161985643225	
5.757233768601288	587.2870527934062	-33.73823729912472	-154.90532645290403	-33.7382372991232	548.3407084813634	145.22264488710863	-154.90532645290284	145.22264488710857	108.0897538813937	
5.809572257406754	381.3246862493357	-51.020965266399486	-191.264812422283	-51.02096526639821	359.57276000731486	134.83237179612445	-191.26481242228186	134.83237179612422	79.6132824404514	
5.86191074621222	130.77859891057292	-42.720120167217345	-166.2054809167775	-42.72012016721622	177.94229225301044	119.73403714680154	-166.20548091677665	119.73403714680134	95.22482590998929	
5.914249235017686	-114.70723805922145	-40.16800578172704	-88.66361738381607	-40.16800578172611	56.771615833049424	100.31724320555297	-88.66361738381559	100.3172432055531	111.21954453670598	
5.966587723823153	-304.08850327618427	-58.58333287784686	12.680226425782086	-58.58333287784619	-11.89205410117171	74.87305834417748	12.680226425782166	74.87305834417806	87.3179784404087	
6.018926212628619	-408.24552670337096	-88.26655703254167	105.72002542920825	-88.26655703254121	-33.31794278777142	38.96918163279685	105.72002542920802	38.969181632797884	21.291400796289665	
6.071264701434085	-433.3139296722977	-110.05441294110997	167.24964363995474	-110.05441294110983	29.259649448987716	-7.368808658611564	167.24964363995437	-7.368808658610259	-48.73737368820313	
6.123603190239551	-410.77823622675857	-108.48310828863275	191.49096842011886	-108.48310828863282	203.54516835156278	-52.30792577788729	191.4909684201185	-52.307925777885934	-78.94823769554026	
6.1759416790450175	-373.1613380970354	-78.75194182492041	193.47591122949154	-78.75194182492086	444.7202628930229	-78.4847840988675	193.47591122949126	-78.4847840988663	-56.607519749071244	
6.2282801678504836	-336.1536531706894	-34.3009100139617	198.15031457285062	-34.300910013962536	659.374148929826	-78.27396220055735	198.15031457285036	-78.2739622005565	-3.6624799889585202	
6.2806186566559505	-296.5072744270773	-1.9750502713712876	218.0420169836282	-1.9750502713723677	782.925403077455	-58.52364457520846	218.0420169836279	-58.52364457520795	49.199492507143326	
6.332957145461417	-244.051178090016	1.4794000165232717	242.01269379724872	1.4794000165222911	808.1962354535754	-31.269183045209402	242.01269379724823	-31.269183045209264	86.39282352203496	
6.385295634266883	-182.94590457151185	-16.088381006925857	248.26511826492813	-16.08838100692651	749.5864979173776	-6.10464818847068	248.26511826492742	-6.104648188470812	109.15752139837309	
6.437634123072349	-139.57430147919158	-36.97359984699193	225.60875806620422	-36.973599846992016	612.5398777953399	9.461256873113506	225.60875806620322	9.461256873113122	123.52850279888568	
6.489972611877815	-138.65900673828264	-55.012491393834324	181.0573806148639	-55.01249139383367	406.89367091347464	10.539374345025095	181.05738061486278	10.539374345024441	131.73538059180376	
6.542311100683281	-171.6018943282739	-74.72416420528518	132.33429649087316	-74.72416420528377	170.61357364548573	-1.7379420729288677	132.33429649087213	-1.7379420729298607	131.9452979688735	
6.594649589488748	-190.96252086014616	-95.22243101133967	98.37464230423568	-95.22243101133773	-31.25158714252285	-22.246151280542385	98.37464230423501	-22.24615128054386	121.71803010764452	
6.646988078294214	-140.17854969987667	-104.22680790636727	94.54189146154003	-104.22680790636517	-133.48406845878085	-48.5873302278863	94.54189146153985	-48.587330227888394	101.10319595595486	
6.69932656709968	-4.818752519642487	-88.12782446356599	128.53139560432925	-88.12782446356402	-105.18355431283317	-81.10574393984669	128.5313956043295	-81.10574393984943	72.77220045321342	
6.751665055905146	154.7206066236539	-47.17576245435524	194.5873552825828	-47.17576245435339	32.07869584118009	-115.06964282420513	194.5873552825833	-115.06964282420836	39.27538929532292	
6.804003544710612	243.4376185599606	1.0228035068958121	271.9663454765489	1.022803506897617	217.50154384833093	-139.0650399892844	271.96634547654946	-139.06503998928787	2.3655283732756676	
6.856342033516079	218.33294100636888	36.59956120382535	333.02377710040565	36.5995612038275	382.6879867075577	-145.90034572739825	333.02377710040594	-145.9003457274016	-33.901364540086654	
6.9086805223215455	118.61575278101665	54.872487559493266	356.81905122530867	54.87248755949586	478.1785798923366	-141.32099156958543	356.8190512253086	-141.32099156958833	-62.83140136558883	
6.961019011127012	7.113572300676012	61.93691293902584	338.624990187481	61.936912939028666	480.46510551244484	-135.42209576454056	338.6249901874807	-135.4220957645428	-80.60672016882478	
7.013357499932478	-90.79228832040944	57.09093526996878	289.4448458414376	57.09093526997134	387.76003841406487	-126.64120850359186	289.44484584143726	-126.64120850359339	-89.99255972703833	
7.065695988737944	-189.31544411865474	32.666576089106684	227.58851962633875	32.66657608910853	217.76611433758566	-101.60209712948117	227.5885196263386	-101.60209712948222	-96.40130816087868	
7.11803447754341	-307.5917206651367	-11.186919344527354	169.91889765232176	-11.1869193445267	4.605780334036865	-52.78502383422946	169.91889765232196	-52.78502383423022	-102.33762094097486	
7.170372966348877	-442.38604341178757	-61.687158847193786	128.0756984899376	-61.68715884719418	-211.03880033138728	9.371304123699584	128.0756984899382	9.371304123698959	-107.31287434937656	
7.222711455154343	-570.9611773762974	-104.19406692966388	108.2579126173981	-104.19406692966501	-397.0981856726201	64.19880397706679	108.2579126173988	64.1988039770663	-110.50380756373308	
7.275049943959809	-669.2702103893599	-130.27224775086066	111.12156409731648	-130.2722477508619	-537.7628634877908	96.09774946577048	111.12156409731689	96.09774946577011	-110.7094480963454	
7.327388432765275	-712.0417893750002	-131.55501853083976	131.34377221118513	-131.5550185308406	-622.214368999568	100.32125958785926	131.3437722111848	100.321259587859	-105.43906564944551	
7.379726921570741	-668.8278351666006	-93.8855467928243	157.6477155107221	-93.88554679282464	-627.0855957747317	78.16448846420042	157.647715510721	78.16448846420028	-92.80294851119203	
7.432065410376207	-537.2898096479942	-9.252392909113354	174.5769908401214	-9.252392909113183	-525.0892675862141	31.301640027899275	174.57699084012	31.30164002789925	-73.7253169568658	
7.484403899181674	-375.88314600210435	105.67419119373822	167.8443249842104	105.67419119373847	-322.87352842165427	-37.5468553740412	167.84432498420938	-37.54685537404116	-51.124109388135246	
7.5367423879871405	-267.08688240086576	213.50378131704753	131.9523640299022	213.50378131704758	-81.28352906003903	-119.35890471472797	131.95236402990201	-119.3589047147279	-28.337169952799762	
7.589080876792607	-244.99921935971457	282.7493125825731	74.17075205080371	282.74931258257294	113.9692204680171	-196.35459190978548	74.17075205080442	-196.35459190978543	-8.74515371394877	
7.641419365598073	-274.67262646443885	307.6827707467424	10.804058348346668	307.6827707467423	207.77917684441573	-247.10288975690844	10.804058348347947	-247.10288975690835	5.848924274063014	
7.693757854403539	-291.929300467974	302.7821038445258	-41.155610713560456	302.7821038445259	215.70465039263485	-256.9201021472047	-41.155610713559106	-256.9201021472047	18.097127503740808	
7.746096343209005	-245.3998559774703	284.6035788746973	-70.43725444932998	284.60357887469786	219.77573955924123	-226.68387043818097	-70.43725444932883	-226.68387043818103	34.53169741861988	
7.798434832014472	-119.5876277638445	261.07769251068936	-72.64579575588107	261.07769251069016	305.95962901119765	-173.3572803426957	-72.6457957558801	-173.35728034269593	60.43920048947287	
7.850773320819938	53.539387409616154	236.03219501356156	-48.441347578430424	236.03219501356233	485.68608087178023	-119.99999739715254	-48.44134757842937	-119.99999739715287	95.90896962886399	
7.903111809625404	210.90178164109156	215.69958954162965	-3.4356130062865873	215.6995895416303	685.3305003541288	-81.01306940104652	-3.4356130062851715	-81.013069401047	136.90674701199686	
7.95545029843087	302.8830535950738	205.76107552419424	50.10444189639855	205.7610755241949	820.5763825667882	-54.34846803608697	50.10444189640037	-54.348468036087695	178.0595621971704	
8.007788787236336	320.91447626418847	206.7819160233966	95.64872019370247	206.78191602339723	868.7219543945839	-28.043406305036886	95.64872019370456	-28.043406305037934	212.18607691334293	
8.060127276041802	280.16917360363107	216.86144997789796	120.8272941947348	216.86144997789836	857.5073377995246	5.3121651982138145	120.82729419473696	5.3121651982124085	227.60741438648944	
8.112465764847268	186.1511023298893	234.83525573342786	123.7971210514009	234.83525573342803	803.3433803396582	41.55696978362924	123.79712105140288	41.55696978362756	210.15649477487443	
8.164804253652735	28.12133634327745	258.7449702265071	110.66482588030124	258.74497022650706	688.1022585564835	72.76866439430898	110.66482588030291	72.76866439430717	153.20582598474692	
8.2171427424582	-193.37929503806726	285.6243799239979	88.77940894097256	285.62437992399765	498.2396960267783	99.51810457003302	88.77940894097378	99.5181045700313	67.42792079059915	
8.269481231263669	-437.89085971537895	312.75572457299177	64.39126628042406	312.75572457299154	257.46405545661673	131.89119703266462	64.39126628042489	131.89119703266329	-21.444124516040183	
8.321819720069135	-631.245581102401	332.86106574489753	43.74907507065406	332.86106574489736	4.179717651294936	178.4864763485814	43.749075070654555	178.4864763485807	-86.51762697390451	
8.3741582088746	-708.159003467379	329.3030729262588	31.38036943371372	329.30307292625855	-241.1985611579595	237.34923427612904	31.380369433713994	237.34923427612918	-113.35435284260708	
8.426496697680067	-658.89232473916	285.76133670285526	27.253623044281603	285.7613367028549	-467.41659192867104	298.03638063078455	27.25362304428175	298.0363806307856	-104.59498068770152	
8.478835186485533	-542.591597457102	205.029424378707	29.617184835944567	205.0294243787066	-648.5157904332119	349.09734153320306	29.617184835944762	349.0973415332048	-75.68816161204853	
