# Stress in units of bar (10^5 Pa)
# z	Sxx	Sxy	Sxz	Syx	Syy	Syz	Szx	Szy	Szz
0.0	203.28889853559974	-111.26705729691308	79.09871205108522	-111.26705729691255	-28.839857415103523	168.3698179224906	79.09871205108497	168.3698179224906	102.81767651031275	
0.05314737202549227	208.08908292885462	-98.32782307246669	70.466157098444	-98.32782307246595	-22.300621086068432	155.69750843061047	70.4661570984438	155.69750843061053	94.51140603953944	
0.10629474405098455	217.1493916975491	-80.82626268480394	61.94159483015919	-80.82626268480303	-9.696726212945798	138.03044079861866	61.941594830159026	138.03044079861877	84.41333502205335	
0.15944211607647682	230.93248166275532	-58.565725705814	53.52187691886669	-58.565725705812994	8.638411712659227	116.25896211316376	53.521876918866575	116.25896211316395	73.71821829822309	
0.2125894881019691	249.58725086654368	-31.98779247909457	45.28399851278064	-31.987792479093564	32.350574382106885	91.83910227837279	45.28399851278057	91.83910227837309	63.50767264339992	
0.26573686012746134	272.69873302781133	-1.9837040959721257	37.317970475646376	-1.9837040959712056	60.8761605578955	66.67608816954926	37.317970475646355	66.67608816954959	54.55227588304713	
0.31888423215295364	298.94415301253423	30.38890403434036	29.681698161821764	30.388904034341113	92.87128406022475	42.872723861598594	29.681698161821785	42.87272386159898	47.22704158164439	
0.37203160417844594	325.99141527555463	63.81749345888264	22.394370292847714	63.81749345888317	126.42119592080144	22.40271161285218	22.39437029284778	22.402711612852592	41.52334750155688	
0.4251789762039382	350.76155720888846	96.73205277542799	15.4610128795256	96.73205277542829	159.11980645041265	6.787396040704788	15.461012879525693	6.78739604070517	37.17596464989539	
0.47832634822943043	369.87261549988534	127.10183903736487	8.91547527058528	127.10183903736488	188.56427551041853	-3.1489066521728297	8.915475270585405	-3.148906652172464	33.84379702552731	
0.5314737202549227	380.3970658724628	152.46953403136163	2.8491376030542117	152.4695340313615	212.81687930059573	-7.373455982827917	2.849137603054364	-7.373455982827599	31.317858887598504	
0.584621092280415	380.5844718107779	170.19019099322628	-2.5959860082386306	170.19019099322597	230.85931281119866	-6.556779078388632	-2.5959860082384516	-6.5567790783883595	29.681286569180287	
0.6377684643059073	369.9901577398253	177.92903122509958	-7.256647009497428	177.92903122509915	242.46595992568467	-1.8508011817153114	-7.256647009497218	-1.8508011817150956	29.382375124257297	
0.6909158363313995	349.5814258431316	174.1219288112129	-10.974890217323482	174.12192881121254	248.229353022186	5.382263908184182	-10.974890217323242	5.382263908184344	31.13602473498517	
0.7440632083568919	321.19348713565597	158.54054912878826	-13.633237836693628	158.54054912878792	249.1257031203777	13.828333087173878	-13.633237836693352	13.828333087173988	35.743064388011604	
0.7972105803823841	287.08252084214024	132.39102673209152	-15.156661759189472	132.39102673209135	246.06683260548178	22.34120256183962	-15.156661759189163	22.341202561839673	43.876076645626284	
0.8503579524078764	249.58590932991746	98.28478689116257	-15.486456879876297	98.28478689116255	240.06490301403258	29.96718150485178	-15.486456879875961	29.967181504851787	55.92382277375533	
0.9035053244333686	210.78057098529658	59.78437509949639	-14.572310459675547	59.78437509949655	231.9991715817036	35.86399482888356	-14.572310459675206	35.86399482888352	71.94331351719237	
0.9566526964588609	172.69894141180677	20.970726165278315	-12.3282976246487	20.970726165278663	222.95566204610085	39.23843005805616	-12.328297624648375	39.238430058056096	91.70734569398624	
1.009800068484353	137.02176459324497	-14.265153429726983	-8.636938550026375	-14.265153429726457	214.22238496730523	39.338504604587975	-8.636938550026084	39.33850460458788	114.78043519387272	
1.0629474405098454	105.4409073010398	-42.56871766383048	-3.402395047417805	-42.568717663829815	207.15072524785035	35.53823124268991	-3.402395047417566	35.53823124268981	140.50597123589563	
1.1160948125353378	79.26875422377962	-61.591679227547594	3.378409905856609	-61.591679227546855	202.7997364406446	27.506250547618805	3.378409905856799	27.506250547618713	167.91721991511395	
1.16924218456083	59.30807755069747	-70.31780881990504	11.519089107005717	-70.31780881990422	201.3161264445823	15.35582815603168	11.519089107005861	15.355828156031581	195.6203529637457	
1.2223895565863223	45.63333625619762	-69.19586846709711	20.605934571729904	-69.19586846709629	202.2310867723886	-0.23718456545440425	20.60593457173002	-0.23718456545450373	221.76636965120483	
1.2755369286118146	37.27160106773803	-60.08128458583726	30.023594143778567	-60.081284585836485	204.10593889909694	-18.07183170477939	30.02359414377869	-18.071831704779505	244.18604956741243	
1.3286843006373068	32.65784207805609	-45.98375078603593	39.066341673044974	-45.98375078603524	205.6691588428465	-36.6349485277893	39.06634167304513	-36.63494852778943	260.80513313605286	
1.381831672662799	29.567123338233504	-30.501403688101604	47.1179925867278	-30.50140368810103	205.97163674706442	-54.4631220583849	47.117992586728015	-54.46312205838504	270.1579782129397	
1.4349790446882913	26.212754899282828	-17.205166095719747	53.79838509143835	-17.205166095719363	205.12792821181236	-70.55946214894729	53.79838509143862	-70.55946214894746	271.8429558839923	
1.4881264167137838	21.71012320305819	-8.83832358702556	59.07051017385539	-8.838323587025318	204.48792151079007	-84.71361422378024	59.07051017385574	-84.71361422378041	266.75037006455204	
1.541273788739276	16.753022014415556	-7.0378931370182976	63.25858487283035	-7.037893137018255	206.4615297242188	-97.62559825526375	63.25858487283077	-97.6255982552639	256.8909751997693	
1.5944211607647683	13.622734139305784	-12.214582663247324	66.93251360781265	-12.214582663247473	213.98979209312876	-110.68444657169083	66.93251360781312	-110.68444657169093	244.95469582428203	
1.6475685327902605	15.869317718980628	-23.672429925806338	70.77783122904927	-23.672429925806647	230.28447911027368	-125.45705755491764	70.77783122904981	-125.45705755491765	233.67132656294868	
1.7007159048157527	27.521274177427003	-40.170447702915084	75.43128635321385	-40.17044770291554	258.28608061333495	-143.0451434015949	75.43128635321442	-143.04514340159488	225.23932951923672	
1.753863276841245	52.203075789900204	-60.2741777398887	81.38750226492095	-60.274177739889254	300.46878288266475	-163.51297445093059	81.38750226492152	-163.51297445093053	220.9855493729458	
1.8070106488667372	92.14777040577644	-82.64438715894656	88.95539393012152	-82.64438715894721	358.2844205874741	-185.64559079577378	88.95539393012209	-185.6455907957737	221.27877214051978	
1.8601580208922295	147.9425471756453	-105.99059654756728	98.25077610253244	-105.99059654756795	432.0013179865207	-207.13075763223998	98.25077610253302	-207.1307576322398	225.71726313602633	
1.9133053929177217	218.43714306843398	-129.11061151519078	109.23147547508583	-129.11061151519147	520.3294627846665	-225.12614243095834	109.23147547508638	-225.12614243095817	233.42606192428255	
1.9664527649432142	300.9050854943822	-150.58985236188465	121.6980915640421	-150.58985236188536	620.198651219124	-237.03076256141208	121.69809156404267	-237.03076256141193	243.33021821084503	
2.019600136968706	391.1204553804278	-169.07691502292522	135.2384780624948	-169.0769150229259	726.5339677988128	-241.18577760230863	135.23847806249535	-241.18577760230843	254.334531336297	
2.0727475089941985	484.0590346817507	-183.24877394143138	149.10349916153027	-183.2487739414321	832.9334501955539	-237.25383635459144	149.1034991615308	-237.25383635459127	265.3584373707036	
2.1258948810196907	573.3669167089668	-192.0777106381695	162.12978892082933	-192.07771063817023	932.0346025493764	-226.17564445014605	162.1297889208298	-226.17564445014582	275.22024016519043	
2.1790422530451834	652.0846877169106	-195.0714773696654	172.75093876186753	-195.07147736966613	1016.4235877778367	-209.74311841780718	172.75093876186799	-209.74311841780698	282.4467320466758	
2.2321896250706756	713.0476492384503	-192.13804382900673	179.1904510895027	-192.13804382900753	1079.4261244343352	-189.95572891123078	179.19045108950303	-189.9557289112305	285.19507891900827	
2.285336997096168	749.5830914975388	-183.5170107671048	179.8073808936773	-183.51701076710557	1115.440588095589	-168.4514822672361	179.8073808936776	-168.45148226723578	281.3268577024485	
2.33848436912166	756.5542813278053	-169.62172337794465	173.56041167086113	-169.62172337794541	1120.0697404781502	-146.18385455857214	173.56041167086136	-146.18385455857177	268.7726715414783	
2.3916317411471524	731.3190735654807	-150.86624975001286	160.35560639960948	-150.86624975001362	1090.1536697422848	-123.48407339828599	160.35560639960966	-123.48407339828555	246.17339498006407	
2.4447791131726446	674.4945648837768	-127.7875571146204	141.16844464341256	-127.78755711462102	1024.0015033423033	-100.35892110642206	141.16844464341267	-100.3589211064216	213.53496914982287	
2.497926485198137	589.9335795967778	-101.32214396210054	117.82584670850922	-101.32214396210117	921.9737837392747	-76.94112197232677	117.82584670850923	-76.9411219723263	172.64986083783967	
2.551073857223629	484.40881993421965	-73.1015788213107	92.54387802436636	-73.10157882131124	787.6532188895671	-53.81831562203398	92.54387802436632	-53.81831562203351	127.04370943157019	
2.6042212292491214	366.40879984098245	-45.488557152726884	67.36468643597978	-45.48855715272739	628.3189887438117	-32.137429451774004	67.3646864359797	-32.13742945177354	81.40639566351918	
2.6573686012746136	245.09426021878977	-21.314133754134545	43.75642541168089	-21.314133754134915	455.1323424229386	-13.42954634707677	43.75642541168079	-13.429546347076332	40.63977307254067	
2.710515973300106	128.98052109498462	-3.346310851933012	22.42153525958981	-3.3463108519333105	281.89416225971684	0.7199536640804673	22.4215352595897	0.7199536640808795	8.813189738198979	
2.763663345325598	25.06755574008882	6.6191676867530305	3.4409329025495774	6.619167686752775	122.70204889264136	9.02373920307778	3.4409329025494806	9.02373920307814	-11.643481149598877	
2.8168107173510903	-61.92103318239896	8.26095430247208	-13.389296898973807	8.26095430247181	-10.479462782307593	10.790971765603711	-13.38929689897388	10.79097176560403	-20.254703885329086	
2.8699580893765826	-129.4514414971747	3.0426370810588708	-28.178377269294753	3.0426370810586576	-110.22079060368907	6.051909865114677	-28.178377269294813	6.0519098651149426	-18.37282897033795	
2.923105461402075	-177.1347290212999	-6.011648621721889	-40.67833993781724	-6.011648621722089	-174.16062244051113	-4.42076112899545	-40.6783399378173	-4.420761128995228	-8.678948457875993	
2.9762528334275675	-206.16786166171767	-15.205083906217851	-50.26137447914988	-15.205083906218135	-205.0910643655641	-19.204498085118587	-50.26137447914991	-19.2044980851184	5.4511593245588035	
3.0294002054530598	-218.70276075827098	-21.09830875895264	-56.124607084548195	-21.098308758952882	-209.0971361259395	-36.38815714282553	-56.1246070845482	-36.38815714282538	20.63032524905298	
3.082547577478552	-217.62271103905755	-21.31253010109159	-57.617255497719015	-21.31253010109183	-193.94710907551385	-53.799328059338414	-57.617255497719015	-53.799328059338286	33.96683316624437	
3.1356949495040443	-205.9101359285786	-15.014367177375142	-54.58308810661127	-15.01436717737544	-167.3888216035935	-69.30448006327887	-54.58308810661126	-69.30448006327879	43.49256098175688	
3.1888423215295365	-186.98485432298554	-2.872402410512912	-47.49394220999923	-2.872402410513196	-136.1749350917365	-81.1482005809468	-47.49394220999926	-81.1482005809467	48.46099442104635	
3.2419896935550288	-164.35099726823367	13.278524931616033	-37.376529166040456	13.278524931615742	-105.4274019568375	-88.22740246222291	-37.376529166040505	-88.22740246222284	49.441078770293174	
3.295137065580521	-141.58974445664694	31.12567241215631	-25.51596155642045	31.12567241215605	-78.62799471960489	-90.22600939936319	-25.515961556420514	-90.22600939936312	48.13715532053763	
3.3482844376060132	-121.99858171396556	48.31187122283953	-13.075159644145224	48.31187122283927	-57.387351960254136	-87.61058090434236	-13.075159644145302	-87.61058090434231	46.86942776698434	
3.4014318096315055	-108.3656477416877	62.8348090922978	-0.8499099363872542	62.834809092297576	-41.846729424155654	-81.43181552597211	-0.849909936387351	-81.43181552597208	47.886942653877085	
3.4545791816569977	-102.5654914953261	73.48361216019629	10.851062194623454	73.48361216019606	-30.84746055386752	-73.02926436242763	10.85106219462336	-73.02926436242761	52.568231195159576	
3.50772655368249	-105.24153326337267	79.71212357857796	22.09217628717105	79.71212357857776	-22.498174628795866	-63.73030178111799	22.092176287170957	-63.73030178111799	60.84774842845866	
3.5608739257079822	-115.77943347781132	81.72531357210639	33.09774079242764	81.72531357210622	-14.53398834792219	-54.569468481259335	33.097740792427565	-54.569468481259364	71.06980838476312	
3.6140212977334745	-132.44092313844092	80.2304450809296	44.03573848878271	80.23044508092947	-5.2462664791924425	-46.11815179932572	44.03573848878267	-46.11815179932578	80.35277581139499	
3.6671686697589667	-152.6920719873845	76.34454569697549	54.7852933821393	76.34454569697536	6.196895104963261	-38.37083361206669	54.78529338213929	-38.37083361206675	85.4322295809378	
3.720316041784459	-173.4463659355028	71.23671667361953	64.8626863600538	71.23671667361944	19.568856492136177	-30.776270284469835	64.8626863600538	-30.776270284469913	83.72193799481468	
3.773463413809951	-191.45230451795723	66.01162127880097	73.45541907189752	66.0116212788009	33.54820144516192	-22.395848190633185	73.45541907189755	-22.395848190633266	74.17500444701372	
3.8266107858354435	-203.95647679635547	61.489399492803955	79.60707607314266	61.4893994928039	46.155193191599395	-12.198249084271916	79.60707607314272	-12.19824908427201	57.729945595886605	
3.879758157860936	-208.4675640559215	58.19887366826245	82.46412541784188	58.198873668262436	55.114148265442495	0.571754676295992	82.46412541784196	0.5717546762959032	37.12384713456731	
3.9329055298864284	-203.79352818853897	56.47824820227157	81.61162477084235	56.47824820227156	58.60322421900035	16.0348662844068	81.61162477084244	16.034866284406725	16.12912259712697	
3.9860529019119206	-189.88873903684745	56.49360672842175	77.29943010340507	56.49360672842178	55.49478606456007	33.512927745298725	77.29943010340514	33.51292774529864	-1.5617643640514132	
4.039200273937412	-167.82846963572436	58.271914872193264	70.50063935554968	58.27191487219332	45.63574681671247	51.594445848655596	70.50063935554977	51.59444584865551	-13.387617739747995	
4.092347645962905	-139.52549775548488	61.65840044173094	62.59812678631804	61.65840044173102	30.046744420734626	68.43776974673536	62.59812678631811	68.43776974673526	-18.673705527309817	
4.145495017988397	-107.20458266803745	66.02004169538107	54.895328840462504	66.02004169538111	10.292352224512982	82.24670442421524	54.89532884046258	82.24670442421515	-18.783320425400483	
4.198642390013889	-72.56888132420362	70.24450895916057	48.04834975961391	70.2445089591607	-11.567862323729116	91.70872141738069	48.04834975961397	91.70872141738062	-16.610204532902515	
4.251789762039381	-36.15238896157793	72.90117297326682	41.706020872695454	72.90117297326698	-33.54867139111711	96.26965237903342	41.706020872695504	96.26965237903336	-15.575634831372927	
4.3049371340648745	2.73489778592365	72.45316370920162	34.50789286936735	72.45316370920176	-53.86036496856414	96.13708444736346	34.507892869367396	96.13708444736342	-18.515020656097132	
4.358084506090367	45.96852438375963	67.90021049667374	24.54660794563229	67.90021049667385	-70.91331196670089	92.04041511612178	24.54660794563233	92.04041511612178	-26.670449936680043	
4.411231878115859	95.71609483235858	59.07359223705451	10.135516363877318	59.073592237054584	-83.01392362105346	84.8541515835081	10.135516363877347	84.85415158350814	-39.121907415340715	
4.464379250141351	153.51847752322897	46.883444356434815	-9.396088877905548	46.88344435643486	-88.03682170715261	75.19917085131054	-9.396088877905527	75.19917085131064	-52.78661393562256	
4.5175266221668435	219.79767401789582	33.097947070553005	-33.19688285920016	33.09794707055298	-82.8252458362889	63.17953460367853	-33.19688285920016	63.17953460367866	-63.024662411328364	
4.570673994192336	293.1610643240646	19.900106057276673	-58.85755961002757	19.900106057276588	-63.52366589412324	48.374930311987335	-58.85755961002761	48.374930311987484	-64.72897643402827	
4.623821366217828	370.53648300026174	9.344634812973048	-82.9379908778967	9.344634812972878	-25.751410500080453	30.1156913224885	-82.93799087789678	30.11569132248869	-53.58787603764039	
4.67696873824332	447.7100606025904	2.9138288386785334	-101.88539146392031	2.9138288386782563	34.00414067872481	7.956348181615926	-101.88539146392043	7.956348181616107	-27.26530657151715	
4.7301161102688125	519.9688493093083	1.3851461230144455	-113.01391625537103	1.3851461230141364	117.03275164495247	-17.836395690485716	-113.01391625537119	-17.836395690485595	13.844806230908809	
4.783263482294305	582.7601225331455	4.705621404904242	-115.22139422009106	4.705621404903916	221.0919541742462	-45.949143712495	-115.22139422009124	-45.94914371249489	66.5415736152694	
4.836410854319797	632.3762875928321	12.024531148814916	-109.18584409572946	12.024531148814589	339.6775978855303	-74.05417554067328	-109.18584409572964	-74.05417554067324	125.45881295527155	
4.889558226345289	666.2849018656764	21.74477825701268	-97.0032931684709	21.7447782570124	462.6060471595905	-99.26068588766225	-97.0032931684711	-99.26068588766228	184.25516630219846	
4.9427055983707815	683.3433972944231	31.52967811993434	-81.48125820126407	31.52967811993412	577.4956111397802	-118.82287442040328	-81.48125820126427	-118.82287442040338	236.9706234571774	
4.995852970396274	683.9365470889902	38.55750071954077	-65.38572178886412	38.55750071954064	672.020914697153	-130.89102826685078	-65.38572178886433	-130.89102826685092	279.13484203671146	
5.049000342421766	669.6478293946767	40.11454123785789	-50.91007795010793	40.114541237857864	736.2730375501892	-134.94236720945025	-50.910077950108175	-134.94236720945042	308.3776203293884	
5.102147714447258	643.1273381320107	34.23401162563768	-39.49060942746556	34.234011625637734	764.3793009686799	-131.80152631337793	-39.49060942746584	-131.80152631337816	324.36421064748157	
5.1552950864727505	607.6428550375305	20.433697203761398	-31.931023996886815	20.43369720376154	755.3268194842299	-123.24191892426448	-31.931023996887124	-123.24191892426472	328.2475973899428	
5.208442458498243	566.5137679872256	0.04695735580338578	-28.635973785067815	0.04695735580363802	712.7049030683486	-111.37586976761665	-28.635973785068167	-111.3758697676169	321.9740989166705	
5.261589830523735	522.5214512264367	-23.859009484432146	-29.73361731216854	-23.859009484431844	643.5393576479452	-98.09707939619767	-29.733617312168935	-98.09707939619796	307.712071883394	
5.314737202549227	477.38781833856206	-47.29918717913632	-35.04448195808786	-47.299187179135934	556.7227499338326	-84.74069332090417	-35.044481958088255	-84.74069332090443	287.5638680982027	
5.3678845745747195	431.27017501079325	-66.39860871122848	-43.92494618580079	-66.39860871122802	461.2417174138696	-72.00315317079226	-43.92494618580119	-72.00315317079254	263.54133494692707	
5.421031946600212	383.07603834737046	-78.39146033327586	-55.12184305370774	-78.39146033327538	364.8737689407966	-60.06395519018674	-55.121843053708126	-60.06395519018706	237.61445430510454	
5.474179318625704	331.00897164789603	-82.19533238203252	-66.85950390357895	-82.19533238203203	273.19087837893755	-48.70996703848978	-66.85950390357928	-48.709967038490134	211.71790008506696	
5.527326690651196	273.8755193059018	-78.31476110841797	-77.12482756091856	-78.3147611084175	189.58746106918946	-37.47401473734344	-77.12482756091879	-37.47401473734383	187.63561973229275	
5.580474062676688	211.98366374020276	-68.45242559172037	-84.11795255659429	-68.4524255917199	115.46122384931503	-25.734186793417074	-84.11795255659439	-25.734186793417496	166.77329366327444	
5.633621434702181	147.80357764810105	-54.693136571478675	-86.67567289254855	-54.69313657147819	51.423840666770445	-12.847794592330574	-86.6756728925485	-12.847794592331049	150.02082038732203	
5.686768806727673	85.71881699972045	-38.9947699757229	-84.55185133433542	-38.994769975722406	-2.184000946694411	1.6484592319481042	-84.55185133433524	1.6484592319475944	137.735075408384	
5.739916178753165	30.728359621315803	-22.915549198923408	-78.41308707556924	-22.91554919892287	-44.74095938418372	17.783968555611715	-78.41308707556891	17.78396855561116	129.89191919138847	
5.793063550778657	-12.819846513006445	-7.632747431799839	-69.60904891371153	-7.632747431799231	-75.2327813453104	34.97056730417804	-69.6090489137111	34.97056730417745	126.29965707160702	
5.84621092280415	-42.50665701163183	5.833911163697799	-59.739599680457864	5.8339111636985095	-93.07397748266574	51.94186595852402	-59.73959968045737	51.941865958523394	126.77970489293901	
5.899358294829642	-58.236231707561195	16.511703458115527	-50.25535227854016	16.51170345811631	-98.28227929012496	66.91480504787404	-50.25535227853962	66.91480504787339	131.17511988631057	
5.952505666855135	-61.81192954301318	23.49956347692757	-42.15006754118785	23.499563476928373	-92.2264456352082	77.9163625701899	-42.15006754118729	77.91636257018926	139.23699314497995	
6.005653038880627	-55.91663036021039	26.120467030769934	-35.829206659516274	26.120467030770744	-77.31260689793783	83.24449546868738	-35.82920665951572	83.24449546868675	150.4275081794921	
6.0588004109061195	-43.06647754688642	24.153762116358607	-31.177468249575767	24.15376211635935	-56.671593687978984	81.86811419604963	-31.177468249575252	81.86811419604908	163.83324911599533	
6.111947782931612	-25.078821496236326	17.81539446915567	-27.754296109877576	17.815394469156296	-33.251657002643356	73.65282582455423	-27.75429610987712	73.65282582455373	178.1162827489312	
6.165095154957104	-3.090078988004116	7.815578148141135	-25.042058849647518	7.815578148141608	-9.50646989280682	59.370143427350854	-25.04205884964712	59.37014342735045	191.63953948734607	
6.218242526982596	22.055583021775856	-5.048881757731014	-22.621553408658762	-5.048881757730696	13.072580339118332	40.55491892168583	-22.621553408658443	40.55491892168551	202.68503567574032	
6.2713898990080885	49.00969337280309	-19.922730506605628	-20.272679174752266	-19.922730506605447	33.59979484486746	19.249870042709645	-20.27267917475202	19.249870042709418	209.74310531761594	
6.324537271033581	75.80086677438581	-36.05949369208534	-17.974357002353628	-36.059493692085255	51.476196564877355	-2.327703919639814	-17.97435700235346	-2.327703919639952	211.78430725145233	
6.377684643059073	99.94834030750336	-52.694517348698355	-15.807531151815208	-52.6945173486983	65.58079287431065	-22.04295678200274	-15.80753115181513	-22.04295678200281	208.4542100771774	
6.430832015084565	118.97323219929403	-68.90894143080685	-13.826078584360474	-68.9089414308068	74.14034864139187	-38.089493853510376	-13.826078584360486	-38.0894938535104	200.17469823564403	
6.4839793871100575	131.18425216317925	-83.61917862949812	-11.97204793274321	-83.61917862949807	74.7854539940908	-49.18634248619853	-11.972047932743306	-49.18634248619854	188.09595178662389	
6.53712675913555	136.28487567589806	-95.55875414564444	-10.057137255750611	-95.55875414564441	65.01829255463196	-54.76452813066082	-10.057137255750796	-54.76452813066082	173.87353970902745	
6.590274131161042	135.4060074341427	-103.64408452376796	-7.856058811260078	-103.64408452376794	43.17796826169996	-55.098316140318616	-7.856058811260338	-55.0983161403186	159.37171045012948	
6.643421503186534	130.9284096390753	-107.22432071274251	-5.219686502128728	-107.2243207127426	9.222382362723309	-51.315205472121086	-5.219686502129049	-51.31520547212106	146.3053610745427	
6.6965688752120265	125.70175851960428	-106.44677942645345	-2.1671925304330895	-106.44677942645359	-34.84984006490386	-45.225026851868805	-2.16719253043344	-45.22502685186876	135.98222037261658	
6.749716247237519	122.19806995228339	-102.29339894470223	1.0850349342343977	-102.2933989447025	-85.21634101309998	-38.98676584521644	1.0850349342340353	-38.98676584521637	129.20300307754056	
6.802863619263011	122.31109401554433	-96.55449578668261	4.18437870453541	-96.55449578668298	-136.62448080665195	-34.66221060647682	4.184378704535055	-34.66221060647672	126.28527930786831	
6.856010991288503	126.82354199445521	-91.23530615316201	6.790909661710811	-91.23530615316245	-183.60467173493697	-33.76369017935268	6.790909661710477	-33.76369017935255	127.20285508469645	
6.9091583633139955	135.89739333873	-88.29027266699154	8.731728909756587	-88.29027266699194	-221.09075373060915	-36.939113071745254	8.731728909756267	-36.939113071745105	131.7185884163338	
6.962305735339488	149.16373781674974	-89.05121057232118	10.0824789919786	-89.05121057232151	-245.28039407966293	-43.85855421296381	10.082478991978286	-43.85855421296365	139.46983136447363	
7.01545310736498	166.0771178815921	-93.98018068493988	11.158583295118982	-93.98018068494011	-253.8823208761259	-53.3606201343134	11.158583295118662	-53.36062013431323	149.9696740625955	
7.068600479390472	185.9591201215494	-102.7490177663397	12.420184929740355	-102.7490177663398	-246.3636127405815	-63.77415090604802	12.420184929740023	-63.774150906047865	162.5590463644712	
7.1217478514159644	207.9967774038007	-114.32732428188638	14.310690139885097	-114.32732428188629	-223.75253956819643	-73.34817193100425	14.310690139884759	-73.34817193100409	176.3760308377805	
7.174895223441457	231.1151546846878	-127.39789199237096	17.125518185977285	-127.39789199237077	-188.8339305164033	-80.6603150329375	17.125518185976947	-80.66031503293735	190.40171598963187	
7.228042595466949	254.0087407529878	-140.52312895558714	20.95525031195794	-140.52312895558688	-145.670261529253	-84.93767317130028	20.95525031195763	-84.93767317130013	203.57677869843562	
7.281189967492441	275.2683296297617	-152.28707443341077	25.69235469431385	-152.2870744334105	-99.39305876935154	-86.18323607740695	25.692354694313604	-86.18323607740679	214.99982847636764	
7.334337339517933	293.6441258396527	-161.36593721095326	31.0759719929788	-161.36593721095306	-55.192122500627605	-85.1383436041582	31.075971992978637	-85.13834360415801	224.11837809953204	
7.387484711543426	308.23543468572586	-166.53454590141985	36.75134736406059	-166.5345459014198	-17.604452278997215	-83.06400429376441	36.75134736406053	-83.06400429376423	230.84012621324717	
7.440632083568918	318.45666491074553	-166.9083467681059	42.31341450207875	-166.908346768106	10.434436280739813	-81.4182144368881	42.31341450207879	-81.41821443688791	235.5066953620368	
7.49377945559441	324.07553502356996	-162.1686304252	47.312834526143476	-162.16863042520026	28.07067139336465	-81.50195107904243	47.31283452614361	-81.50195107904224	238.70965260886285	
7.546926827619902	325.0157836396605	-152.72702425089304	51.28604565041492	-152.7270242508935	36.40878895254494	-84.15702673901895	51.28604565041513	-84.15702673901876	241.0211732266428	
7.600074199645395	321.39617605267165	-139.9670807328193	53.78101019316537	-139.9670807328199	38.215374635677335	-89.5848191809638	53.78101019316561	-89.5848191809636	242.73248914031387	
7.653221571670887	313.6525310405319	-125.90261532695348	54.43037572998012	-125.90261532695415	36.96556292555866	-97.33771088184263	54.43037572998038	-97.33771088184245	243.71847205128523	
7.70636894369638	302.7031174187805	-112.88289196660324	53.048130690688694	-112.88289196660398	36.176179973262165	-106.46561124354889	53.048130690688936	-106.46561124354875	243.52709094102312	
7.759516315721872	290.22000596223273	-102.95775987605191	49.69782252342392	-102.9577598760527	38.62368769667623	-115.79902338117968	49.69782252342415	-115.79902338117952	241.64272854434947	
7.8126636877473645	278.3293552589409	-97.46058900498741	44.716514331516805	-97.46058900498824	45.98403417113436	-124.24936231247065	44.71651433151702	-124.24936231247051	237.81829456844576	
7.865811059772857	269.3344745146035	-96.71144329875777	38.67967706429973	-96.71144329875852	58.591733834725495	-131.03860033620694	38.67967706429993	-131.0386003362068	232.30832195083767	
7.918958431798349	264.9310718141885	-100.08714118574781	32.30447169000308	-100.08714118574855	75.61343838249331	-135.75301536310553	32.304471690003275	-135.75301536310536	225.86105403254103	
7.972105803823841	265.70026523531413	-106.22225755262409	26.33646207646246	-106.22225755262477	95.21691703790928	-138.23782429130878	26.336462076462656	-138.23782429130858	219.45171107532036	
8.025253175849333	270.923665582827	-113.52066142865039	21.458482410776682	-113.520661428651	115.3147509515917	-138.373510666286	21.45848241077688	-138.37351066628577	213.8533682796119	
8.078400547874825	278.7532028191051	-120.48523534900846	18.22936724297487	-120.48523534900902	133.9371386301525	-135.86539020677935	18.229367242975062	-135.8653902067791	209.26351373735014	
8.131547919900317	286.82756519822857	-126.14624430845198	17.09925068997261	-126.14624430845248	150.0123933736824	-130.17310399983148	17.09925068997277	-130.1731039998312	205.13386134132955	
8.18469529192581	292.9933680478174	-130.1009934456413	18.450449841418898	-130.10099344564168	163.47726520738914	-120.63461553025029	18.450449841419008	-120.63461553024999	200.33863420270998	
8.237842663951302	295.8400003857358	-132.60005259237397	22.622896973221685	-132.60005259237425	175.26124428558148	-106.74903651299542	22.62289697322171	-106.74903651299506	193.60293059297453	
8.290990035976794	294.9541608861797	-134.30969756122695	29.914543813616095	-134.30969756122715	186.91371849183935	-88.47135985088447	29.914543813616007	-88.47135985088408	184.01448168452404	
8.344137408002286	290.6798315091022	-136.07289501126596	40.50605911759317	-136.07289501126593	199.79325104473273	-66.39473813298385	40.50605911759296	-66.39473813298345	171.41115690326245	
8.397284780027778	283.8040847956768	-138.71700120934202	54.32320815900682	-138.71700120934187	214.60882897013656	-41.71837700087944	54.32320815900649	-41.718377000879	156.48443210597455	
8.45043215205327	275.19396761835804	-142.77344836113625	70.88783798134928	-142.77344836113596	230.82572673237257	-15.999964712322837	70.88783798134885	-15.99996471232235	140.5575008375211	
8.503579524078763	265.71304496572736	-148.43675961490578	89.23192459001099	-148.43675961490527	246.803972257785	9.22459275568847	89.23192459001048	9.22459275568902	125.16902943731372	
8.556726896104257	255.98586212873101	-155.42494439979092	107.92398796809755	-155.42494439979032	259.7180657759001	32.790316461345455	107.92398796809698	32.79031646134608	111.63914817755594	
8.609874268129749	246.70342893470178	-163.02291782779105	125.23457617558019	-163.02291782779042	266.37986037114126	54.11251698882164	125.23457617557959	54.11251698882232	100.80844541655412	
8.663021640155241	238.41995262360402	-170.05097928282825	139.43079028878236	-170.0509792828276	263.796627582901	73.1807292464184	139.43079028878176	73.18072924641913	93.0006034707217	
8.716169012180734	231.6133703007558	-175.13796269015705	149.12380240118168	-175.13796269015648	249.91819426656434	90.3815533419981	149.12380240118108	90.38155334199885	88.17677791609236	
8.769316384206226	226.45703936097598	-177.0779898817179	153.56421175656263	-177.07798988171746	224.44824043374462	106.24317133582973	153.56421175656206	106.24317133583048	86.14260519946217	
8.822463756231718	222.72920922315654	-175.16264554815865	152.77643020257733	-175.16264554815834	188.89875163762383	121.17007139300206	152.77643020257682	121.17007139300274	86.68351926145432	
8.87561112825721	219.87243513603227	-169.59068066655854	147.5154845644088	-169.5906806665584	146.59926911475014	135.2883555168151	147.51548456440833	135.28835551681576	89.51600610670884	
8.928758500282703	217.16012467389191	-161.3460346320204	139.03367049629114	-161.3460346320204	102.05807772543325	148.38548462174552	139.03367049629068	148.385484621746	94.1529048980132	
8.981905872308195	214.04717148686976	-151.98619469202401	128.7379744979887	-151.9861946920241	59.950106991397625	159.95590163911464	128.7379744979883	159.95590163911504	99.76935003514083	
9.035053244333687	210.39491576608742	-142.97589920455619	117.861960798403	-142.97589920455627	24.171409860123447	169.28792498782326	117.86196079840262	169.2879249878235	105.20008023459226	
9.08820061635918	206.6001758167037	-135.06639132487098	107.24970169983182	-135.06639132487103	-2.827142590685156	175.56374395776297	107.24970169983146	175.5637439577631	109.1287826161379	
9.141347988384672	203.45483544247054	-128.02540123063812	97.28187158282071	-128.025401230638	-20.23436030263659	177.95637197702973	97.28187158282037	177.95637197702982	110.39561819808496	
9.194495360410164	202.0284805726952	-120.65229302046956	87.96329736442706	-120.65229302046924	-28.532099428590826	175.73204762884671	87.96329736442678	175.73204762884671	108.30806056138958	
