# Stress in units of bar (10^5 Pa)
# z	Sxx	Sxy	Sxz	Syx	Syy	Syz	Szx	Szy	Szz
0.0	217.55546711413504	-98.5271979168381	80.30400380733526	-98.52719791683762	2.321712538094708	148.5740328074721	80.30400380733504	148.57403280747224	93.44541051701462	
0.05314737202549227	224.56121802311822	-82.79527512095751	71.47530796117353	-82.7952751209569	5.948493760749919	137.76051902693894	71.47530796117333	137.7605190269391	87.94973224375794	
0.10629474405098455	234.5260487825875	-64.41251049472363	62.88387589150759	-64.41251049472298	15.595494319982706	123.81780659356367	62.883875891507415	123.81780659356386	81.31034307360655	
0.15944211607647682	247.4431444178477	-43.30283923967329	54.54891934963707	-43.30283923967258	30.548228730353237	107.47570691583755	54.54891934963695	107.47570691583776	73.99111348158274	
0.2125894881019691	262.9029954079895	-19.704117308936148	46.4839459505755	-19.704117308935444	49.93246946551877	89.70264403687592	46.48394595057541	89.70264403687617	66.49280508546713	
0.26573686012746134	280.08071829791004	5.778587727384561	38.70593826265857	5.778587727385208	72.6247312271241	71.61767546211867	38.70593826265853	71.61767546211897	59.274262040220435	
0.31888423215295364	297.81688424114293	32.27353590973798	31.253550661246024	32.27353590973853	97.42165821759092	54.37172483346138	31.25355066124603	54.37172483346169	52.70492239720118	
0.37203160417844594	314.66015016782677	58.543092805328186	24.173212325740945	58.54309280532861	122.98179343874466	39.02334031816724	24.173212325740987	39.02334031816758	47.05895200761252	
0.4251789762039382	328.9388058665304	83.19444773025629	17.520425931397355	83.19444773025658	147.92298704372047	26.421385202107018	17.52042593139743	26.42138520210734	42.535431297076954	
0.47832634822943043	339.08873048085064	104.66846389289691	11.368016811297771	104.66846389289705	171.00818449881123	17.100860849304894	11.368016811297887	17.10086084930521	39.29287677446989	
0.5314737202549227	343.7563078527554	121.45824763353613	5.797548289977888	121.45824763353616	191.14808697498506	11.247847647578388	5.7975482899780335	11.24784764757867	37.49656146797133	
0.584621092280415	341.9955164962296	132.21487436213195	0.9034847839248714	132.21487436213187	207.57601440612888	8.700482998340725	0.903484783925049	8.700482998340979	37.35679599217406	
0.6377684643059073	333.4489322249381	135.99436775314524	-3.204177299885835	135.9943677531451	219.89944356166438	8.99737098698541	-3.2041772998856275	8.997370986985628	39.14444629762027	
0.6909158363313995	318.296791183675	132.342488844253	-6.4283638320592615	132.34248884425287	228.07517662069773	11.442896094265084	-6.428363832059031	11.442896094265251	43.1652510920288	
0.7440632083568919	297.3072136276759	121.50361718480099	-8.67314468286475	121.50361718480087	232.32583328273023	15.204772641067045	-8.673144682864494	15.20477264106717	49.71721527181169	
0.7972105803823841	271.6140019085224	104.34269151404365	-9.844258218843299	104.34269151404361	233.2620365673113	19.397177832712174	-9.844258218843025	19.397177832712252	59.039740337623314	
0.8503579524078764	242.67147525036813	82.40078055864872	-9.864705125071538	82.40078055864876	231.52493515366746	23.14941663433999	-9.864705125071257	23.149416634340028	71.25813241524978	
0.9035053244333686	212.05276094208392	57.65838905698084	-8.674486103036129	57.65838905698101	227.99777075601543	25.675263788152414	-8.674486103035846	25.675263788152414	86.32632734087984	
0.9566526964588609	181.3164573035691	32.35330154991976	-6.2486687399832785	32.35330154992006	223.44480932026204	26.307427573369928	-6.24866873998301	26.307427573369907	103.9904213657182	
1.009800068484353	151.86898247494867	8.637180683961024	-2.602568146068224	8.637180683961446	218.66449824311815	24.548721495646816	-2.6025681460679646	24.548721495646767	123.77362020767343	
1.0629474405098454	124.83722157193806	-11.612919199175758	2.1911202951278383	-11.612919199175215	214.2469935508259	20.118924860533923	2.1911202951280773	20.118924860533863	144.94296613662732	
1.1160948125353378	101.10392666907427	-27.071668204183126	7.987248017337787	-27.071668204182522	210.66897466620946	12.964513736735844	7.9872480173380085	12.964513736735766	166.56261030543263	
1.16924218456083	81.04794745581995	-37.113007497703535	14.582871736636504	-37.11300749770288	208.12918139309502	3.2616187338033225	14.582871736636708	3.2616187338032354	187.55114937393037	
1.2223895565863223	64.7523836751501	-41.909640412719455	21.710048370587124	-41.9096404127188	206.6432534006962	-8.615416688629123	21.71004837058733	-8.615416688629223	206.77971712955366	
1.2755369286118146	52.01696239947461	-42.23496368002957	29.06458172010315	-42.234963680028955	206.23900668348477	-22.145319308884595	29.064581720103366	-22.145319308884698	223.20729293237406	
1.3286843006373068	42.4892896944025	-39.463901066748065	36.363175991471955	-39.46390106674751	207.02961292227104	-36.771568947567474	36.36317599147219	-36.77156894756759	236.0024693837997	
1.381831672662799	35.77226959778737	-35.294786591688585	43.370694116163456	-35.29478659168813	209.25864391301397	-52.005532473591074	43.37069411616372	-52.00553247359119	244.7047337967287	
1.4349790446882913	31.73596198755117	-31.419502999517487	49.952636159383474	-31.419502999517164	213.6249103333013	-67.5010451630187	49.952636159383786	-67.50104516301879	249.29453522717037	
1.4881264167137838	30.63028588951859	-29.379662921181723	56.093133272429014	-29.379662921181524	221.1210916584707	-83.11752001869527	56.093133272429355	-83.11752001869537	250.21631798258775	
1.541273788739276	33.28099238475474	-30.32569929474362	61.91088812433319	-30.325699294743565	233.27049143240936	-98.8734629559808	61.91088812433358	-98.87346295598087	248.3251813622228	
1.5944211607647683	40.83914237497632	-34.94577135147643	67.63139767348022	-34.945771351476544	251.63768919182988	-114.87867904245908	67.63139767348065	-114.87867904245914	244.74118561873865	
1.6475685327902605	54.821644556564884	-43.383228858355096	73.53116487692535	-43.38322885835533	277.8602717828319	-131.19731413307005	73.53116487692583	-131.19731413307005	240.6720690914705	
1.7007159048157527	76.76603129660744	-55.370251143365564	79.90112319392023	-55.37025114336592	313.4732998089297	-147.71487794707232	79.90112319392074	-147.71487794707235	237.2433981394023	
1.753863276841245	107.99076423630524	-70.20523607684416	86.99859829162206	-70.20523607684461	359.4922644678622	-164.0424728387403	86.99859829162259	-164.04247283874025	235.321428688271	
1.8070106488667372	149.0644702406576	-87.02677403904697	94.99431051450082	-87.02677403904752	416.1001988030703	-179.48188352400624	94.99431051450135	-179.48188352400612	235.41619795705265	
1.8601580208922295	200.0201437816948	-104.74989730234182	103.91315533620455	-104.74989730234243	482.70111094903655	-193.1029440949786	103.9131553362051	-193.1029440949785	237.65397822502982	
1.9133053929177217	259.5764182564727	-122.22012897486385	113.60876472337684	-122.22012897486451	557.555382233826	-203.8861077782367	113.60876472337738	-203.88610777823655	241.778148156637	
1.9664527649432142	325.53112027919974	-138.36475550882892	123.74180840350505	-138.36475550882963	637.8517786457394	-210.90467987145541	123.74180840350559	-210.90467987145524	247.1925111805279	
2.019600136968706	394.6869833877184	-152.128847431522	133.78748899433583	-152.1288474315227	719.8230942924081	-213.48342124523037	133.78748899433634	-213.4834212452302	253.04078309576963	
2.0727475089941985	463.0228207346168	-162.6059454533633	143.0418339096372	-162.60594545336397	798.9808044830515	-211.31984985951274	143.0418339096377	-211.31984985951254	258.2642015061307	
2.1258948810196907	526.0168191997191	-169.14663126381419	150.68066082865283	-169.14663126381487	870.2643778566976	-204.496465220333	150.68066082865326	-204.49646522033277	261.65542483939333	
2.1790422530451834	578.8932575520371	-171.25133084341005	155.83720214145126	-171.25133084341076	928.6105844326153	-193.45202993364595	155.83720214145168	-193.45202993364566	261.9780647014312	
2.2321896250706756	617.2898271468051	-168.69815142156222	157.72588213809462	-168.69815142156295	969.1847230037789	-178.86939142564853	157.72588213809502	-178.86939142564822	258.071059830057	
2.285336997096168	637.4968042406487	-161.54100768017082	155.7449850056595	-161.5410076801715	987.8421605676227	-161.55225647655521	155.74498500565977	-161.5522564765549	248.99849218113644	
2.33848436912166	637.0708496125828	-150.10636384317314	149.5979617985446	-150.10636384317382	981.5677553932254	-142.33096151826325	149.59796179854482	-142.3309615182629	234.2207176773402	
2.3916317411471524	614.9786279919151	-135.0046575101179	139.34847928793894	-135.00465751011853	948.7157745315291	-122.02022243917054	139.34847928793914	-122.02022243917014	213.7503306084531	
2.4447791131726446	571.9570511564034	-117.10992320208166	125.42919941957028	-117.10992320208224	889.3954274098523	-101.40422926387767	125.4291994195704	-101.40422926387727	188.25981881364402	
2.497926485198137	510.4064897906733	-97.54988014447784	108.57428960309372	-97.5498801444784	805.6330585658718	-81.251350454468	108.57428960309377	-81.25135045446757	159.08146948294566	
2.551073857223629	434.11580291660493	-77.61066606280924	89.71775329637074	-77.61066606280974	701.3598678754713	-62.36053067494681	89.71775329637074	-62.360530674946396	128.0832561007103	
2.6042212292491214	347.94597631918657	-58.65960371582791	69.85323441667101	-58.65960371582834	582.3024560709276	-45.54033004361423	69.853234416671	-45.54033004361383	97.44967562265927	
2.6573686012746136	257.26610064963364	-41.95968024853998	49.92295149760458	-41.95968024854036	455.3722430250966	-31.57188637107552	49.92295149760455	-31.57188637107513	69.37478638162614	
2.710515973300106	167.40633494309023	-28.45109824694039	30.747947691914803	-28.451098246940717	328.2294970852082	-21.14707702878364	30.747947691914753	-21.147077028783265	45.739298571626655	
2.763663345325598	83.12400462293466	-18.641594628060773	12.994169267307171	-18.641594628061085	208.27547790141674	-14.750099453245085	12.994169267307115	-14.75009945324474	27.829842330394804	
2.8168107173510903	8.26754552456083	-12.466637248896951	-2.82500231801819	-12.466637248897243	101.7987272828714	-12.578721171240783	-2.825002318018245	-12.578721171240474	16.19668806505892	
2.8699580893765826	-54.496290272414	-9.26643728810005	-16.288034354781814	-9.26643728810025	13.545563359233533	-14.479796192135236	-16.28803435478187	-14.479796192134962	10.622929687016095	
2.923105461402075	-103.75964779495155	-7.9948864235211285	-27.06635103367391	-7.994886423521331	-53.97481497400245	-19.936465697056	-27.066351033673964	-19.936465697055773	10.2175618816224	
2.9762528334275675	-139.2117262653615	-7.308552678978344	-34.90799888731719	-7.308552678978543	-100.43365022152287	-28.1120742716352	-34.90799888731722	-28.112074271635002	13.639564468950311	
3.0294002054530598	-161.68756742720427	-5.93063812207412	-39.652386752379016	-5.930638122074312	-127.34514131681587	-37.92622374463896	-39.65238675237904	-37.92622374463879	19.393640646868384	
3.082547577478552	-172.76180623680204	-2.8417372196941204	-41.25888378282213	-2.841737219694307	-137.8034428444818	-48.19287300542008	-41.25888378282216	-48.192873005419955	26.084345246925956	
3.1356949495040443	-174.61148797755715	2.534291972745393	-39.83211552237653	2.5342919727452653	-135.51697499876934	-57.76191649530962	-39.832115522376554	-57.76191649530951	32.629741715498284	
3.1888423215295365	-169.7790602705873	10.217493722357876	-35.65545566323149	10.217493722357684	-124.58198525400132	-65.66007938385764	-35.65545566323153	-65.66007938385754	38.39838994579526	
3.2419896935550288	-160.88404222824497	19.78360086113521	-29.146336564768873	19.78360086113501	-108.56032735139212	-71.19974630635724	-29.146336564768923	-71.19974630635717	43.231422249530965	
3.295137065580521	-150.53211805706886	30.413656499247107	-20.81212783593521	30.41365649924689	-90.52808923433348	-74.01423928363785	-20.81212783593526	-74.0142392836378	47.32451217287812	
3.3482844376060132	-140.91566609879257	41.136348277803705	-11.198003257017564	41.13634827780352	-72.48441204102551	-74.068034482607	-11.198003257017625	-74.06803448260696	51.05306900322278	
3.4014318096315055	-133.85962457462307	51.00831709555932	-0.7923281055113369	51.00831709555913	-55.658633064418865	-71.61168767525015	-0.7923281055113929	-71.61168767525014	54.74814942115777	
3.4545791816569977	-130.54584092119765	59.210015167502135	9.974019868676123	59.210015167501965	-40.48596918791966	-67.07684515127227	9.974019868676054	-67.07684515127225	58.506491008735615	
3.50772655368249	-131.43117520019183	65.29340999213704	20.736670447760794	65.29340999213689	-26.908904107568993	-60.94727042878922	20.736670447760744	-60.94727042878923	62.101761469708876	
3.5608739257079822	-136.28149863410255	69.0843472673289	31.188550664320967	69.08434726732874	-14.608850528329057	-53.650334809805415	31.18855066432092	-53.65033480980547	64.95402764039264	
3.6140212977334745	-144.23201213684982	70.71108451930418	41.03526453960211	70.71108451930405	-3.168725869498644	-45.48696242339032	41.03526453960207	-45.48696242339036	66.29235388058045	
3.6671686697589667	-153.897901334738	70.57489883129496	49.96609166892807	70.57489883129486	7.484065496966792	-36.582184742246106	49.96609166892806	-36.58218474224616	65.34601245159183	
3.720316041784459	-163.65212849197903	69.19111049624414	57.644957816361426	69.19111049624405	17.22374348511572	-26.929393069414978	57.64495781636143	-26.92939306941505	61.58034726900143	
3.773463413809951	-171.6603188920405	67.18761707981858	63.73179713675163	67.18761707981852	25.67604134159472	-16.428312969253923	63.73179713675166	-16.428312969253994	54.8981717192605	
3.8266107858354435	-176.27887518610277	65.07588762893255	67.95593147678605	65.0758876289325	32.11740650926554	-4.998838458092587	67.95593147678609	-4.998838458092669	45.71316927290612	
3.879758157860936	-176.16482364621265	63.35108255068033	70.12645999652085	63.35108255068033	35.83027221830339	7.3196836286184706	70.12645999652091	7.319683628618392	34.85856491767103	
3.9329055298864284	-170.53095154989506	62.26775866331538	70.18990956307272	62.267758663315405	36.126261292723996	20.29297783128336	70.1899095630728	20.292977831283288	23.41928913506784	
3.9860529019119206	-158.8545765177151	61.97246466755027	68.2462102092969	61.9724646675503	32.73035478506749	33.47657584687676	68.24621020929698	33.47657584687669	12.448779515522862	
4.039200273937412	-141.34213075639943	62.36632042258614	64.51628949222842	62.3663204225862	25.53910658604589	46.24135522980481	64.51628949222851	46.24135522980475	2.743930892540419	
4.092347645962905	-118.1467251014136	63.10463135484659	59.244937429656716	63.10463135484665	15.077920954746176	57.84401201395144	59.244937429656794	57.84401201395137	-5.345268705926806	
4.145495017988397	-89.74100939361531	63.79641790194509	52.60795574697393	63.79641790194517	2.183813104841967	67.53175989988264	52.60795574697401	67.53175989988259	-11.923682585238641	
4.198642390013889	-56.49621956128376	63.846278759376446	44.65256909362665	63.846278759376524	-11.920088367073454	74.66163572374714	44.652569093626724	74.66163572374711	-17.439880525239857	
4.251789762039381	-18.67280335626717	62.73199917578773	35.2873322637802	62.731999175787806	-25.737950402113604	78.77850488234304	35.28733226378026	78.77850488234303	-22.402359093322737	
4.3049371340648745	23.796030764126883	60.09068311431326	24.3155712624553	60.09068311431332	-37.39944421833599	79.60682887622335	24.31557126245535	79.60682887622336	-27.089915070888697	
4.358084506090367	71.03761136768466	55.73219926639861	11.578692651528597	55.73219926639866	-44.97126030258577	77.06744938724343	11.578692651528627	77.06744938724347	-31.33288872141812	
4.411231878115859	123.01126515661889	49.78907206660035	-2.8920051150369233	49.78907206660037	-46.26679903085855	71.19636417247028	-2.892005115036909	71.19636417247034	-34.35657044182285	
4.464379250141351	179.50020786497896	42.7101271595384	-18.73871383555858	42.710127159538374	-38.95326209715715	62.112214919793715	-18.738713835558585	62.1122149197938	-34.82825187664062	
4.5175266221668435	239.7119902284627	35.218987531185945	-35.22784992927332	35.21898753118585	-20.975241748483143	49.98528385115432	-35.22784992927333	49.98528385115442	-31.088779570435676	
4.570673994192336	302.35084644742096	28.137516043086734	-51.29594544312229	28.137516043086592	9.542945579949773	35.04722445629114	-51.29594544312234	35.04722445629125	-21.498675689672925	
4.623821366217828	365.46246786235025	22.267467732730672	-65.69980045995027	22.26746773273047	53.73993008144052	17.642979329417546	-65.69980045995034	17.642979329417653	-4.852838139705462	
4.67696873824332	426.65328986746545	18.236106724259972	-77.22865154871809	18.23610672425972	111.55908584728428	-1.6996154831654806	-77.22865154871819	-1.6996154831653811	19.282311958872427	
4.7301161102688125	483.29740948592575	16.310457263783693	-84.94363545713986	16.310457263783434	181.62039420256232	-22.202289581103315	-84.94363545714	-22.20228958110324	50.37612580066207	
4.783263482294305	532.8830928237209	16.34445654255967	-88.37222745718077	16.344456542559403	260.8894230352049	-42.86279519270997	-88.37222745718091	-42.862795192709925	86.89121315225155	
4.836410854319797	573.1316863626457	17.81274834090042	-87.59987011349347	17.81274834090017	344.855870119497	-62.500515097208066	-87.59987011349364	-62.500515097208066	126.49255068867521	
4.889558226345289	602.433269211702	19.76017478368743	-83.23947837927153	19.7601747836872	427.77584154319857	-79.9061323594071	-83.23947837927173	-79.90613235940712	166.3748061101247	
4.9427055983707815	619.8822515768568	21.075015844727417	-76.31826870156131	21.075015844727233	503.4180372357468	-94.00674976683565	-76.31826870156154	-94.00674976683572	203.67940723245596	
4.995852970396274	625.3192190927366	20.630067464011248	-68.07937574983895	20.630067464011137	565.8104267523981	-104.02609687315459	-68.07937574983917	-104.02609687315471	235.86768984892444	
5.049000342421766	619.3511555325314	17.512515667062317	-59.79997372019664	17.512515667062274	609.8758474461539	-109.58847640714583	-59.79997372019688	-109.58847640714599	261.0485801309643	
5.102147714447258	603.1201984634993	11.27254995747581	-52.61734759904759	11.272549957475853	632.4097643901175	-110.75847341607998	-52.61734759904786	-110.75847341608016	278.13281952434517	
5.1552950864727505	578.1049760668873	2.0214620910421104	-47.39852464173248	2.021462091042224	632.0935916591739	-107.9744627928393	-47.39852464173277	-107.97446279283952	286.84071770210585	
5.208442458498243	545.8807856420058	-9.55289360220025	-44.66413369708928	-9.552893602200047	609.791110486672	-101.94569840447411	-44.66413369708958	-101.94569840447438	287.60327791372737	
5.261589830523735	507.87131601065477	-22.27653609894	-44.56962925731423	-22.276536098939708	568.1649080788092	-93.47902824973892	-44.56962925731457	-93.47902824973917	281.42119438176576	
5.314737202549227	465.27554435137245	-34.66056823805087	-46.906908715112706	-34.660568238050516	511.202569072239	-83.3363230185949	-46.90690871511302	-83.33632301859517	269.6762067674497	
5.3678845745747195	419.0024009621934	-45.22938911099465	-51.142505489538514	-45.22938911099426	443.60860619967167	-72.14030726664471	-51.14250548953881	-72.14030726664501	253.93163818807864	
5.421031946600212	369.77840702535093	-52.78244582376436	-56.508986219668216	-52.78244582376393	370.1998067691399	-60.304105194402815	-56.5089862196685	-60.30410519440315	235.79402864014753	
5.474179318625704	318.29972345855344	-56.50521567812578	-62.10620969236075	-56.5052156781253	295.4854802943294	-48.04346914012458	-62.10620969236096	-48.043469140124934	216.78445561937335	
5.527326690651196	265.4687274708233	-56.13746489789613	-67.030340722839	-56.137464897895626	223.1352591216364	-35.41916372648769	-67.03034072283913	-35.41916372648808	198.2647331834847	
5.580474062676688	212.5210603888143	-51.95856357039652	-70.52150659975433	-51.95856357039599	156.199973465752	-22.41543330274565	-70.52150659975439	-22.41543330274608	181.37590221409653	
5.633621434702181	161.1076700758057	-44.66087654111849	-72.05154090087225	-44.66087654111796	96.79271432694108	-9.057758741587428	-72.05154090087223	-9.05775874158789	166.99464357546645	
5.686768806727673	113.04082495481433	-35.23800582101586	-71.40752335283207	-35.23800582101529	46.42367594398085	4.513254779000425	-71.40752335283193	4.513254778999933	155.72814137418905	
5.739916178753165	70.33771315264084	-24.768957856957424	-68.69751955084479	-24.768957856956828	6.010635899940429	17.95845517604689	-68.69751955084456	17.958455176046368	147.93142352880034	
5.793063550778657	34.65174854067157	-14.373599333207146	-64.29961466411186	-14.373599333206524	-24.1983069071041	30.72734491129857	-64.29961466411154	30.727344911298026	143.7117498189577	
5.84621092280415	7.211059898577901	-5.063011233469048	-58.75158858212086	-5.063011233468387	-44.243074648531746	42.08841213650276	-58.75158858212048	42.0884121365022	142.96912629934903	
5.899358294829642	-11.35237360228873	2.3188819022830103	-52.64403590985246	2.318881902283671	-54.768889417431794	51.21926078882379	-52.64403590985204	51.21926078882322	145.4040135288392	
5.952505666855135	-21.124665119736207	7.12707303354513	-46.50627607250923	7.127073033545791	-56.819858784063996	57.30752267951735	-46.50627607250878	57.307522679516794	150.52405136632936	
6.005653038880627	-22.751749938355317	8.935322494476662	-40.743806920644	8.935322494477308	-51.746778162293275	59.70820099051996	-40.74380692064354	59.70820099051943	157.6512762470776	
6.0588004109061195	-17.28955053827711	7.579537863300374	-35.586084069941904	7.579537863300971	-41.26380719531366	58.070902698555685	-35.586084069941485	58.0709026985552	165.9664945325544	
6.111947782931612	-6.063993840560549	3.117274874254946	-31.11240020991624	3.117274874255468	-27.067648393944964	52.42276974514173	-31.112400209915837	52.42276974514128	174.53702164996037	
6.165095154957104	9.381833507065942	-4.159095191660551	-27.28934697579367	-4.1590951916600964	-11.024380580925623	43.191248104772406	-27.289346975793325	43.19124810477202	182.39692891429794	
6.218242526982596	27.50276560300209	-13.79211967741604	-24.016489654157354	-13.79211967741568	5.2030641903481865	31.18228902859153	-24.016489654157063	31.182289028591214	188.6271143813152	
6.2713898990080885	46.75262309106073	-25.145673245768435	-21.163471037627314	-25.145673245768165	19.893972296954445	17.486819645689703	-21.163471037627083	17.486819645689447	192.50061658895808	
6.324537271033581	65.67861829310142	-37.53041693075201	-18.59789989219546	-37.53041693075181	31.57611619466025	3.328472838907338	-18.59789989219531	3.3284728389071443	193.55080063866686	
6.377684643059073	82.95258582480173	-50.16243449536389	-16.21523771733085	-50.162434495363755	38.80928955167285	-10.107972101839104	-16.215237717330773	-10.107972101839238	191.64672153325677	
6.430832015084565	97.6881405690047	-62.24986212231265	-13.924621031023827	-62.24986212231257	40.32920594474115	-21.820236060460026	-13.924621031023824	-21.820236060460115	187.00494742253096	
6.4839793871100575	109.24640997341552	-73.10901994329673	-11.641524218162324	-73.10901994329669	35.15172754958916	-31.096852182027785	-11.641524218162395	-31.09685218202784	180.1725318389679	
6.53712675913555	117.55339067707945	-82.1437005204197	-9.311575360196498	-82.14370052041973	22.73930744977457	-37.633721032302645	-9.311575360196635	-37.63372103230265	171.94899606807138	
6.590274131161042	123.0956269688827	-89.01987971815274	-6.911633538008636	-89.01987971815282	3.168890187030115	-41.54072789122223	-6.911633538008831	-41.54072789122222	163.26871576386642	
6.643421503186534	126.64486537518174	-93.61597607810961	-4.440138815562941	-93.61597607810972	-22.818981842869498	-43.312911002676046	-4.440138815563188	-43.31291100267602	155.08154341472266	
6.6965688752120265	129.3157328382522	-96.18958285729678	-1.9288351984526182	-96.18958285729695	-53.56813849868236	-43.71009301032245	-1.9288351984528933	-43.71009301032242	148.24920449889137	
6.749716247237519	132.24264290816103	-97.25714796168052	0.5756109005189955	-97.25714796168074	-86.83801829881936	-43.61378233982738	0.5756109005186918	-43.61378233982731	143.45065918180336	
6.802863619263011	136.48041636376342	-97.54331621261163	3.0125149616608065	-97.54331621261188	-119.88871482122079	-43.86618626822178	3.0125149616604885	-43.8661862682217	141.15674571768852	
6.856010991288503	142.82099084402756	-97.91020783374724	5.341870809193221	-97.9102078337475	-149.75717493384278	-45.11426798459409	5.341870809192894	-45.11426798459399	141.58549324558302	
6.9091583633139955	151.76806697309374	-99.08941416360688	7.566242035174995	-99.08941416360712	-173.7065231129701	-47.70616683649055	7.566242035174664	-47.706166836490446	144.71444101061473	
6.962305735339488	163.4110373453476	-101.68477835430693	9.741720631254099	-101.68477835430718	-189.5368240189939	-51.644777425786245	9.741720631253774	-51.644777425786124	150.32455370228894	
7.01545310736498	177.6018291695976	-106.02310679833127	11.969359420847725	-106.02310679833144	-195.83105457596582	-56.63350516071335	11.969359420847406	-56.633505160713206	158.01441258672557	
7.068600479390472	193.86526762092677	-112.02797165512257	14.378602774412439	-112.02797165512268	-192.2162150249673	-62.15838661110732	14.378602774412128	-62.158386611107176	167.2579415179243	
7.1217478514159644	211.52340902571208	-119.3601377609247	17.096792423365976	-119.36013776092472	-179.2482063689268	-67.64336402051751	17.096792423365688	-67.64336402051737	177.4506915964394	
7.174895223441457	229.798603183642	-127.35437166269513	20.21017082720635	-127.35437166269512	-158.49739574564086	-72.57432417633746	20.210170827206085	-72.57432417633731	187.97221989612183	
7.228042595466949	247.75223780175978	-135.2112641171741	23.7432500563375	-135.21126411717398	-132.15040320578882	-76.62819567623767	23.74325005633728	-76.62819567623751	198.2368581136351	
7.281189967492441	264.4902661467223	-142.08934852757454	27.64037017410485	-142.0893485275745	-102.87959446324484	-79.73347556187113	27.640370174104675	-79.73347556187096	207.7555490272117	
7.334337339517933	279.2377588989683	-147.17101829343613	31.762371713370726	-147.1710182934361	-73.22956153159271	-82.07241285309435	31.762371713370612	-82.07241285309419	216.1668879935119	
7.387484711543426	291.3102433359334	-149.8903529401401	35.8908782698357	-149.89035294014013	-45.5350051730853	-84.01918857222242	35.89087826983565	-84.01918857222225	223.25933342833102	
7.440632083568918	300.2187265123552	-149.9046220555812	39.756424369029865	-149.90462205558134	-21.384153587088328	-86.04752427146988	39.75642436902987	-86.04752427146971	228.94677774617318	
7.49377945559441	305.7141576626791	-147.2677118239619	43.070298294922516	-147.26771182396214	-1.6309166021888188	-88.60614517997313	43.07029829492259	-88.60614517997297	233.2356332742888	
7.546926827619902	307.8355216651648	-142.33920078805338	45.55852967067366	-142.33920078805377	13.724100689482981	-92.01449294135116	45.55852967067378	-92.01449294135101	236.18102187403008	
7.600074199645395	306.8753859705953	-135.8375176547994	46.994726966116474	-135.83751765479985	25.424142415114716	-96.39129667485795	46.99472696611663	-96.39129667485778	237.8453273903517	
7.653221571670887	303.44073572855734	-128.644669493972	47.23835080180391	-128.6446694939726	34.626251127375056	-101.63145470153201	47.2383508018041	-101.63145470153184	238.28089954922066	
7.70636894369638	298.3457919520062	-121.73818380555815	46.25722893651728	-121.73818380555882	42.77593098137979	-107.4272728196406	46.257228936517485	-107.42727281964044	237.53158423292382	
7.759516315721872	292.4918209560103	-115.96934350242883	44.149688384010695	-115.96934350242955	51.059965538670724	-113.32298354344381	44.1496883840109	-113.32298354344367	235.6605426357103	
7.8126636877473645	286.8817638619853	-111.96352232443192	41.14530834644529	-111.96352232443263	60.54108795646235	-118.78123488514876	41.145308346445496	-118.78123488514858	232.7691662216041	
7.865811059772857	282.34983169088287	-110.01424061077421	37.58390836937865	-110.01424061077495	71.64518971267997	-123.25331895832807	37.58390836937885	-123.25331895832791	229.0079804807955	
7.918958431798349	279.430056993834	-110.11487206406821	33.89642271058594	-110.11487206406889	84.46530400951039	-126.21178900416957	33.89642271058614	-126.21178900416938	224.549087026453	
7.972105803823841	278.3478291655949	-111.93018729481645	30.56486761069551	-111.93018729481713	98.69812888095012	-127.18438916876725	30.564867610695686	-127.18438916876704	219.54543875080407	
8.025253175849333	278.8761394778295	-114.99289470501805	28.082051528969856	-114.99289470501868	113.76259410885297	-125.77000279238877	28.082051528970016	-125.77000279238854	214.07282133661352	
8.078400547874825	280.5272615998556	-118.77209362215177	26.920790081828034	-118.77209362215233	129.163592740154	-121.6397618763887	26.92079008182816	-121.63976187638845	208.09419108495968	
8.131547919900317	282.53625086635486	-122.82668627536754	27.497700743818246	-122.826686275368	144.44142311204038	-114.55255427386788	27.49770074381832	-114.55255427386759	201.46602567913095	
8.18469529192581	284.1482434943651	-126.82845017304524	30.14144114688542	-126.82845017304562	159.32004625236786	-104.39559882553152	30.141441146885448	-104.39559882553121	193.98575446210663	
8.237842663951302	284.6458461752496	-130.69443168019887	35.06266572835524	-130.69443168019916	173.67014287516923	-91.22227606172615	35.0626657283552	-91.22227606172581	185.46802982145374	
8.290990035976794	283.64242790134165	-134.44342106417844	42.315693539162545	-134.44342106417855	187.47323589324282	-75.27697955759842	42.31569353916243	-75.27697955759805	175.83303796849174	
8.344137408002286	280.90938342746944	-138.23734943350138	51.77619688042659	-138.2373494335014	200.57632561542502	-56.99848836957641	51.7761968804264	-56.998488369575966	165.17547069697991	
8.397284780027778	276.52384743242516	-142.2310606488773	63.116438862474205	-142.23106064887722	212.58259214490855	-36.985721863084834	63.11643886247392	-36.985721863084365	153.79287889915503	
8.45043215205327	270.7778832193812	-146.4953136610408	75.7906882961781	-146.4953136610406	222.8784805064278	-15.932137463412356	75.79068829617773	-15.932137463411841	142.15745736617058	
8.503579524078763	264.06842214050585	-150.98128316066902	89.06727894710234	-150.98128316066874	230.42150381484552	5.455784765565788	89.06727894710193	5.455784765566344	130.84880203770808	
8.556726896104257	256.91421732007996	-155.46061266832572	102.09037084268445	-155.46061266832538	234.095418279233	26.553046558966223	102.09037084268398	26.55304655896682	120.46258227871553	
8.609874268129749	249.6981653588946	-159.58261584196478	113.96142033691049	-159.58261584196438	232.7033530024243	46.86628834417601	113.96142033691001	46.86628834417665	111.52642860046998	
8.663021640155241	242.81053936428697	-162.86831198929025	123.84830214383263	-162.86831198928988	225.31256818735557	66.0556025549547	123.84830214383211	66.05560255495534	104.42297652984652	
8.716169012180734	236.50661252318886	-164.87807314989155	131.0986019992346	-164.87807314989115	211.58536478596776	83.9205305273969	131.0986019992341	83.92053052739756	99.35760072680654	
8.769316384206226	230.86425946392788	-165.24063125257487	135.31845610657	-165.24063125257453	191.72165670311784	100.34681428448964	135.31845610656953	100.34681428449028	96.33311170548771	
8.822463756231718	225.95729201695934	-163.8020798384132	136.40761523171992	-163.802079838413	166.73836782876836	115.24704979894275	136.40761523171943	115.24704979894337	95.16011617761835	
8.87561112825721	221.68868641457692	-160.53628038073876	134.55325286494707	-160.53628038073856	138.24358004090578	128.48366758174933	134.55325286494661	128.48366758174987	95.47883155499679	
8.928758500282703	218.04014742778799	-155.61153802775237	130.16757357218128	-155.61153802775226	108.26669045298271	139.83831839675793	130.16757357218083	139.8383183967584	96.78551694801948	
8.981905872308195	215.00168436492947	-149.29755280973643	123.80317749380227	-149.29755280973626	79.043555610933	148.9954033775931	123.80317749380183	148.99540337759345	98.47546931345136	
9.035053244333687	212.6870564051708	-141.78069493579548	116.04796740882537	-141.78069493579534	52.65580986085256	155.56368677003064	116.047967408825	155.56368677003096	99.91364801815577	
9.08820061635918	211.35907476023453	-133.16200257107647	107.44542324016713	-133.1620025710763	30.830916909054935	159.1239941044792	107.44542324016678	159.12399410447946	100.50670169009616	
9.141347988384672	211.41715159695914	-123.30100242866823	98.43495909319248	-123.30100242866796	14.770432259982854	159.29488086386365	98.43495909319215	159.29488086386385	99.77735866985648	
9.194495360410164	213.31630793973432	-111.88681149660208	89.32462574055673	-111.88681149660172	5.206510281328022	155.80812124584	89.32462574055643	155.80812124584014	97.44335726880848	
