# Stress in units of bar (10^5 Pa)
# z	Sxx	Sxy	Sxz	Syx	Syy	Syz	Szx	Szy	Szz
0.0	589.8847084318836	203.94810184307443	-176.0840500103044	203.94810184307406	90.27656727880496	381.3704507246305	-176.08405001030576	381.3704507246289	-92.23988558381825	
0.05035416379904683	447.1238605543247	367.1290829213306	-10.202112746476587	367.1290829213267	-358.8057316794256	434.0791498821503	-10.202112746476173	434.0791498821519	43.64775580295883	
0.10070832759809366	51.98310964509255	-779.3743363263571	54.619055910115854	-779.3743363263585	1317.2383682241364	414.48201774258007	54.61905591011657	414.4820177425823	187.5873086596099	
0.15106249139714048	467.17127139823253	14.426499193507631	-131.6521388006338	14.426499193503547	-909.8485455633896	253.96941354455598	-131.65213880063212	253.96941354455578	159.23790416042866	
0.20141665519618732	126.94697368964762	-125.04167751909013	-66.6175791434655	-125.04167751908471	-0.5664614285180337	-42.79101500748869	-66.61757914346188	-42.79101500748916	317.8228569826446	
0.2517708189952341	1455.7497137426742	-390.26682610815965	-42.23280080720615	-390.2668261081652	599.4933096926467	-16.308630806536705	-42.23280080720596	-16.30863080653444	424.381531320543	
0.30212498279428096	-483.8402132221304	546.3990905533836	6.779017528359477	546.3990905533822	972.1043737884277	78.99720294175702	6.779017528360276	78.99720294175626	476.0216710739587	
0.3524791465933278	1318.5767981668646	109.41242546868675	-172.54890118543807	109.41242546868946	953.2563443359744	153.81337782549542	-172.54890118543906	153.81337782549656	596.6824264193974	
0.40283331039237463	1672.2285947630971	250.25616817206608	103.04015689513244	250.25616817206304	3000.258443228137	145.22593649694497	103.04015689513493	145.22593649694554	537.5296341524503	
0.45318747419142147	-1656.8447112028134	-1153.3649062277532	140.93373930983842	-1153.364906227755	934.3260285664279	41.710913838240806	140.9337393098399	41.710913838242114	326.51404791937375	
0.5035416379904682	2708.5067295171034	463.32923987458685	-71.60547025628927	463.3292398745859	1427.667789268967	16.725293744750573	-71.6054702562921	16.725293744750775	322.7325806554731	
0.5538958017895151	-192.31352169328588	21.76773331437294	-205.2979564893036	21.767733314371036	2127.909467436084	69.41485193007765	-205.2979564893033	69.41485193007483	275.6967459407471	
0.6042499655885619	515.9451283767705	-194.38069433639563	-328.8967354950403	-194.3806943363936	29.825378656691477	-40.051919713777934	-328.89673549504033	-40.05191971377672	315.1597753581745	
0.6546041293876088	-589.3502111747998	214.22566943666	-365.947776465542	214.22566943666132	2532.0114392864234	-75.8690695921028	-365.94777646554127	-75.86906959210026	386.9914375367179	
0.7049582931866556	1885.5990762309864	537.4645434821848	-316.4227293264535	537.4645434821849	-243.73386321973106	-26.3296674335641	-316.4227293264569	-26.329667433558022	171.61301403584892	
0.7553124569857025	-266.973623585789	313.4579133337733	-356.71115285933666	313.45791333377	806.6939391874121	-28.25661144202316	-356.7111528593368	-28.25661144202217	186.51589625613562	
0.8056666207847493	849.79862333931	-193.68417588569415	-204.1175688532371	-193.6841758856977	164.40360835492004	-38.43918241684197	-204.1175688532378	-38.43918241684239	119.34569673592229	
0.856020784583796	-1357.4646999373083	660.5120837418713	-226.0201453856124	660.5120837418705	-1855.5165776998335	60.861854711318266	-226.0201453856113	60.86185471131958	108.27008583491829	
0.9063749483828429	1794.9350630458957	-721.9804521315266	-274.0628409184352	-721.9804521315251	1685.7877622013318	65.54926997995055	-274.062840918434	65.54926997994636	-136.94778009170952	
0.9567291121818897	-857.3338092320932	-432.88269821982533	-101.94406633850869	-432.8826982198257	-227.3518873796944	-179.77878062146794	-101.94406633850329	-179.7787806214686	-121.73081632699257	
1.0070832759809365	129.599366221496	122.05373776401584	-146.26440649843622	122.05373776401659	-395.3947786015791	-221.59394932353308	-146.2644064984385	-221.59394932353064	-115.69216702570328	
1.0574374397799835	-2412.682869783607	-1021.744887527919	-16.330883947724256	-1021.7448875279257	-1043.8495465677574	-180.24338411458638	-16.330883947728147	-180.24338411458592	-199.74348407774525	
1.1077916035790303	-320.61600536783834	917.9130511685917	-138.98929202823132	917.9130511685928	-771.5860160385789	-100.88742749008705	-138.98929202822922	-100.8874274900865	-173.71787305439756	
1.158145767378077	560.8207667092674	725.8934022720081	-20.09195693600405	725.8934022720109	839.6319697498099	-104.50569857987821	-20.091956935999843	-104.50569857987661	-116.12779866464523	
1.2084999311771238	-1408.4944483340198	362.33708074605914	219.69223456670963	362.33708074606113	291.1532590588395	-7.783894418587588	219.69223456671006	-7.783894418585116	-32.59184089603389	
1.2588540949761706	706.6232967741531	-135.52157432839937	87.40056742099482	-135.5215743283992	76.72275867624455	306.93245580651484	87.40056742099524	306.9324558065163	-118.03861742974354	
1.3092082587752176	-1743.235595577421	-401.23895093736394	-137.37224765101368	-401.238950937367	1485.12608071171	418.1051137666156	-137.37224765100999	418.1051137666137	-245.01518607036712	
1.3595624225742644	254.08206027134327	273.29287954113875	-108.61361512093333	273.2928795411382	1137.8211344995423	193.0710901517864	-108.6136151209324	193.07109015178435	-348.34960766764254	
1.4099165863733112	-2294.482227350843	-591.2151893968165	-148.54359477940184	-591.2151893968131	-2338.225811168647	-159.97755210689132	-148.54359477940272	-159.97755210689178	-96.17986918414101	
1.460270750172358	295.45303215145464	-84.08464254179742	145.8079120539714	-84.0846425417999	317.982111396072	49.24335400444281	145.80791205397227	49.24335400444558	-197.42559631366987	
1.510624913971405	1562.043184636329	-68.21926575829089	-32.963717423393476	-68.21926575829113	931.2349884108513	-100.45585138730188	-32.96371742339188	-100.45585138730195	-205.9257000800238	
1.5609790777704518	-2263.2688446277557	378.74276464132987	-232.8530317541049	378.7427646413281	-454.643493499612	-233.71172765382823	-232.85303175410323	-233.71172765382894	280.55989002304085	
1.6113332415694985	251.95167175456575	1271.0958665888734	-28.762965685745243	1271.0958665888727	547.6992075135823	-216.33277499114172	-28.7629656857434	-216.332774991144	549.3242237140882	
1.6616874053685453	-392.71354035032977	-144.45538378691657	63.04547674927734	-144.45538378691398	-502.40190043182616	-35.487444759459876	63.04547674927869	-35.48744475946038	330.1131471459582	
1.712041569167592	-1113.6889198321273	707.1570287072062	5.8625516409676095	707.1570287072076	-952.6690153039578	-78.56500751944718	5.8625516409666885	-78.56500751944728	-63.90130347199522	
1.762395732966639	-420.9184008189281	-209.36876474386082	133.42718537301127	-209.36876474386355	1195.34448462058	-288.83405904603075	133.42718537300905	-288.8340590460311	-218.4191222727838	
1.8127498967656859	-66.63784211414054	-231.989038061921	-224.56242683846546	-231.98903806191717	-2443.2740466988325	-187.21076082396465	-224.56242683846625	-187.21076082396607	-124.37920033134618	
1.8631040605647327	991.1941482179534	-375.4605260380737	-135.92745241346162	-375.46052603807357	1317.6212669933416	-134.12260212065004	-135.92745241346012	-134.12260212065004	-211.0751917924413	
1.9134582243637794	-2887.304997741948	597.3211752467334	-44.088380389887746	597.3211752467295	-584.8953526612922	322.5372747974415	-44.08838038988668	322.5372747974415	11.135427904771054	
1.9638123881628264	1575.2655098280293	-737.8733537279021	107.43957648670484	-737.8733537279033	1486.9949076964867	320.6941062653429	107.43957648670583	320.6941062653452	467.3935111139249	
2.014166551961873	-444.554704518996	297.52554621929625	373.1989119334207	297.52554621929363	1525.0255736211916	312.2979506628935	373.1989119334213	312.2979506628929	478.87678983695014	
2.0645207157609198	645.2082092629873	-318.3593507506603	103.34524226557124	-318.35935075066	-67.00339009102451	610.0509122776778	103.3452422655699	610.0509122776773	214.18465987737085	
2.114874879559967	919.7594000282432	-279.5992128544395	8.83276187583522	-279.59921285444165	-1270.272145012809	775.8358603159132	8.832761875834963	775.835860315914	-80.69341586673215	
2.165229043359014	3572.092580582699	399.2744779539169	-310.1382007983129	399.2744779539174	2674.8285995314113	321.13819995566394	-310.1382007983118	321.1381999556628	461.1578125848775	
2.2155832071580606	-2417.5287684352406	-749.7111486439253	-145.12158217549526	-749.7111486439242	-1407.1084535769055	238.9076729227591	-145.1215821754945	238.90767292276084	1183.3772683269058	
2.2659373709571073	-2050.0189445813025	1974.8495154562736	-141.12989422608211	1974.8495154562754	2893.732852987313	-194.70743192538842	-141.1298942260815	-194.70743192538603	669.1781908953915	
2.316291534756154	-1253.274364055303	-926.8221683832669	562.059831562179	-926.822168383268	53.429919578417056	-183.088886687943	562.059831562178	-183.08888668794123	-467.6167079122672	
2.366645698555201	-1528.2333321744322	850.0030794710757	814.0119163106078	850.0030794710766	32.997533856257604	-388.6629129413654	814.011916310608	-388.66291294136516	-676.4387817080765	
2.4169998623542477	2244.5260388302736	572.957006357913	-240.68209268510165	572.9570063579123	-1344.711681776972	-422.93992893444175	-240.68209268510287	-422.93992893444135	-167.15327022482157	
2.4673540261532945	-1206.4910872111188	-1868.6648615276997	-683.9684969254414	-1868.6648615276988	808.7567472822101	31.1196021824131	-683.9684969254413	31.11960218241444	727.3423003765179	
2.5177081899523412	-604.2788985888066	918.4651347115151	-161.9829088449514	918.4651347115132	2085.1531495073905	295.63640651894485	-161.98290884495316	295.63640651894417	1062.5622830455322	
2.5680623537513885	1270.4910211827412	-802.9967409052146	459.4089338476095	-802.9967409052134	1020.436309888156	868.6010740651851	459.4089338476079	868.6010740651857	653.2783111874533	
2.6184165175504353	357.87596122299925	1701.469402347594	704.5288602527751	1701.469402347594	-1722.346176874062	407.57666509804	704.5288602527746	407.5766650980427	117.56439479339411	
2.668770681349482	310.014273496154	305.5834552967948	-365.33028711763535	305.5834552967937	148.82631450920138	-102.08206318721179	-365.33028711763603	-102.08206318721298	702.8302533559478	
2.719124845148529	1098.9774474018307	197.12678771064725	-390.63677438053713	197.12678771064685	52.65077693907903	-60.12121112192964	-390.63677438053736	-60.12121112192941	190.55834841042963	
2.7694790089475756	1628.280180200095	974.1040587090499	-31.316568423783664	974.1040587090499	2421.124744095942	225.86277860931278	-31.31656842378385	225.86277860931364	-501.65168226043806	
2.8198331727466224	868.4437198072434	-870.9470407074664	-260.8941654669822	-870.9470407074664	85.76002489088248	59.863836863413525	-260.8941654669811	59.8638368634133	-850.4758222872942	
2.870187336545669	-651.3740197949292	798.956143006495	-639.6794325219544	798.956143006495	-762.678622176643	-540.7721798902344	-639.6794325219548	-540.7721798902345	-246.01102625758762	
2.920541500344716	404.6835738923866	-94.74933380564478	-83.75656117090463	-94.74933380564548	-637.5339442268482	-50.89622271178957	-83.75656117090453	-50.896222711790934	-130.76730356300416	
2.9708956641437627	1641.208770844185	686.382765430577	28.22711391234954	686.3827654305761	157.30036744367843	57.06949490983948	28.227113912349882	57.06949490983934	247.40345466332806	
3.02124982794281	75.58025994718696	-1364.241464743789	361.26992097306567	-1364.2414647437884	148.49736640143556	337.65703386666024	361.26992097306584	337.65703386666	407.8431528118338	
3.0716039917418567	-348.7815047222899	-342.0988569467311	479.2481157667463	-342.098856946731	1416.810867845264	-33.24367736479342	479.2481157667467	-33.24367736479321	-8.151273259614868	
3.1219581555409035	-1142.7311207791895	-126.45388373818653	290.01128248757607	-126.45388373818636	4.691252480328286	-532.4290915081934	290.0112824875766	-532.429091508193	-852.4842595995086	
3.1723123193399503	-1664.2923754527676	-1027.127529989987	407.5670529675627	-1027.1275299899871	-460.6063660853388	-41.17063110648431	407.5670529675627	-41.17063110648476	-1143.5487903257504	
3.222666483138997	96.00278840591567	-565.0698244513254	399.93660735623246	-565.0698244513253	-967.3654201947177	188.2132618673862	399.93660735623195	188.21326186738662	-1020.0583379476369	
3.273020646938044	1317.6082325135937	-472.27151172094176	-78.97890038691452	-472.27151172094307	406.34559054154965	-44.57896670187745	-78.97890038691446	-44.57896670187706	-835.7477064668474	
3.3233748107370906	1046.889244043869	-575.5810424828669	-588.466423140238	-575.5810424828669	-686.2787601241309	-264.8951746775158	-588.4664231402373	-264.89517467751585	-211.51580753323455	
3.3737289745361374	-120.96472837830535	43.14950800293443	-139.137938821677	43.14950800293402	-748.0751592529125	227.11620395514177	-139.13793882167786	227.11620395514194	-135.14666176915867	
3.424083138335184	419.15207350261426	-369.4642087490746	-100.23199353906392	-369.4642087490749	756.7365206454352	43.445260301833386	-100.23199353906337	43.445260301833024	37.7279265997127	
3.4744373021342314	-324.2712317022551	1231.5307196617691	-75.19791122359513	1231.5307196617696	-190.03244332152434	-268.9468439335428	-75.197911223595	-268.94684393354265	706.5541939398463	
3.524791465933278	-644.7642756605832	571.3275769370238	-48.0052824651371	571.3275769370242	-782.8848003851999	75.13459664185837	-48.005282465137334	75.1345966418585	447.10784822572765	
3.575145629732325	34.005413457340254	136.65115025710625	-249.86558262861317	136.65115025710605	258.32633496051056	212.3817492083716	-249.86558262861348	212.38174920837105	-46.14541864959955	
3.6254997935313718	-1360.4901358144011	-269.9401362305622	-960.5344700552373	-269.94013623056196	258.1263905460699	-62.08632767330972	-960.5344700552372	-62.086327673309654	373.31919703314026	
3.6758539573304185	-1524.0597795220044	63.87750830374728	-778.9316010611797	63.877508303747405	191.5980464040489	-462.2110393170464	-778.9316010611797	-462.2110393170467	740.5654638140361	
3.7262081211294653	-328.23744622163554	573.9093951404166	-605.3052536191559	573.9093951404163	-323.6765750372813	-290.2687205385284	-605.3052536191558	-290.2687205385286	607.4852287495555	
3.776562284928512	-548.4257054907263	-87.31202542108682	-52.45345754074506	-87.3120254210866	-568.0211667675951	-289.1151885380953	-52.453457540745006	-289.11518853809525	622.7105625433591	
3.826916448727559	-547.8075719962085	550.4593283886697	306.13064587888874	550.4593283886696	-201.8548013660739	-142.15480965429202	306.1306458788889	-142.154809654292	861.0557490778284	
3.8772706125266057	4.655008104459725	171.43621537981304	250.0599882598819	171.4362153798131	-967.5096132779826	-221.44610962441917	250.05998825988206	-221.4461096244196	781.3716926027436	
3.927624776325653	-620.4308288598907	80.11315018262258	-125.67388500414013	80.11315018262279	-271.8850667422906	-201.76244787922133	-125.67388500414036	-201.7624478792215	490.6455871658043	
3.9779789401246997	-1460.1392458201599	-151.91783967050705	-353.00481173522775	-151.91783967050702	-795.5821147218112	433.72399189566664	-353.0048117352282	433.72399189566687	119.75912084198363	
4.028333103923746	-875.3382243805214	167.10572226269164	-154.9082503881967	167.10572226269173	326.3996940776076	527.6590404498531	-154.90825038819622	527.6590404498533	85.72158818732873	
4.078687267722793	-232.53722774417972	356.41896089092324	-380.95169253602535	356.4189608909232	597.0391778779436	170.28188604152672	-380.95169253602546	170.28188604152732	-44.37996400470359	
4.1290414315218396	-443.3927495488353	-310.7743540633748	-557.9728882411766	-310.77435406337395	-632.390796547753	-56.39553577345171	-557.972888241177	-56.39553577345155	-190.29232467443526	
4.179395595320887	-244.57762989162956	-794.265102160341	-867.7613112220656	-794.2651021603417	449.6210249950718	389.9154979206974	-867.7613112220655	389.9154979206977	-108.38954693058191	
4.229749759119934	1097.6412970475233	-658.2052455131903	-577.0248823484125	-658.2052455131902	800.2454837694697	-67.84966614447019	-577.0248823484121	-67.84966614446995	-21.29587180151992	
4.280103922918981	-633.983700306904	-940.0601108566461	161.10481503473076	-940.0601108566455	-468.69683330745875	42.6672511247128	161.10481503473144	42.667251124712514	-239.53665910589243	
4.330458086718028	-520.8530527903549	875.1093937976176	-2.2232041485266043	875.1093937976173	-1527.8687338470247	460.9434087796042	-2.2232041485268748	460.9434087796046	-291.0953249606923	
4.380812250517074	1233.2960964778426	630.8296970481639	-282.63297279975905	630.8296970481631	-584.2706659443691	913.6411132336858	-282.63297279975933	913.6411132336864	-529.1480680718053	
4.431166414316121	56.43619727075996	-220.99476218022082	-242.2181976074836	-220.9947621802209	1594.516562340709	905.2478602663001	-242.21819760748377	905.2478602662995	-246.20422254694648	
4.481520578115168	-815.6549057210804	206.29570461429844	46.18129235454618	206.2957046142991	-3136.222039440012	517.1333657151697	46.1812923545469	517.1333657151706	-69.48550479202986	
4.531874741914215	-984.1140373592721	-572.5300067957809	-80.56999080905801	-572.5300067957814	666.1733935939701	-258.39169281342527	-80.56999080905737	-258.39169281342487	-264.6967873318619	
4.5822289057132615	-1061.2520776522585	23.136566045873412	-133.21324111982585	23.136566045873412	-1209.9473039808536	-51.70525518588653	-133.21324111982685	-51.7052551858868	248.19592472282622	
4.632583069512308	1823.2612944534585	495.62565031919735	-666.7593087035965	495.6256503191969	2317.0730585504925	224.13030646431955	-666.759308703597	224.13030646432	985.4250135342287	
4.682937233311355	662.5160448396213	-970.7675611938358	-507.1875697079295	-970.7675611938353	987.9569682341937	74.05335829731703	-507.1875697079286	74.05335829731612	792.1425351002771	
4.733291397110402	602.9079414121962	313.9900884608585	-623.8684412350789	313.9900884608583	-2287.2591100206564	527.1284364141156	-623.8684412350797	527.1284364141152	365.59826994934656	
4.783645560909449	2018.9669049027864	-804.4342462287834	-530.6246629084714	-804.4342462287847	2667.1667278076325	-158.7640155083736	-530.6246629084709	-158.76401550837392	71.87915304265604	
4.833999724708495	936.4837468556323	278.55209851026365	-501.80236260190975	278.55209851026575	626.5398821173724	-809.4028693616414	-501.80236260191094	-809.402869361639	486.5518626542383	
4.884353888507542	-654.4692025875302	2691.9275852530345	-423.58252118051564	2691.9275852530363	-2348.644948344432	-609.7899753079122	-423.5825211805152	-609.7899753079121	937.7415346140723	
4.934708052306589	135.21723163653257	-1230.4521757687128	-276.31665306252717	-1230.4521757687126	1648.9462967377096	-216.75680428724695	-276.3166530625267	-216.7568042872472	554.3626608352918	
4.985062216105636	-543.9074367469858	-281.64942126323666	-155.67087692149607	-281.6494212632376	659.3723016964374	578.3512687775898	-155.6708769214949	578.3512687775897	23.392962638881365	
5.0354163799046825	1198.7410255640464	-1352.0693291112332	180.4828692383241	-1352.069329111235	-3417.198230151304	601.1789119578208	180.48286923832308	601.1789119578217	-213.44362422998591	
5.08577054370373	543.8574491584048	1644.4065271059815	43.908944461057665	1644.4065271059796	3637.2548941834	267.1579715106822	43.908944461056564	267.1579715106806	-122.18099553717376	
5.136124707502777	1728.6466196456406	717.8087902002617	-554.3450942494935	717.8087902002615	-957.6898641435394	-52.200755161045436	-554.3450942494961	-52.20075516104505	106.69287895144993	
5.186478871301824	-1150.486688091411	-1008.9921404234152	-508.09348345524916	-1008.9921404234167	327.76328442761866	-310.66903459249414	-508.09348345524927	-310.6690345924962	554.2017203590493	
5.2368330351008705	132.5742471044311	309.0336133560252	-158.07700795039673	309.03361335602443	2359.5305006462477	-437.2396632762037	-158.07700795039432	-437.23966327620366	443.5006413757128	
5.287187198899917	167.88737518039738	-467.0247432953804	-787.2367912202933	-467.024743295376	-262.408173547489	-242.4544620645129	-787.2367912202919	-242.45446206451405	-134.73822948374115	
5.337541362698964	1980.745422736061	-712.8867068733675	-918.7957567260444	-712.8867068733667	1074.0685045886182	136.1481763977389	-918.7957567260449	136.14817639773844	-344.658584944545	
5.387895526498011	145.40166581638275	1065.3467163947587	-113.07196060521869	1065.3467163947585	-260.8949162027135	13.479146672935688	-113.07196060521888	13.4791466729336	-129.68031797277143	
5.438249690297058	-1261.750211689013	200.99694639423464	464.31732081168457	200.9969463942349	-1110.8449523679756	129.38167564885063	464.3173208116834	129.3816756488532	-431.872111998011	
5.488603854096104	421.4433773863712	-363.04795533333134	315.31057191916193	-363.0479553333404	542.9530947601562	-148.82085432324197	315.3105719191619	-148.82085432324214	-466.60302316112325	
5.538958017895151	-1975.4534791455424	10.155544885940452	353.1174556436054	10.155544885936555	2019.9494034079971	-288.8470091433222	353.1174556436035	-288.84700914332393	-479.0104608405148	
5.589312181694198	-1199.6930632723845	-316.5987274098542	-2.3875256527973323	-316.5987274098542	-1311.1149518460325	-74.12225992922833	-2.3875256527996083	-74.12225992923035	-366.1332766850478	
5.639666345493245	-1946.6348406172506	561.7960460857579	-102.43383692656883	561.7960460857531	-3034.39846037414	-258.37067404753634	-102.4338369265698	-258.3706740475368	-588.0331299303326	
5.6900205092922915	758.4999301166989	215.41407981176624	-142.71752803516415	215.41407981176584	2272.3815175427244	70.1423790732704	-142.71752803516125	70.14237907327198	-818.629474890001	
5.740374673091338	-1155.0381941610713	-1412.4814830054283	-389.50141211316014	-1412.481483005427	-946.8463734677097	136.63598441227305	-389.5014121131574	136.6359844122756	-396.27784099321866	
5.790728836890385	1546.334364788046	639.5303907345831	-367.26122797374165	639.5303907345897	-159.36170435573638	-185.85768044908727	-367.26122797373887	-185.85768044908968	209.27279953863763	
5.841083000689432	-839.3709676568703	124.9459503721662	58.739869283786874	124.94595037216284	142.84147063207058	-127.15052388156121	58.73986928378847	-127.15052388156376	514.015425109572	
5.891437164488479	386.41423249971393	640.3003906347153	-128.91307699580517	640.3003906347174	16.28810932008269	125.63469678846823	-128.913076995809	125.63469678846745	427.20846390029203	
5.941791328287525	-251.98960461474334	769.5287843359628	-93.21142890791481	769.5287843359704	1328.6611664255365	17.27401556276611	-93.21142890791701	17.274015562764497	321.39989247319306	
5.992145492086573	611.4048410763895	-652.2238249241126	23.584715693826293	-652.223824924113	1018.5184221409893	112.66779231641938	23.58471569382666	112.66779231642046	524.9842107739721	
6.04249965588562	-880.2311433281892	512.1172360272044	-148.8732277435195	512.1172360272077	-1053.4871224726107	156.75991124104522	-148.87322774351918	156.75991124104087	297.25202305759797	
6.092853819684667	-2900.676603501546	261.69893991368775	-119.84732337137835	261.6989399136905	-1009.9959314015604	33.52611912431353	-119.8473233713776	33.526119124314036	466.8568468104821	
6.143207983483713	-378.62445508756826	-1039.03867308956	-96.51795462597055	-1039.0386730895652	1114.9930170518735	-222.1421671628871	-96.51795462596881	-222.14216716288698	537.9949805378222	
6.19356214728276	24.583663477409534	1605.3634458804459	-45.878804304227955	1605.3634458804484	854.3276017362688	-409.1611000592084	-45.87880430422995	-409.1611000592043	575.6035586976359	
6.243916311081807	-1352.763035945099	-512.436138289066	-142.6370185221628	-512.4361382890627	-784.133073739306	-271.55437463108115	-142.63701852215775	-271.55437463107944	466.0246758843549	
6.294270474880854	-310.64681576323903	512.820572315016	-134.54446851603302	512.8205723150124	1803.154668675274	-182.60654180989906	-134.54446851603305	-182.60654180989698	540.9701406706387	
6.344624638679901	-1704.9858369985009	965.0442019184703	-76.92044874904916	965.0442019184682	-2016.129217102313	-34.797383875268174	-76.92044874904708	-34.79738387526543	367.4664389788661	
6.394978802478947	53.6153607001861	-855.7676794705942	-123.27442235608166	-855.7676794705945	1682.9090521355936	-156.2773892747025	-123.27442235608287	-156.27738927470756	264.22889604918504	
6.445332966277994	603.7374941092685	621.0055795755866	-181.98373222262646	621.0055795755852	-18.052555653498136	-341.6834115380001	-181.9837322226292	-341.68341153799906	215.20106643490732	
6.495687130077041	-957.0011641613959	128.54196557321757	-130.28910062230779	128.5419655732148	-906.6159754997907	-311.6392878147565	-130.28910062231122	-311.639287814759	155.2163763887883	
6.546041293876088	1485.5849948288947	-451.7461960329121	-0.5864699945398992	-451.7461960329157	673.4391270163607	-199.39158480569213	-0.5864699945355317	-199.39158480569003	84.33380774377441	
6.5963954576751345	450.1427047738136	94.42233649995217	-83.04812461741372	94.42233649995576	-1256.3945318025415	-121.1901792137858	-83.04812461741386	-121.19017921378727	114.23184541409249	
6.646749621474181	764.5852611001225	191.98811429581107	-95.42421826960434	191.98811429580965	1310.6039702058706	-3.246598624626288	-95.42421826960432	-3.2465986246276923	286.4582517251794	
6.697103785273228	-190.56238679869273	386.69478938948424	-41.7246503679361	386.6947893894832	-1110.7555511883559	-76.41928688613112	-41.72465036793655	-76.41928688613089	15.198130384402715	
6.747457949072275	2664.8753091257804	-273.9021989397174	-70.1893900557608	-273.9021989397135	2520.5658268839443	-122.42704487658388	-70.18939005575928	-122.42704487658179	-32.91417825911177	
6.797812112871322	-1127.1036733954895	-31.579635954592003	25.843938464501317	-31.579635954594746	-998.2628449156356	7.385492581624387	25.843938464505822	7.3854925816273935	162.33365088488384	
6.848166276670368	683.8999425459756	-238.69880164757947	-5.394528428365536	-238.698801647584	1332.6537044267598	-39.38400608979266	-5.39452842836823	-39.38400608978941	64.96532816437477	
6.898520440469415	639.4864433387903	-162.60554215904324	-55.05649513238348	-162.6055421590423	-337.9301144804179	65.12443055245224	-55.0564951323827	65.12443055245477	-99.6513355392747	
6.948874604268463	-133.3417713267087	-50.983123228388514	-58.608821176164845	-50.983123228385345	-864.9891954647369	138.19011845142552	-58.608821176166536	138.19011845142788	-85.93864743127064	
6.99922876806751	537.7563410201623	505.5994634867942	0.5032655600364295	505.59946348679824	155.78143211707757	301.3219413443405	0.503265560035832	301.32194134434	76.9629863408827	
7.049582931866556	180.73351288076276	-1563.1655642150165	143.6593564820583	-1563.1655642150197	-2.6946651051124273	163.16520391830798	143.65935648206013	163.16520391830915	133.22361778886363	
7.099937095665603	-1129.608951160144	224.296672445043	177.42988721629453	224.29667244504182	-1871.3359839070094	79.74958313757267	177.4298872162924	79.74958313757368	329.1943830044234	
7.15029125946465	213.9895407649344	-897.0539229957068	206.88376374951633	-897.0539229957099	107.62135537773982	-112.26361856300204	206.88376374951656	-112.26361856300238	85.68743010174215	
7.200645423263697	-174.1611930671837	278.6195267671686	202.06307734099067	278.61952676716703	1458.44247447536	-143.05920315263333	202.0630773409903	-143.0592031526297	60.400415516749234	
7.2509995870627435	-972.3641105035388	-815.8546379088995	367.32894843012866	-815.8546379089026	236.34612570028153	-207.53179073922763	367.32894843013156	-207.5317907392232	48.4435584290583	
7.30135375086179	-1203.296167537456	759.8479805892625	267.63970970964	759.8479805892597	-888.0248385246125	-25.880009190534903	267.6397097096396	-25.880009190532785	38.93610785042938	
7.351707914660837	778.8258390277286	-535.1618640159178	255.6758027901691	-535.1618640159156	688.5370733566302	-64.81283628515712	255.67580279016948	-64.81283628515659	247.89447543292073	
7.402062078459884	-559.2564647977133	714.1616912127755	66.67511254322807	714.1616912127769	-395.25758061515603	-244.47669527826008	66.67511254322375	-244.4766952782596	465.6606484582302	
7.452416242258931	-104.48759975303136	-1406.1435159425985	45.36509983297395	-1406.1435159425982	1474.7850863008125	-40.91765032399241	45.3650998329699	-40.917650323991175	472.94635580281306	
7.502770406057977	-505.9051812536388	-158.071987454495	-186.19076244739696	-158.0719874544996	102.9988507534422	252.66617538097447	-186.19076244739782	252.66617538097697	34.973243841886735	
7.553124569857024	-55.473166479908826	805.9755396092214	-241.88063666712821	805.9755396092257	189.64900772924497	214.16002213833627	-241.88063666712603	214.16002213833866	57.51725430921679	
7.603478733656071	-637.4097351102993	-170.744215573963	-200.95989024721658	-170.74421557396556	265.93523799069874	129.48224033102957	-200.95989024721652	129.48224033102937	72.24017440406249	
7.653832897455118	-529.5929905766891	777.2295524902308	-49.11956907546362	777.2295524902319	387.07701797445276	390.93642282717815	-49.119569075463474	390.9364228271788	-73.1223213774844	
7.7041870612541645	-1119.9143171532	-497.0516799662966	-23.775443915773877	-497.05167996630496	-444.41029485939686	431.2459349897295	-23.775443915772858	431.24593498973246	-138.32159794100846	
7.754541225053211	1223.8538143527994	206.045253675536	-144.51013225376482	206.04525367553757	327.29494146076405	533.6454860120732	-144.51013225376482	533.645486012077	-198.12708317771654	
7.804895388852258	-853.3230259387857	-1070.4485250349164	-2.1964223704836034	-1070.44852503492	-1812.2894309490614	494.20012538866786	-2.19642237048693	494.20012538866854	-273.3710609013239	
7.855249552651306	1213.6040191016887	588.0902111761264	-44.37354964922482	588.0902111761282	1569.759526181245	465.1714692609078	-44.37354964922101	465.1714692609093	-168.23304853573495	
