# Stress in units of bar (10^5 Pa)
# z	Sxx	Sxy	Sxz	Syx	Syy	Syz	Szx	Szy	Szz
0.0	56.99775185350663	158.94977087421728	-261.8495734557009	158.9497708742178	102.97027324189946	232.00988210033395	-261.84957345570143	232.00988210033393	316.5838963758732	
0.050270961152471164	97.22808168707473	183.97591648578202	-208.58593307614115	183.97591648578265	153.78513422764837	239.39405817808228	-208.58593307614169	239.39405817808225	356.84850313336614	
0.10054192230494233	144.01040196286525	205.6740532105055	-154.4337453637766	205.6740532105062	204.10474108556068	247.32269441476788	-154.4337453637772	247.3226944147678	397.9652328375461	
0.1508128834574135	197.98178757654404	221.09823786642565	-101.34701088505324	221.09823786642647	250.5411251810639	255.8699521779609	-101.3470108850538	255.8699521779608	438.2840360924246	
0.20108384460988465	258.9275906034193	227.79335419197398	-51.03984400300851	227.79335419197486	290.5733238723421	264.66584680360586	-51.03984400300911	264.66584680360586	476.3760527449105	
0.2513548057623558	325.5324477162992	224.03699129597962	-4.9405297774547385	224.03699129598047	322.35599937791255	272.83680364530994	-4.940529777455344	272.8368036453099	511.1545035443296	
0.301625766914827	395.36171188728184	209.09322057186301	35.834151560362365	209.0932205718639	344.6716116557425	279.08230297375343	35.83415156036176	279.0823029737533	541.9000733245822	
0.35189672806729816	464.67002853757305	183.30691551471034	70.44772381387271	183.3069155147112	356.9420029943226	281.8542039301541	70.4477238138721	281.8542039301539	568.2294641976783	
0.4021676892197693	528.8715640328198	148.01580259707595	98.31730734276448	148.0158025970768	358.66619377328925	279.599180345649	98.31730734276385	279.59918034564873	590.0001466305887	
0.45243865037224046	583.2424016262005	105.31355318068636	119.13436193237716	105.31355318068721	349.846319843759	271.04748257686657	119.13436193237656	271.04748257686623	607.2262062205435	
0.5027096115247116	623.2948245586504	57.714491767942484	132.8813099328434	57.71449176794333	330.7109619445729	255.4416492320198	132.88130993284284	255.44164923201942	619.9713592724966	
0.5529805726771828	645.7157840553215	7.6894414957312165	139.84121188172116	7.689441495732083	302.0503823489421	232.7045379356088	139.84121188172065	232.7045379356082	628.3090438366535	
0.603251533829654	648.7185552884797	-42.60370932287204	140.61619282601677	-42.603709322871225	265.31357346993514	203.47299746018643	140.61619282601634	203.4729974601857	632.3099405635246	
0.6535224949821251	632.3559234230198	-91.49824775096124	136.10652183494707	-91.49824775096052	222.54388119205004	169.07390149511087	136.1065218349468	169.07390149511005	632.0807593799854	
0.7037934561345963	598.3325982299397	-137.8730801980426	127.45546442219462	-137.87308019804195	176.5241653522743	131.3470360282983	127.45546442219442	131.3470360282974	627.8060237204329	
0.7540644172870674	549.7056603444755	-181.14371564892116	115.9538647421637	-181.14371564892065	130.37819165861367	92.43528198374399	115.9538647421637	92.43528198374308	619.8064988635706	
0.8043353784395386	490.34455248341476	-220.85414246780516	102.94791005754013	-220.85414246780482	87.3111968326341	54.571378277835834	102.94791005754028	54.571378277834924	608.5645984446639	
0.8546063395920098	424.44825551679327	-256.54583023726235	89.70658343800599	-256.5458302372621	50.25657475270418	19.822301420248174	89.70658343800636	19.822301420247285	594.715202361439	
0.9048773007444809	356.0808660324654	-287.4786032556917	77.35539478446438	-287.47860325569167	21.365792193819516	-10.069411361579654	77.35539478446488	-10.069411361580489	578.9861313139102	
0.9551482618969521	288.82469850306103	-312.67391084908564	66.76947323578773	-312.6739108490858	2.0615834506631074	-33.82215940373489	66.76947323578841	-33.82215940373561	562.129121635148	
1.0054192230494232	225.77603098536073	-330.79508861700657	58.58606513436507	-330.79508861700674	-7.281714796857813	-50.66295256429243	58.58606513436584	-50.66295256429309	544.8586370145014	
1.0556901842018944	169.65647521726973	-340.40392842749355	53.18944062382315	-340.4039284274939	-7.034405805167012	-60.367534306423536	53.189440623824	-60.36753430642413	527.7822434226639	
1.1059611453543656	122.64399531634875	-340.0982342053685	50.718208386365035	-340.09823420536884	1.6696301733958023	-63.21438090586945	50.718208386365866	-63.21438090586997	511.3752034869128	
1.1562321065068368	86.54628883887781	-328.7805513912286	51.1579915642648	-328.78055139122887	17.534278594203784	-59.913958756546876	51.15799156426561	-59.91395875654735	496.03455879991776	
1.206503067659308	62.75733671954029	-305.8715409539334	54.41389180803172	-305.8715409539336	38.88538753356744	-51.545869202651	54.41389180803245	-51.545869202651424	482.0714688763346	
1.256774028811779	51.917786040894576	-271.43656741633004	60.35970464071203	-271.43656741633015	64.38609800215244	-39.486315679921034	60.35970464071264	-39.48631567992141	469.7684782583895	
1.3070449899642502	54.22562562898037	-226.32554473077357	68.78589021152085	-226.32554473077366	92.7404317674054	-25.2852454887407	68.78589021152133	-25.285245488741033	459.3970529854511	
1.3573159511167214	68.75461068082592	-172.0093561320085	79.43159634143127	-172.00935613200838	123.34875363185748	-10.578689988414421	79.43159634143157	-10.578689988414723	451.2268802861041	
1.4075869122691926	94.1424013131442	-110.61562218868595	91.8822799176493	-110.61562218868576	155.75664160688262	3.0647654082341584	91.88227991764946	3.0647654082338844	445.5195315452385	
1.4578578734216638	128.42817421845487	-44.59112617569152	105.51335560843228	-44.5911261756912	190.25987345996137	14.26517739447224	105.51335560843229	14.26517739447199	442.4212898378082	
1.5081288345741348	169.31129693209297	23.354443696176943	119.4517775717571	23.354443696177327	227.61351136747203	22.00608701603023	119.45177757175695	22.006087016029994	441.93229422413964	
1.558399795726606	214.72344509055927	90.7164982833867	132.6013967339336	90.71649828338715	268.87465909495114	25.71348141687453	132.60139673393334	25.7134814168743	443.8941398718012	
1.6086707568790772	262.89929044075024	155.32265628574422	143.71621290586526	155.3226562857447	315.22938530772427	25.328276385437665	143.71621290586486	25.328276385437483	447.9611236528009	
1.6589417180315484	312.3509471945115	215.42774351665872	151.5512182482728	215.42774351665915	367.5627475022687	21.27335321907591	151.5512182482723	21.273353219075734	453.6996419621015	
1.7092126791840196	362.2754087698969	269.8040523386932	155.09585202235343	269.8040523386937	426.38409117321635	14.354344622715294	155.09585202235286	14.354344622715137	460.63607699548027	
1.7594836403364906	412.0353445625748	317.67705235711304	153.75909987414468	317.67705235711344	491.2231582194382	5.616391595183177	153.75909987414406	5.616391595183062	468.4078757106096	
1.8097546014889618	461.45737340591927	358.5978762237968	147.50960572436233	358.59787622379713	560.8111740375575	-3.8032028410870815	147.50960572436168	-3.8032028410871597	476.84245994284834	
1.860025562641433	510.4721059049406	392.2405245419874	136.94301777283516	392.2405245419876	632.9807959822583	-12.81680161735161	136.94301777283454	-12.816801617351642	486.0070261027311	
1.9102965237939042	559.2652535722802	418.32351262871174	123.2279088195197	418.3235126287119	704.8274459387119	-20.473179116346362	123.22790881951902	-20.473179116346323	496.1839648336818	
1.9605674849463754	608.0332406994174	436.5936916211623	107.94615278377877	436.5936916211625	772.8986402554875	-25.971213088605	107.94615278377807	-25.97121308860489	507.7789811425216	
2.0108384460988464	657.1992441616065	447.0045057495495	92.84773401861233	447.0045057495497	833.7628039956996	-28.708279192025273	92.84773401861165	-28.70827919202506	521.1583423248939	
2.0611094072513176	706.937624473136	449.70547539864333	79.60023099913936	449.70547539864356	883.9062517799955	-28.267717198510024	79.6002309991387	-28.267717198509732	536.4543621472262	
2.111380368403789	757.3391502334117	445.2672373714443	69.52781512896433	445.26723737144465	920.4614457163484	-24.431298713071765	69.52781512896372	-24.43129871307139	553.3733968552946	
2.16165132955626	807.7954514775558	434.6242653628882	63.45344597196794	434.62426536288854	941.0000097666211	-17.227843837426043	63.453445971967334	-17.227843837425603	571.0648267991894	
2.2119222907087313	857.0271755673525	419.0397111222998	61.60771533486176	419.0397111223001	944.1945002708754	-7.024893759471368	61.6077153348612	-7.024893759470849	588.107921907024	
2.2621932518612025	902.9742641735448	399.8690625805437	63.63596300878229	399.86906258054404	929.5398322870144	5.455765444265028	63.6359630087818	5.455765444265561	602.6034236497817	
2.3124642130136737	943.0427598584217	378.2605530327572	68.69684818660579	378.26055303275746	897.7749642038657	19.156355571357565	68.69684818660537	19.156355571358144	612.387725529896	
2.362735174166145	974.1535271349851	355.04215828453107	75.60205102516215	355.04215828453124	850.65213636511	32.74693652549834	75.60205102516181	32.746936525498924	615.3180435053283	
2.413006135318616	993.4137988698235	330.56667245594815	83.01862647519681	330.56667245594826	790.8195564361987	44.7809450042605	83.01862647519656	44.7809450042611	609.5724906015753	
2.463277096471087	998.5367151840375	304.9316630893004	89.60883232116826	304.9316630893005	721.6185314205084	53.8927890072146	89.60883232116807	53.89278900721516	593.9213244885823	
2.513548057623558	987.9987692037452	278.0531161990088	94.12352371947657	278.05311619900885	646.5836030767032	59.031211654316756	94.12352371947644	59.03121165431727	567.8775878553249	
2.5638190187760292	961.7372083719782	250.10345480367582	95.49421221963023	250.1034548036758	569.2233495949315	59.667953998144455	95.49421221963019	59.667953998144945	531.7988559458157	
2.6140899799285005	920.7866672407152	221.59452256033236	92.92666026763774	221.59452256033222	492.9182096370499	55.88386445733359	92.92666026763774	55.88386445733401	486.8578710639391	
2.6643609410809717	867.4095534652979	193.52811954999862	85.97942772686105	193.52811954999845	420.60362969969367	48.41401890211762	85.97942772686108	48.41401890211799	434.9191343117523	
2.714631902233443	804.5003680045347	167.16136996966313	74.63985545147925	167.16136996966296	354.8983739674068	38.52575215691633	74.63985545147929	38.525752156916646	378.3680410809044	
2.764902863385914	735.5929633377505	143.80984282689462	59.42401886044958	143.80984282689442	298.060833514713	27.82304930949276	59.42401886044964	27.82304930949301	319.9233615576539	
2.8151738245383853	663.916171796182	124.59208267995992	41.409267774875175	124.59208267995972	251.7919582275494	17.996478780151843	41.40926777487524	17.996478780152017	262.385397512297	
2.8654447856908565	592.4350127956891	110.02023625180608	22.156037356773894	110.02023625180593	217.23180680752534	10.506633071815884	22.156037356773936	10.506633071816026	208.4592299131053	
2.9157157468433277	523.2278775845574	99.99192590109257	3.550809174848571	99.99192590109246	194.64596536208361	6.341852434725762	3.550809174848602	6.341852434725823	160.54604667294564	
2.9659867079957984	457.6594933985416	93.87738464657316	-12.489908060195555	93.87738464657309	183.23448674981776	5.814427535406246	-12.489908060195548	5.8144275354062955	120.60395125129932	
3.0162576691482696	396.25417754800424	90.81832076143888	-24.393823738906605	90.8183207614388	181.03553422976088	8.483825464661873	-24.39382373890662	8.483825464661887	89.90539868196049	
3.066528630300741	338.8293220729248	89.9196037389224	-31.28044894987694	89.91960373892238	185.16342688733766	13.272592664987446	-31.28044894987695	13.272592664987432	68.9229768344831	
3.116799591453212	284.62500796441043	90.74056998160711	-33.14970340366286	90.74056998160711	191.75373952740543	18.684826167910916	-33.14970340366289	18.684826167910867	57.268042741801	
3.1670705526056833	232.63964796016074	93.22925167895215	-30.89690929961164	93.22925167895217	196.77229212961737	23.056026221153665	-30.89690929961167	23.056026221153594	53.63533264123673	
3.2173415137581545	181.75144133755344	97.9080195011897	-26.187458187242928	97.90801950118968	196.1413732199169	24.88642483081949	-26.18745818724298	24.886424830819408	55.85422801721156	
3.2676124749106257	130.89235189328545	105.39125278452039	-21.05620333806136	105.39125278452042	186.6711446130467	23.10649158591019	-21.056203338061415	23.10649158591014	61.11730013226911	
3.317883436063097	79.45100445854962	116.20949220757788	-17.409221424876108	116.20949220757795	166.01860513810072	17.243123190840272	-17.409221424876186	17.2431231908402	66.19937874518409	
3.368154397215568	27.08789381242819	130.33638638539546	-16.578471369758972	130.33638638539546	133.55318400108342	7.4355455149717	-16.57847136975903	7.435545514971636	67.86025179570082	
3.4184253583680393	-25.47857088706469	146.94115487619942	-19.07729222189519	146.94115487619945	89.98588119866204	-5.6968359358540255	-19.077292221895227	-5.696835935854089	63.22497371513572	
3.4686963195205105	-77.09527170975278	164.41493532037816	-24.497647414006014	164.41493532037816	37.818213324697204	-21.274970857466876	-24.497647414006032	-21.27497085746691	50.25670627314678	
3.5189672806729813	-125.56657004980079	180.56142796212242	-31.682346185416367	180.5614279621224	-19.139773443729624	-38.41588733693624	-31.682346185416353	-38.41588733693628	28.184436519609733	
3.5692382418254525	-167.9248258523993	193.0598921594899	-39.071482594051034	193.0598921594899	-76.1225889554525	-56.544419347115564	-39.071482594051005	-56.54441934711557	-2.27851581877313	
3.6195092029779237	-201.17036243703188	199.84167070370472	-45.133598620565394	199.84167070370472	-127.78209851501984	-75.4775117305157	-45.13359862056533	-75.47751173051569	-38.898418880773825	
3.669780164130395	-222.26386713175924	199.62712684266054	-48.739262693612126	199.62712684266052	-169.2134360039454	-95.46592870541409	-48.73926269361204	-95.46592870541404	-78.02849155527953	
3.720051125282866	-228.9473160196356	192.3324856863945	-49.37756479254735	192.33248568639448	-196.28642980361786	-117.01055568716863	-49.37756479254726	-117.01055568716856	-115.04271764101112	
3.7703220864353373	-219.97494411274764	178.8087351985099	-47.22212167516602	178.80873519850994	-206.42177808816595	-140.57572645818993	-47.22212167516592	-140.57572645818988	-144.94218814800217	
3.8205930475878085	-195.8479134306123	160.67258399404025	-43.0355053074471	160.67258399404028	-198.85224471819384	-166.2534745890817	-43.03550530744702	-166.2534745890816	-163.0651747368373	
3.8708640087402797	-158.6407053306723	140.05235690578877	-37.90272175351646	140.0523569057888	-174.84320749258973	-193.4817266527664	-37.90272175351636	-193.48172665276624	-165.7629129216668	
3.921134969892751	-111.99589818828258	119.01997273148419	-32.91965191647766	119.0199727314842	-137.16835982675934	-220.90523715657386	-32.91965191647759	-220.90523715657372	-150.8977316273091	
3.971405931045222	-60.489015153968026	99.19449941175083	-28.950268079110593	99.19449941175083	-90.0796135220732	-246.3651012802809	-28.95026807911054	-246.36510128028078	-118.08332240855535	
4.021676892197693	-9.202515131407498	81.6976781164939	-26.46576552051515	81.69767811649386	-38.20569958329547	-267.21613847605073	-26.465765520515113	-267.21613847605056	-68.58839321674415	
4.0719478533501645	37.10146106443209	66.82203428760033	-25.475446159589488	66.8220342876003	13.739001989371431	-280.7849651562325	-25.47544615958949	-280.7849651562323	-5.018456214559071	
4.122218814502635	74.81106936153999	54.396208909244194	-25.577475684995726	54.39620890924416	61.81015224209635	-284.92406568069913	-25.57747568499577	-284.92406568069896	69.23043205025857	
4.172489775655107	101.68399915098209	43.84945288896302	-26.037615032836015	43.849452888962915	102.99122367230518	-278.598221151497	-26.03761503283608	-278.5982211514969	150.54237706684523	
4.222760736807578	117.99294088801743	34.3871711167142	-26.01754803465186	34.38717111671409	135.85301319113384	-262.23979447336615	-26.017548034651963	-262.23979447336603	235.499851424846	
4.273031697960049	125.45802840629213	25.16687306540885	-24.712226563631006	25.166873065408712	160.12601183356657	-237.82261128359295	-24.712226563631152	-237.8226112835929	321.0878525298951	
4.32330265911252	127.69444819913642	15.455310349062039	-21.49413308780728	15.455310349061833	177.05031808352382	-208.7315510890873	-21.494133087807455	-208.73155108908725	404.69596324045887	
4.373573620264991	128.9407512593464	4.748254038528838	-16.053007546555733	4.748254038528593	188.82768472662877	-179.1906582631174	-16.053007546555957	-179.19065826311737	483.93554333727013	
4.4238445814174625	133.70551168331002	-7.159178949619843	-8.463269431280743	-7.159178949620099	198.48438598573398	-153.50675473840647	-8.463269431280988	-153.50675473840644	556.4870974876192	
4.474115542569933	145.48019631551765	-20.13058872156887	0.7574452903038775	-20.13058872156917	209.18180209049834	-135.22785699036962	0.7574452903035969	-135.22785699036965	620.02614565363	
4.524386503722405	166.7626393571747	-33.512637649178245	10.752547128054733	-33.5126376491786	224.38482704919133	-126.42663350609983	10.752547128054434	-126.42663350609989	672.3027273920541	
4.574657464874876	198.12078635894304	-46.276516432844005	20.45756270892613	-46.27651643284432	246.86229141635542	-127.24661709903401	20.457562708925817	-127.24661709903403	711.4019862091363	
4.624928426027347	238.90869066881933	-56.92328407123016	28.769250712212212	-56.9232840712305	278.84115421089007	-135.8643862727277	28.769250712211864	-135.86438627272778	736.09950776627	
4.675199387179818	287.05647530382555	-63.84217867392173	34.79488665693218	-63.84217867392209	321.3902529215709	-148.80255733974664	34.794886656931816	-148.80255733974673	746.1043584473805	
4.72547034833229	339.9448123081406	-65.42850977724477	38.048041601201085	-65.42850977724508	374.5590381253719	-161.62977239526353	38.048041601200694	-161.62977239526367	742.1848659062279	
4.7757413094847605	394.42108920706687	-60.38156298674111	38.603962850885935	-60.381562986741464	436.8908209004402	-169.82915296826465	38.60396285088555	-169.82915296826482	726.0411752385352	
4.826012270637232	447.54410421581724	-48.14518513313756	37.068423069192136	-48.14518513313784	505.84496797297396	-169.64737279431586	37.06842306919172	-169.64737279431608	699.9875476889439	
4.876283231789703	496.44003587610905	-28.959541186881424	34.46310816097076	-28.95954118688172	577.7824111983621	-158.81820687586702	34.46310816097033	-158.81820687586725	666.5716748859525	
4.926554192942174	538.4910092415794	-4.0468081971393985	32.01932799225325	-4.046808197139683	648.2694451414098	-136.92154573758654	32.019327992252855	-136.92154573758683	628.1464634318165	
4.976825154094645	571.512960195087	24.523538044455364	30.852404750422515	24.52353804445511	712.5393322327542	-105.3991242235404	30.852404750422068	-105.39912422354067	586.6434650000253	
5.027096115247116	593.8479935500361	54.03385375567817	31.67556739853388	54.033853755677896	766.0707405977429	-67.21819880513243	31.67556739853342	-67.21819880513274	543.5189775216093	
5.077367076399588	604.366870662458	81.57935667825862	34.63908368908436	81.57935667825839	804.8180390224978	-26.31057042114412	34.63908368908395	-26.31057042114446	499.87152832963454	
5.1276380375520585	602.8002411663095	104.40330468038626	39.258594278110166	104.40330468038606	825.9517059340346	13.090314533829911	39.25859427810976	13.09031453382957	456.5647066291357	
5.17790899870453	589.5544564837573	120.3775551825699	44.5095532257462	120.37755518256972	827.9056234742723	47.147253183691234	44.509553225745854	47.14725318369088	414.38808795876304	
5.228179959857001	565.7067843027085	128.33367442226742	49.08014033841608	128.33367442226722	810.6174935646699	72.98802047711989	49.08014033841578	72.98802047711948	374.1125050946835	
5.2784509210094726	532.8931868067716	128.27122534738862	51.69510115240479	128.27122534738854	775.6703709706755	89.0238007350598	51.69510115240456	89.02380073505942	336.45108496154216	
5.328721882161943	492.70065835555636	121.31818730190578	51.40904726835994	121.3181873019058	725.9869694302241	95.05822033870002	51.409047268359785	95.05822033869964	301.9507410432603	
5.378992843314414	446.7995721888358	109.72345926251664	47.86327218556711	109.72345926251677	665.807981703261	92.15797993714551	47.86327218556701	92.15797993714514	270.9108863247508	
5.429263804466886	396.73942165307466	96.30269134004415	41.44351567924632	96.3026913400443	600.1636253460388	82.31992551487119	41.443515679246296	82.31992551487082	243.29480488892824	
5.4795347656193565	344.0438736193912	84.21993785551228	33.243162849468824	84.21993785551254	534.6597606133524	68.0599824993667	33.24316284946886	68.05998249936631	218.80241059398213	
5.529805726771828	290.42114189919187	76.25483948720446	24.930691054472575	76.25483948720472	474.7555796036138	51.90179718364309	24.930691054472657	51.901797183642685	196.96161335495393	
5.580076687924299	238.03216591957406	74.59177777756308	18.45155869147778	74.59177777756338	425.13254716259985	36.00789280374601	18.451558691477917	36.00789280374561	177.30856336640295	
5.6303476490767705	189.31800207916172	80.2524592008021	15.709764206656928	80.25245920080229	389.18443940624053	21.883127514156037	15.709764206657088	21.883127514155603	159.53558394962351	
5.680618610229241	147.23594491805244	93.16115980765983	18.202154912569846	93.16115980765991	368.58565618102875	10.244583164496497	18.20215491257003	10.244583164496069	143.60181219650414	
5.730889571381713	114.5091211708301	111.97326760338724	26.756784799329868	111.97326760338711	362.9017657747896	1.0981865501676422	26.756784799330106	1.0981865501672132	129.70789595559233	
5.781160532534184	93.14188865993287	134.69007547182093	41.31865478105445	134.69007547182062	369.6740684030703	-6.097037166785221	41.318654781054704	-6.097037166785626	118.23092949980341	
5.831431493686655	83.8563727413594	158.80968418389855	60.92629184707408	158.809684183898	384.60925578542884	-12.195740271141968	60.92629184707438	-12.195740271142341	109.65574761760685	
5.881702454839126	86.0122239491792	182.0938993484447	83.88495411920312	182.0938993484438	402.6602851294426	-18.12414581949436	83.88495411920343	-18.12414581949467	104.40566195408712	
5.931973415991597	97.04160717311406	202.59358824036872	107.96856312732059	202.5935882403676	418.26847247333416	-24.685763617959367	107.96856312732093	-24.68576361795957	102.75967968808682	
5.9822443771440685	112.95310105290008	219.22111176483426	130.74604109063253	219.22111176483293	426.4478603775979	-32.44027515055886	130.74604109063284	-32.44027515055896	104.75312740002391	
6.032515338296539	128.82111919040378	231.66559489016294	149.95148403867717	231.6655948901614	423.72248805149945	-41.72685461285617	149.9514840386775	-41.72685461285613	110.15689291467518	
6.082786299449011	139.83148733900796	240.2521621391606	163.81218498853374	240.25216213915894	408.1412639398992	-52.60273537152207	163.8121849885341	-52.60273537152187	118.46088095838554	
6.133057260601482	141.82382842167954	245.8024926720368	171.2147122690763	245.80249267203513	379.993877588584	-64.87152213525158	171.21471226907664	-64.8715221352512	128.9491442729564	
6.183328221753953	132.47478438789648	249.28887288374835	171.77674163466622	249.2888728837468	341.3441467391807	-78.14298393966176	171.7767416346666	-78.14298393966122	140.72397366465214	
6.233599182906424	111.58638521831656	251.52579301130783	165.78139257822212	251.5257930113064	296.0036640834175	-91.80978066401178	165.78139257822244	-91.80978066401109	152.78479112778527	
6.283870144058896	80.85449202945085	253.15098513999416	154.0497160015963	253.15098513999288	248.33337049913933	-105.10386757055977	154.0497160015966	-105.1038675705589	164.1074293941544	
6.3341411052113665	44.21191019663095	254.33279884527798	137.69279505915875	254.332798845277	203.27615388706778	-117.13677747962902	137.6927950591591	-117.13677747962805	173.72813299383756	
6.384412066363838	6.453320671094097	254.97607476120356	117.90678525879669	254.97607476120294	164.84116973817197	-126.91606795972258	117.90678525879697	-126.91606795972154	180.80685532633169	
6.434683027516309	-27.38659641418895	254.67148529822703	95.78921442546113	254.67148529822657	135.835601062458	-133.4602185320392	95.78921442546138	-133.4602185320381	184.6774707294665	
6.48495398866878	-53.11430873932804	252.9567076224859	72.22366221739067	252.95670762248568	117.44546774729142	-135.9054732653321	72.22366221739094	-135.905473265331	184.83244813722916	
6.535224949821251	-68.13002687862297	249.43088881453863	47.84701887163827	249.4308888145385	109.19798820532921	-133.61662096007274	47.847018871638525	-133.6166209600716	180.95246813833924	
6.585495910973722	-72.138467376497	243.8793405110141	23.048383658885697	243.87934051101408	108.86119423812214	-126.25919253666441	23.048383658885978	-126.25919253666332	172.9186024603811	
6.635766872126194	-66.59586181980504	236.44205858750092	-1.9686053739476552	236.44205858750095	113.59622180800729	-113.89878195059956	-1.9686053739473248	-113.89878195059848	160.8476176496454	
6.6860378332786645	-54.940961382713354	227.49590530118599	-27.108927349476463	227.49590530118596	120.05343460748648	-96.97732393620596	-27.10892734947603	-96.9773239362049	145.1226188858664	
6.736308794431136	-41.18579050050796	217.7645008350536	-52.37214098355372	217.76450083505344	125.65153027177281	-76.30124725499482	-52.372140983553166	-76.30124725499375	126.48440157289129	
6.786579755583607	-29.515493324027247	208.07869137383156	-77.79103580381417	208.07869137383122	128.6970925456949	-52.95739326988877	-77.79103580381343	-52.957393269887675	106.04799189754394	
6.836850716736079	-23.123070016656936	199.24415798330563	-103.45887966027826	199.24415798330523	128.91422525309181	-28.193388120280268	-103.45887966027732	-28.193388120279145	85.2892980976838	
6.887121677888549	-24.118728272102608	191.95428158660417	-129.49886656922212	191.95428158660374	127.06436698439828	-3.2895000146476674	-129.49886656922095	-3.2895000146464977	65.92927300601114	
6.937392639041021	-32.7030327910955	186.5280569310513	-156.0722968407882	186.52805693105074	124.67111704560054	20.590651093546306	-156.07229684078686	20.59065109354754	49.73994179490505	
6.987663600193492	-47.81888230849667	182.83394297543836	-183.37385678361616	182.83394297543774	123.18880447955277	42.502431863425514	-183.37385678361457	42.5024318634268	38.300594550289176	
7.0379345613459625	-67.28009039237855	180.3302940123853	-211.5591273413576	180.33029401238468	123.60795745956247	61.79865798951565	-211.5591273413559	61.79865798951699	32.72865720769055	
7.088205522498434	-88.45380693515415	178.10893159631783	-240.69426111172302	178.1089315963173	125.74397587744598	78.18707132365996	-240.69426111172118	78.18707132366136	33.4471533142671	
7.138476483650905	-108.56930438286376	175.06729704469961	-270.69172140129643	175.06729704469902	128.47009961911334	91.74563416280132	-270.69172140129456	91.74563416280272	40.1067626437729	
7.188747444803377	-125.51990697780522	170.08823817070163	-301.2733393272614	170.08823817070112	129.49003266646417	102.86185456455695	-301.2733393272595	102.86185456455834	51.63120997902405	
7.239018405955847	-137.74591834911823	162.40339568895462	-331.9152117443421	162.40339568895416	126.48676243803368	112.17817257581447	-331.91521174434024	112.17817257581584	66.42111699486405	
7.289289367108319	-144.570956795096	151.64589558303143	-361.82623553504243	151.64589558303095	117.30782370572626	120.45654920129212	-361.8262355350407	120.4565492012934	82.67716525496824	
7.33956032826079	-146.08701628936674	138.0980701492232	-389.9691789525133	138.09807014922282	100.92905275647792	128.46095565215336	-389.9691789525117	128.46095565215452	98.74288314710707	
7.389831289413261	-142.6923562171391	122.63728573926743	-415.07799462212205	122.63728573926707	77.69801532231756	136.83419080262658	-415.07799462212085	136.83419080262766	113.4396723306159	
7.440102250565732	-135.26691838265614	106.65350461365318	-435.7216314424017	106.6535046136529	49.6749149989988	145.99069709159647	-435.72163144240056	145.99069709159738	126.29583649304939	
7.490373211718204	-124.4458068919677	91.96235865485781	-450.4078076976655	91.9623586548576	20.152767756542772	156.0603067529584	-450.4078076976647	156.06030675295924	137.61781630507477	
7.540644172870675	-110.92017293225425	80.33023156815584	-457.7082621744502	80.3302315681557	-6.707277287655263	166.87957380092308	-457.7082621744496	166.87957380092377	148.4167581878653	
7.590915134023145	-94.99922620943428	73.52358595292938	-456.42541480914116	73.52358595292937	-26.666270587357367	178.05124770228247	-456.42541480914076	178.051247702283	160.17346398562262	
7.641186095175617	-76.91147771568345	72.75530575280595	-445.73072650882534	72.75530575280598	-36.051861789405905	189.06045057465855	-445.73072650882517	189.06045057465897	174.5175941885713	
7.691457056328088	-56.48996985254877	78.75312035172561	-425.3326185376798	78.75312035172576	-32.49958177155167	199.4236079906187	-425.3326185376798	199.42360799061902	192.90164299110046	
7.741728017480559	-33.495483286510634	91.49237993396214	-395.54441063259196	91.49237993396234	-15.262914049616782	208.82479990331564	-395.54441063259213	208.82479990331578	216.31553066307933	
7.79199897863303	-7.427118585388854	110.25634375403634	-357.31197199634846	110.25634375403664	14.802938913786477	217.20246238721484	-357.3119719963488	217.20246238721492	245.0879038609037	
7.842269939785502	22.4333782623754	133.44318105714095	-312.12050488899865	133.44318105714137	55.302587747544436	224.78396129834857	-312.1205048889991	224.78396129834857	278.84569449697545	
