# Stress in units of bar (10^5 Pa)
# z	Sxx	Sxy	Sxz	Syx	Syy	Syz	Szx	Szy	Szz
0.0	44.32516927701053	136.22319568335453	-277.35917745719667	136.22319568335485	103.71176387471635	229.46664151413393	-277.35917745719746	229.46664151413339	292.7601863919355	
0.050270961152471164	64.22329360500103	198.91294463093558	-198.56278251286682	198.91294463093612	215.67084722856862	217.79437001012687	-198.5627825128675	217.79437001012633	360.4390535742558	
0.10054192230494233	74.62185584813341	265.5717891990796	-125.96794500668605	265.5717891990805	302.61494971391704	211.92568092687657	-125.96794500668665	211.92568092687623	424.27218373028575	
0.1508128834574135	89.17432042205708	325.1888152500421	-61.934720472547404	325.1888152500433	357.4757836404274	217.093410975882	-61.934720472547845	217.0934109758819	480.0752198187114	
0.20108384460988465	126.68857116719697	366.0807337333894	-6.527479468330981	366.0807337333909	384.24465081976314	235.79716173981106	-6.52747946833135	235.79716173981126	525.6287301845297	
0.2513548057623558	202.31720052355945	378.7624260724002	41.891271285032175	378.7624260724017	394.88503862125674	266.59571585353314	41.89127128503176	266.59571585353353	560.6194450356179	
0.301625766914827	320.1218342989133	358.33120969801456	85.51095539726916	358.33120969801587	403.10822113247696	303.8532863916006	85.51095539726865	303.8532863916011	586.3572000484326	
0.35189672806729816	469.40220595700754	305.6399237541479	125.5720370521945	305.6399237541489	416.9955579403579	338.9446495048954	125.57203705219383	338.9446495048958	605.299320752331	
0.4021676892197693	627.849087263271	227.37995195491447	161.16917042878146	227.37995195491533	435.5442935119346	362.7039103324686	161.1691704287807	362.7039103324689	620.3320565677695	
0.45243865037224046	768.6675162580434	134.75362497750066	189.17661008365505	134.7536249775014	449.5664657994265	368.1977793979057	189.17661008365423	368.19777939790566	633.905750173143	
0.5027096115247116	868.871529036426	41.28913918538373	205.65504752277093	41.289139185384386	447.2968296489754	352.5831397386311	205.65504752277013	352.5831397386306	647.2753299402425	
0.5529805726771828	914.6595563914428	-40.54612782675491	208.0618611720619	-40.54612782675409	419.9289612253882	317.2354380355441	208.06186117206107	317.23543803554327	660.046607908816	
0.603251533829654	902.7237701161089	-102.79589694059055	196.90940715051886	-102.79589694058951	364.8866091423431	266.4176078398735	196.90940715051812	266.41760783987235	670.2360060257561	
0.6535224949821251	839.1264180519368	-144.28706328680053	175.7298215053312	-144.28706328679925	285.2594603570678	205.46326744482735	175.7298215053305	205.46326744482593	674.9561537365897	
0.7037934561345963	737.5958384910286	-170.8935661804833	149.41382559889743	-170.89356618048194	188.77542992816308	139.56223599557225	149.41382559889686	139.56223599557075	671.5468844635179	
0.7540644172870674	616.9592345895138	-192.63031126180232	122.09242720451181	-192.63031126180115	86.81950353446871	73.44137249774371	122.0924272045115	73.44137249774226	658.7578459854291	
0.8043353784395386	496.60172824109435	-219.66074495700906	96.03022697325198	-219.66074495700818	-6.783314662841015	11.509211704264306	96.03022697325196	11.509211704263013	637.4603549584583	
0.8546063395920098	391.4256357649345	-257.87683393346094	72.11525769724915	-257.8768339334605	-77.96402533944175	-42.117071731968174	72.11525769724956	-42.11707173196921	610.5083363169988	
0.9048773007444809	307.0908617959755	-306.7869841165452	51.1451450674105	-306.7869841165454	-116.9588029882774	-84.00834785086793	51.14514506741134	-84.0083478508687	581.7394458700888	
0.9551482618969521	239.731242324839	-359.71011099309743	34.6179800301597	-359.710110993098	-122.48452337659523	-112.09566378838082	34.61798003016087	-112.09566378838136	554.6782310744902	
1.0054192230494232	179.34399002932247	-407.1072005772236	24.345288686288512	-407.1072005772246	-102.69373010612429	-126.22837701141029	24.345288686289916	-126.22837701141071	531.5805440791634	
1.0556901842018944	116.5681944204803	-440.2357430858135	21.30785465268024	-440.23574308581465	-70.87895269798713	-128.11979540948025	21.30785465268172	-128.11979540948062	513.1657032075511	
1.1059611453543656	47.89121969597299	-454.44198621468445	24.780081613724338	-454.4419862146854	-38.97554214850615	-120.66946777351487	24.78008161372576	-120.6694677735153	498.8555955471311	
1.1562321065068368	-21.5113976562748	-449.3486108258787	32.37252334219238	-449.3486108258795	-11.687275857541067	-106.75024486338069	32.372523342193645	-106.75024486338116	487.1468743733234	
1.206503067659308	-79.49473700257448	-426.6532300841655	41.00325023331706	-426.65323008416607	13.790553388575063	-88.0418534690732	41.003250233318084	-88.04185346907369	475.9503939855615	
1.256774028811779	-111.75484043628725	-387.18505132794985	48.17566959915708	-387.1850513279502	43.886138883105836	-64.64544024501906	48.17566959915787	-64.64544024501951	463.1806582542707	
1.3070449899642502	-107.30076467025557	-330.06087318817964	53.11042985314195	-330.0608731881795	82.41794406506308	-35.88573019933891	53.11042985314248	-35.885730199339285	447.73560729670635	
1.3573159511167214	-63.82539192902817	-254.33664376624787	57.325664999637425	-254.33664376624762	127.30459668929298	-2.0781410170874395	57.32566499963772	-2.0781410170877166	430.6155689342675	
1.4075869122691926	10.554351612561106	-161.40778875338447	64.44017304383107	-161.407788753384	171.00347946900047	33.81049144452393	64.44017304383111	33.81049144452375	415.20740557144467	
1.4578578734216638	99.14102362687333	-56.9100656698476	78.88045468611602	-56.91006566984696	205.1475697845344	65.86626736891353	78.88045468611583	65.86626736891343	405.983997934478	
1.5081288345741348	182.56518914129165	50.186197744368656	103.5807267616737	50.18619774436945	225.09993159106068	86.93859081336267	103.58072676167335	86.93859081336258	406.15598360133356	
1.558399795726606	246.38151502782603	149.6584990006452	137.77682352957783	149.65849900064603	233.72391771312837	91.67955422449288	137.77682352957729	91.67955422449276	415.81408252398137	
1.6086707568790772	287.36341424261764	232.911058389225	176.1337964358223	232.91105838922584	241.2463086789892	79.1812547305742	176.13379643582167	79.18125473057407	431.82336961992604	
1.6589417180315484	314.2550500695206	295.2753337589884	210.07633526404106	295.2753337589892	262.2161259618872	53.65055186692021	210.07633526404038	53.65055186692001	449.7261155221852	
1.7092126791840196	343.42571056394337	337.66141317207394	230.83706714274135	337.66141317207445	310.0507865500102	22.713988574183002	230.83706714274058	22.71398857418274	466.0597124846222	
1.7594836403364906	388.78222231922825	366.6700732753616	232.9005044129664	366.67007327536186	391.2431163931805	-5.69411354341773	232.90050441296563	-5.6941135434180286	479.296978814831	
1.8097546014889618	453.76847665432115	392.43658245543554	215.86276915318913	392.43658245543554	501.9245905990417	-26.162727181260077	215.8627691531884	-26.162727181260376	488.9807899148971	
1.860025562641433	528.4004745431725	423.8981080766325	183.9372955547906	423.89810807663235	628.3238772811533	-37.32037732825636	183.93729555478993	-37.3203773282566	494.3436462001013	
1.9102965237939042	595.0965563314712	463.9448437347183	143.51177870469425	463.944843734718	752.2514630877417	-41.53595573912426	143.5117787046936	-41.5359557391244	494.42606597182123	
1.9605674849463754	640.1419787855028	507.3220693125931	100.58430276582399	507.3220693125929	858.1248460730721	-43.33947606732244	100.58430276582334	-43.33947606732241	489.96088133774293	
2.0108384460988464	662.8483400253957	542.478601805131	59.743290990825514	542.478601805131	940.0796537878979	-46.95579000583189	59.743290990824846	-46.955790005831716	485.23338114464684	
2.0611094072513176	676.4616729506341	556.5317614678372	25.053592251848595	556.5317614678374	1002.6512969625435	-53.861428377219596	25.05359225184788	-53.86142837721923	487.70774438953305	
2.111380368403789	700.3042490912087	541.2363776785105	1.3006074435822899	541.236377678511	1055.273298469046	-61.45634198513634	1.3006074435815502	-61.45634198513584	504.68575466338666	
2.16165132955626	749.1982136873166	497.4362158868268	-6.62816115065641	497.4362158868274	1102.256001789131	-63.821901334926665	-6.628161150657149	-63.82190133492604	539.1169794076474	
2.2119222907087313	825.9927785556946	435.77710597771056	3.4770153625079843	435.77710597771124	1136.3712566598713	-54.57764384469455	3.477015362507302	-54.57764384469383	587.3628721435662	
2.2621932518612025	921.4863184953377	373.81450983080595	28.38455280522716	373.81450983080674	1140.0647815831928	-30.52023468077611	28.38455280522652	-30.52023468077536	640.4807088341481	
2.3124642130136737	1019.4417055567076	329.1450489036345	59.64570729529581	329.14504890363514	1096.0664679945514	6.086156249133431	59.64570729529529	6.086156249134184	687.766001334035	
2.362735174166145	1103.566417190314	311.78361018455143	87.45965798106613	311.7836101845519	1000.1064521428393	48.093304429136964	87.45965798106573	48.093304429137696	720.1038488735278	
2.413006135318616	1162.1004864701167	319.1600406452091	105.70218564690762	319.16004064520945	867.3282933774668	86.52211691355969	105.70218564690734	86.52211691356041	731.5711006562478	
2.463277096471087	1188.8806270164182	336.3844693395142	114.50490800212172	336.3844693395144	726.5327221029223	114.24983623053397	114.50490800212161	114.24983623053461	719.5251545424653	
2.513548057623558	1181.6134032748237	342.902885388845	118.68435407469583	342.90288538884505	605.6063533925085	128.04710202570982	118.68435407469585	128.04710202571042	684.2329165548792	
2.5638190187760292	1139.6651145489882	321.9575887668467	123.48500905502885	321.9575887668467	516.9365553265275	127.95183937815432	123.48500905502897	127.95183937815483	628.6119326389849	
2.6140899799285005	1064.3292068909082	268.609986866114	130.7020673399242	268.60998686611407	452.52600497673166	115.16592624927843	130.70206733992438	115.16592624927887	557.7043470467866	
2.6643609410809717	960.8361121614317	192.23876053722498	137.28633548848165	192.23876053722495	391.8354387426252	90.68657271654314	137.28633548848182	90.68657271654351	477.48475604318105	
2.714631902233443	840.4162486196816	112.58884206352879	136.8051769838688	112.58884206352874	316.62291335127793	55.92233767138342	136.80517698386893	55.92233767138371	393.3217033561528	
2.764902863385914	718.6541963200032	50.73519442361959	122.41840415543845	50.735194423619475	223.9796860102545	14.543831710869721	122.41840415543857	14.543831710869924	308.868515170601	
2.8151738245383853	610.0339307658285	20.280109437842203	89.93785939278648	20.280109437842075	128.38440636320757	-26.402468842598687	89.93785939278652	-26.402468842598562	226.21078067218713	
2.8654447856908565	522.2821080665396	22.575507722232658	40.034269264751266	22.57550772223253	53.7996518516144	-57.72003920108738	40.03426926475126	-57.7200392010873	147.3361876585153	
2.9157157468433277	454.98338180283486	48.35716152145163	-20.91025633962498	48.35716152145151	20.1703647520047	-71.2909563267434	-20.91025633962502	-71.29095632674336	75.63158581362089	
2.9659867079957984	402.13343503846767	83.32948662830556	-81.50427728919476	83.32948662830546	33.87665915433342	-63.46771353633977	-81.50427728919485	-63.46771353633978	16.231361663323224	
3.0162576691482696	356.9354808166737	113.91923377641868	-127.7862182089491	113.91923377641865	85.57897154982192	-36.66520980903029	-127.78621820894915	-36.665209809030316	-25.409671872884953	
3.066528630300741	313.77802412433823	130.63000048499242	-147.020716886788	130.63000048499242	156.33713375088402	1.6033594831914435	-147.02071688678802	1.6033594831913938	-45.80760564261437	
3.116799591453212	269.801184148208	129.10507658532987	-132.3392829079331	129.10507658532993	226.1824188531946	41.57736919382147	-132.33928290793315	41.57736919382139	-44.86190019289894	
3.1670705526056833	224.89540020709734	109.92273787985619	-86.4389482117332	109.92273787985631	281.1270453037551	74.28950131467523	-86.43894821173328	74.28950131467515	-25.522729299680535	
3.2173415137581545	181.0342959733053	78.64048368959742	-22.34678538024876	78.64048368959757	315.3480635808214	93.62943448486678	-22.34678538024884	93.62943448486665	7.808046057071403	
3.2676124749106257	140.90979964956296	45.661748377981986	40.12239897015145	45.66174837798208	328.35409603482555	96.62571557990597	40.122398970151345	96.62571557990583	50.636252150798974	
3.317883436063097	104.38714126017156	25.02841953519718	81.28001402676647	25.028419535197237	320.724403093368	82.78640265217257	81.28001402676634	82.78640265217243	98.14196905817636	
3.368154397215568	66.65917730252049	30.544711017348604	88.82514700880455	30.544711017348575	290.08466103782797	53.65757681083901	88.82514700880441	53.65757681083889	143.96462554079352	
3.4184253583680393	19.25639116342026	70.37138441127111	62.02404622724	70.37138441127102	231.68920179956643	13.293240760204874	62.0240462272399	13.29324076020481	179.28671447934596	
3.4686963195205105	-45.699569694521415	141.82109037652577	11.112243388787801	141.82109037652566	141.59687958995542	-31.084390495585616	11.112243388787741	-31.08439049558568	193.88657192424955	
3.5189672806729813	-130.36077722531476	229.36107849635857	-47.26899405283638	229.36107849635843	22.023261871524085	-69.98712117048456	-47.268994052836405	-69.98712117048461	178.84560906594567	
3.5692382418254525	-228.26251013596502	308.2531835499241	-96.23505839671154	308.25318354992396	-115.71331020012873	-94.87491032375061	-96.23505839671151	-94.87491032375061	129.5409337642256	
3.6195092029779237	-324.8774291625416	353.4220887583974	-123.89992338287462	353.4220887583974	-252.39552029050628	-102.14770305420635	-123.89992338287452	-102.14770305420633	47.4308679024341	
3.669780164130395	-401.7493848399136	349.8761096355372	-126.10245223182096	349.87610963553715	-366.0751817891505	-95.36178684025293	-126.10245223182082	-95.3617868402529	-59.752551678223696	
3.720051125282866	-442.0775075829905	299.9040911944374	-106.27570209493963	299.90409119443734	-438.2135201957217	-84.12254361765302	-106.27570209493946	-84.12254361765295	-178.7318465279906	
3.7703220864353373	-436.3374986889685	222.07559073113723	-73.10380460980433	222.07559073113723	-458.01242759623057	-80.29456532641461	-73.10380460980411	-80.29456532641453	-291.7270846394522	
3.8205930475878085	-384.39544573105417	142.60832666112222	-37.15583825665589	142.6083266611223	-424.1260054808272	-93.82016124845471	-37.1558382566557	-93.82016124845458	-378.50832686340476	
3.8708640087402797	-294.4652844155753	83.34763793380326	-7.735434725466068	83.34763793380331	-343.99246131060704	-129.8776320313479	-7.735434725465891	-129.87763203134776	-420.19077075132424	
3.921134969892751	-178.98869968711298	52.87739131054614	9.309737264226001	52.87739131054619	-231.95687043180908	-187.90034703146773	9.309737264226165	-187.9003470314676	-404.577334544748	
3.971405931045222	-51.19357495144742	45.791174753316	12.505625864118661	45.791174753316035	-106.6596920389385	-261.69236914258744	12.50562586411879	-261.6923691425873	-330.9425349409873	
4.021676892197693	75.88276885387147	49.065512153702024	4.475261149668464	49.06551215370203	12.924091658673419	-340.21828755083783	4.475261149668514	-340.2182875508376	-211.5598334547957	
4.0719478533501645	188.50115740509955	51.03473065236177	-9.603579418699969	51.03473065236177	112.2677113253923	-409.2368078099671	-9.603579418699962	-409.2368078099669	-68.50122685539117	
4.122218814502635	271.5392345241602	47.033487409001204	-24.26792867369188	47.033487409001204	184.34035397811522	-453.80864469564006	-24.267928673691927	-453.80864469563994	73.23716495340463	
4.172489775655107	310.8908118598897	39.217716037278734	-35.941951309446274	39.217716037278734	229.7078178205842	-461.4492594535851	-35.941951309446324	-461.4492594535849	193.72531691518253	
4.222760736807578	297.6954760593391	32.21307337467948	-43.89949699704519	32.21307337467945	252.67825745147462	-425.2702385246294	-43.899496997045276	-425.27023852462924	284.43061240724285	
4.273031697960049	234.36777899605386	28.76927908420584	-49.24948469046977	28.769279084205763	257.4031828756632	-346.5036447020991	-49.24948469046989	-346.50364470209894	350.62790050031845	
4.32330265911252	137.3683551568388	28.070531256848366	-52.70378187362496	28.070531256848252	246.3242901546308	-235.92205984127514	-52.70378187362513	-235.9220598412751	408.7272390540364	
4.373573620264991	35.52597552987186	26.676305935994932	-52.787013465123025	26.676305935994755	221.55941769496093	-113.10486039826797	-52.787013465123245	-113.10486039826795	478.5780417067377	
4.4238445814174625	-38.25927923354462	20.91231672733244	-45.96159834878573	20.912316727332183	188.33611482289723	-3.141014454757311	-45.961598348786005	-3.1410144547572827	573.234939867005	
4.474115542569933	-58.22023846024382	8.080633940777545	-28.7207950681806	8.080633940777233	155.58934532367743	69.269186550223	-28.720795068180916	69.26918655022301	690.628481611157	
4.524386503722405	-16.270938269771257	-12.844850628757314	-0.40475045267768195	-12.844850628757712	133.43466149560624	87.0140528956963	-0.40475045267805143	87.01405289569628	811.9331048760378	
4.574657464874876	74.83596644079857	-41.260027562891175	35.1690688814382	-41.26002756289167	129.43941015999113	46.28026315366803	35.16906888143782	46.280263153668045	908.6820681501931	
4.624928426027347	188.2173504463397	-75.16272909078674	70.26085714772992	-75.16272909078721	147.12767586257763	-41.63093554533582	70.26085714772955	-41.630935545335824	955.5869738392577	
4.675199387179818	294.71491058099065	-111.10840212288772	95.76950351431138	-111.10840212288822	186.67015209666053	-153.5013433257607	95.76950351431103	-153.50134332576073	942.5098976755517	
4.72547034833229	375.8499440525884	-143.6498210319474	104.36200750228858	-143.64982103194785	247.85509328290362	-261.3337067965567	104.36200750228826	-261.33370679655684	879.0526847236139	
4.7757413094847605	430.0478171806967	-164.81024203987153	93.11080192683809	-164.8102420398719	331.1336881575951	-340.15115860279263	93.11080192683774	-340.15115860279275	789.7621072531176	
4.826012270637232	471.2157040516722	-164.94200426010005	64.82815530600567	-164.9420042601003	436.69601686430184	-373.6731466396908	64.82815530600536	-373.673146639691	702.9217005093292	
4.876283231789703	518.8667577234604	-136.31710130545827	27.573526395930248	-136.31710130545838	561.4423773801807	-356.5215866586608	27.573526395929864	-356.5215866586611	638.6917109700681	
4.926554192942174	585.7032112550988	-77.84538659741114	-7.672189835647551	-77.8453865974111	697.2992679871926	-293.5448977802933	-7.67218983564797	-293.54489778029364	602.0788997190322	
4.976825154094645	667.0261862484617	1.8506764734072192	-30.47196968047826	1.8506764734071908	830.2775442887922	-197.49246408664476	-30.47196968047877	-197.49246408664516	583.3571659147675	
5.027096115247116	741.3511147878469	86.97462234179358	-34.19458357661577	86.9746223417934	943.1175615407101	-85.75403824897484	-34.19458357661637	-85.75403824897522	565.0932142480704	
5.077367076399588	780.9938053321669	160.78999770094654	-17.83424993994045	160.78999770094617	1019.9487158000218	23.73203327523872	-17.83424993994106	23.732033275238308	531.9550013511057	
5.1276380375520585	768.9243703962885	212.35130605239615	14.054414511732071	212.3513060523956	1051.9822114555473	116.46603434428727	14.054414511731439	116.4660343442868	478.25837456996277	
5.17790899870453	708.810023216979	239.13131807898736	52.9977544609454	239.13131807898677	1040.3913262338315	183.75357548760178	52.99775446094484	183.75357548760127	409.7117792802852	
5.228179959857001	623.1693216037453	243.9930035316198	89.15959054650804	243.99300353161925	994.9750328900948	222.31562807790198	89.1595905465076	222.31562807790152	339.13928603382976	
5.2784509210094726	540.1648576527557	230.52479710877952	114.03077809598257	230.52479710877915	927.4579159252123	232.01418077684662	114.03077809598228	232.01418077684605	279.495473936352	
5.328721882161943	479.17385256446585	199.6468925644663	122.4404615073226	199.6468925644662	844.4743632520451	214.19975553488513	122.4404615073225	214.19975553488462	238.29736312411302	
5.378992843314414	443.42159661947017	150.91483878331115	113.14109929401326	150.91483878331135	745.2221008148082	172.26671812184412	113.14109929401329	172.26671812184367	215.92762525129652	
5.429263804466886	421.8155086806419	86.93673173888803	88.20496673096173	86.93673173888851	626.0813184156596	113.61196338084807	88.2049667309619	113.6119633808477	207.2977922042621	
5.4795347656193565	396.3504693548369	17.49750874064796	51.96713841577036	17.497508740648698	489.1220945231273	50.309862652654836	51.96713841577058	50.30986265265455	204.72304883978438	
5.529805726771828	350.2350829597384	-40.7824052141996	10.172372315719855	-40.78240521419866	347.73496661863845	-3.3977327597400446	10.172372315720077	-3.3977327597403715	200.61030654230757	
5.580076687924299	274.5180756938683	-69.82796572369874	-30.401429226649334	-69.8279657236978	224.9199247321606	-36.15184866595994	-30.401429226649146	-36.151848665960294	189.36551326824969	
5.6303476490767705	171.85447146324918	-58.28460232530216	-62.33150671088168	-58.284602325301165	145.22982950250878	-44.20070843583917	-62.33150671088151	-44.20070843583961	168.74089666077856	
5.680618610229241	57.49248747499928	-7.468634737297123	-78.49653724902416	-7.46863473729627	124.34181374097375	-32.67153130882393	-78.496537249024	-32.671531308824484	140.4993571104898	
5.730889571381713	-45.29641213193008	68.78387387794704	-73.59160201107741	68.78387387794764	163.0816720853324	-12.730961595517012	-73.59160201107721	-12.730961595517629	109.8929808523146	
5.781160532534184	-112.46411240539115	150.16990717129528	-45.64064849861487	150.1699071712955	247.80818808250217	3.836607157012814	-45.640648498614574	3.8366071570121676	83.59050853303683	
5.831431493686655	-127.879261839594	218.11446365717558	3.0526094754811837	218.11446365717532	356.23552651074687	9.776695599038149	3.052609475481546	9.776695599037495	66.75182101092628	
5.881702454839126	-88.82762411495739	262.4485601151014	65.91900636253312	262.4485601151006	464.53123637854696	4.5702536110374155	65.91900636253354	4.570253611036783	60.82789067183636	
5.931973415991597	-5.2687203374873945	282.5324102224637	133.10190482225028	282.5324102224623	553.3540388498794	-7.105463698908579	133.10190482225067	-7.105463698909126	63.54427612290521	
5.9822443771440685	103.46546207473713	284.2733950878859	193.5107085421859	284.27339508788407	609.6924256262316	-19.36891101507527	193.51070854218625	-19.36891101507571	71.11717174557234	
6.032515338296539	214.29289827728607	275.25685284560643	237.63517220333728	275.25685284560416	626.933686900516	-29.133016767272608	237.63517220333767	-29.133016767272842	81.08101965986916	
6.082786299449011	304.9013461997024	261.6035933358894	260.14655753452604	261.6035933358869	603.3379833765575	-37.49297685061511	260.14655753452644	-37.49297685061507	93.61604715490176	
6.133057260601482	357.47689764863736	247.31760872749027	261.0734500186268	247.31760872748757	541.2134815144124	-48.059197225451875	261.0734500186271	-48.05919722545155	110.5956365057582	
6.183328221753953	360.22682752499986	235.76190813768648	244.77554227272748	235.7619081376838	446.10874963438465	-63.80673314768021	244.7755422727279	-63.80673314767952	133.20900418938186	
6.233599182906424	309.3686023401932	230.22778987001496	217.46663385691664	230.22778987001254	327.8666945305373	-84.96811006008082	217.46663385691704	-84.9681100600798	160.05117435286735	
6.283870144058896	209.05563180291986	233.12659435337667	184.81887762269974	233.1265943533747	200.4369509765527	-109.19046146849762	184.81887762270014	-109.19046146849635	186.90768857864057	
6.3341411052113665	73.10738520292654	244.14198816715518	150.9078300620335	244.14198816715395	81.29949676990411	-133.3586099069998	150.90783006203387	-133.35860990699837	208.440956681864	
6.384412066363838	-75.45335652424666	259.7280816196679	118.54382118928407	259.72808161966736	-11.311531233190664	-155.20355518274	118.54382118928444	-155.2035551827385	220.63238648992956	
6.434683027516309	-206.4659737503329	274.4015220758387	89.77485938715668	274.40152207583895	-62.206561099853786	-173.42798647428017	89.77485938715704	-173.42798647427878	222.71665524388	
6.48495398866878	-290.21365574889205	283.53878037911403	65.68902516653253	283.53878037911477	-64.15084281109111	-186.65899116366256	65.68902516653284	-186.65899116366128	217.48818951025123	
6.535224949821251	-306.9672663439111	284.68330870318715	45.57975268994043	284.68330870318823	-20.135135419072036	-192.5223898239712	45.57975268994061	-192.52238982397006	209.65120279871576	
6.585495910973722	-255.69594380233818	277.80171300116444	26.691526335884422	277.80171300116535	56.14190458528246	-187.99910298257845	26.691526335884447	-187.99910298257743	202.88229371483044	
6.635766872126194	-155.83545107720465	263.90420087677984	5.428225068989962	263.9042008767805	143.41774765226657	-170.97123810271236	5.428225068989857	-170.97123810271142	197.24811779230154	
6.6860378332786645	-40.05335669487093	244.34015192555802	-20.514772443376476	244.34015192555827	217.27981647299862	-141.83673477316626	-20.51477244337665	-141.83673477316535	188.62374230204261	
6.736308794431136	58.97901029941812	220.55882935690562	-50.559040354808324	220.55882935690542	257.1455535547391	-103.87593258767242	-50.5590403548084	-103.87593258767156	170.78175723474638	
6.786579755583607	119.90975501321255	194.98658540747545	-81.5152605473161	194.9865854074747	252.05543265588526	-62.05494690466543	-81.51526054731593	-62.05494690466456	139.03291891920276	
6.836850716736079	136.77526415180301	171.02068630791092	-109.62078835890784	171.02068630790995	205.0377054070028	-20.984343854154307	-109.62078835890725	-20.984343854153437	93.44220441271142	
6.887121677888549	115.05016757169818	152.7832915023607	-132.94603742245445	152.78329150235965	132.55795510617963	16.508064774193315	-132.9460374224534	16.508064774194253	39.820988318273486	
6.937392639041021	64.65815984272213	143.94110073549766	-152.53479077791766	143.9411007354966	59.06891124698719	49.411533702966416	-152.5347907779161	49.411533702967496	-11.93251636031274	
6.987663600193492	-3.2656265877528767	146.56899597410933	-171.6712255772085	146.56899597410836	9.320937858404582	77.45577730759324	-171.67122557720649	77.4557773075945	-51.09283862838886	
7.0379345613459625	-76.82377423067686	159.92285426584613	-193.9995950182344	159.9228542658454	0.2843393963435972	100.00669471435745	-193.999595018232	100.00669471435893	-69.40787058997503	
7.088205522498434	-142.99592591407523	180.59358528720927	-221.7538668686483	180.59358528720864	35.77015259803753	115.94861250686822	-221.75386686864573	115.94861250686992	-63.2239048001656	
7.138476483650905	-190.44433667082976	202.75389748905087	-255.03628990831183	202.7538974890503	105.32346541372596	124.45620787609482	-255.0362899083092	124.45620787609667	-34.126029884037216	
7.188747444803377	-213.65962550395037	219.70555008191323	-292.19970716129586	219.7055500819127	187.24881172302443	125.94779489506311	-292.1997071612933	125.94779489506499	11.72973959003827	
7.239018405955847	-214.95024171529036	225.1217425395279	-330.89315420605885	225.12174253952733	255.17962209223836	122.3959490473932	-330.8931542060565	122.39594904739496	65.21631491087636	
7.289289367108319	-201.85413735876682	214.57416065166768	-369.1502432171764	214.57416065166709	286.2868858100901	116.8898443295276	-369.1502432171744	116.88984432952913	116.31490414649403	
7.33956032826079	-182.3607757959668	186.91114384949395	-406.0680144508132	186.91114384949336	268.2947364913446	112.78067057397405	-406.0680144508116	112.7806705739753	156.24249972955778	
7.389831289413261	-161.644536425842	145.18195009014897	-441.80550246858206	145.18195009014838	203.04347545658362	112.94848725364677	-441.8055024685807	112.9484872536478	179.168013561591	
7.440102250565732	-142.16030786184163	96.47010176370306	-476.7173954407473	96.47010176370254	105.02193911958094	119.4033346106959	-476.71739544074615	119.40333461069677	183.23586222966736	
7.490373211718204	-125.73391154040243	50.35299868077406	-509.96432325948723	50.35299868077373	-4.9270429632537684	133.06116321037675	-509.9643232594864	133.06116321037752	170.8309553800987	
7.540644172870675	-114.08941577368228	15.445569743387068	-538.3486093884183	15.445569743386931	-106.68538452037032	153.46775937921072	-538.3486093884177	153.46775937921143	148.1783679393117	
7.590915134023145	-107.13865827719334	-3.54926232166288	-556.3263218380182	-3.549262321662823	-185.31943384727612	178.5165968292192	-556.3263218380179	178.5165968292199	124.1745959661254	
7.641186095175617	-100.86603862180957	-6.98843522467287	-557.5412072621425	-6.988435224672699	-231.00625398297933	204.51908925683603	-557.5412072621425	204.5190892568366	108.43595118209194	
7.691457056328088	-88.38071254061398	1.6545805847747028	-537.2692745188299	1.6545805847748891	-237.3960107280022	226.87721064106722	-537.2692745188302	226.87721064106756	108.89692086219233	
7.741728017480559	-64.04213418916305	19.40934592424329	-494.50053661450517	19.409345924243432	-200.95387590161567	241.40870030171763	-494.50053661450573	241.40870030171766	129.7624561980048	
7.79199897863303	-28.208051512019956	46.24739634719632	-432.4723753911733	46.24739634719644	-123.9245822410381	245.81942104838777	-432.47237539117407	245.81942104838754	170.6328208999936	
7.842269939785502	11.376063793997432	84.60154424444781	-357.57891323655514	84.60154424444798	-16.37476314621813	240.67554425739291	-357.57891323655593	240.67554425739246	227.16879283579132	
