# Stress in units of bar (10^5 Pa)
# z	Sxx	Sxy	Sxz	Syx	Syy	Syz	Szx	Szy	Szz
0.0	34.206536204865245	156.20343818655914	-274.4997574450374	156.20343818655965	92.4531990758239	230.21980269717636	-274.499757445038	230.21980269717616	303.18698083336045	
0.050270961152471164	66.197671613562	198.51678925240225	-209.5958315340109	198.5167892524029	166.50036309885633	232.54336696107788	-209.59583153401152	232.54336696107762	354.4814016354872	
0.10054192230494233	104.35740324757023	238.2206803518261	-145.53233768162377	238.2206803518269	234.1903560130743	237.5616968496447	-145.53233768162437	237.56169684964456	405.6512701840636	
0.1508128834574135	152.49718576339598	269.8977451903955	-84.71264429010468	269.89774519039645	291.05707747941443	246.75793567055297	-84.71264429010525	246.7579356705529	453.7834085325414	
0.20108384460988465	214.36705873669547	288.43290246043466	-28.70198968502708	288.43290246043574	335.50891463037766	260.35974155134954	-28.70198968502762	260.3597415513496	496.847366182558	
0.2513548057623558	291.60949411952726	289.8426112682907	21.602246191229025	289.84261126829165	368.10887894200596	277.08817024717916	21.602246191228467	277.0881702471792	533.821298998416	
0.301625766914827	382.41870045621255	272.3935480923594	65.64811729792059	272.3935480923605	390.39405157187383	294.25062085464106	65.64811729792001	294.25062085464117	564.5950790691321	
0.35189672806729816	481.00820718841163	236.78593754529788	102.92191881554642	236.7859375452989	403.563571227343	308.2505561158139	102.92191881554581	308.25055611581394	589.7107044792743	
0.4021676892197693	578.314470561889	186.30267768319945	132.7782304552185	186.3026776832004	407.69325875987295	315.3396338347785	132.77823045521785	315.3396338347785	609.9995298022214	
0.45243865037224046	663.3862128751541	126.07101982407869	154.49817206962842	126.07101982407957	401.30419526065975	312.42435665766004	154.49817206962777	312.4243566576598	626.2235794203459	
0.5027096115247116	726.233632437272	61.89670289967145	167.52669094621493	61.89670289967235	382.47005367559575	297.67814868511664	167.52669094621425	297.6781486851161	638.798901040941	
0.5529805726771828	759.4503129620325	-0.9007952643419657	171.7634406390389	-0.9007952643410562	349.70696584971813	270.8612609186689	171.76344063903827	270.86126091866817	647.6807594737969	
0.603251533829654	759.863621997742	-58.619449055702546	167.7755487818293	-58.619449055701594	302.9545155829657	233.29582663197064	167.77554878182872	233.29582663196973	652.4266109876423	
0.6535224949821251	729.0809259241958	-109.68370938771452	156.8376276963332	-109.68370938771358	244.4858446272536	187.54129237441634	156.83762769633273	187.54129237441526	652.436860908578	
0.7037934561345963	672.4288020711548	-154.61423768492767	140.7805566788107	-154.61423768492682	178.7823519676886	136.95406490746495	140.7805566788104	136.95406490746382	647.2653588332937	
0.7540644172870674	597.7867830802	-195.21932530120623	121.69531395676361	-195.21932530120543	111.8775716228112	85.1984751680904	121.69531395676353	85.19847516808925	636.9092148291127	
0.8043353784395386	513.4534377179716	-233.66899017546672	101.66648116077309	-233.66899017546615	50.40342175280162	35.81174982233775	101.66648116077326	35.811749822336665	621.9425624501463	
0.8546063395920098	426.843192775379	-271.23641837212745	82.53872149997747	-271.23641837212716	0.10735750915940656	-8.138525366656125	82.53872149997787	-8.138525366657113	603.494284359072	
0.9048773007444809	342.85024717539886	-307.78093400839657	65.80301193041592	-307.78093400839657	-35.14555877374261	-44.314501916576376	65.8030119304166	-44.31450191657723	583.0278140214167	
0.9551482618969521	264.32261008640404	-341.5771192989371	52.52286242793455	-341.5771192989373	-54.00043456091322	-71.25057199965977	52.522862427935436	-71.25057199966051	562.0315105962575	
1.0054192230494232	192.29194551884558	-369.77999679529927	43.29159706283737	-369.7799967952998	-57.55097902334961	-88.37199307416918	43.2915970628384	-88.37199307416981	541.7235509630611	
1.0556901842018944	127.44234735583674	-389.0689056283179	38.19737171840389	-389.0689056283185	-48.44801825085585	-95.90277544637266	38.197371718405016	-95.90277544637321	522.86221244093	
1.1059611453543656	71.13656569537841	-396.3894813605619	36.897019712163505	-396.3894813605625	-30.034428874013543	-94.64051650875307	36.89701971216463	-94.64051650875356	505.6775423340514	
1.1562321065068368	25.843651708698655	-389.4460326385137	38.74369215296406	-389.4460326385143	-5.105729370979958	-85.73252890207058	38.7436921529651	-85.73252890207102	489.99179562145736	
1.206503067659308	-5.161217420572314	-366.9800206376238	43.06445202046901	-366.9800206376242	23.920927410009938	-70.5311100691755	43.064452020469915	-70.53111006917591	475.5009874081816	
1.256774028811779	-18.636704348518975	-328.745960106204	49.43741692642762	-328.7459601062043	55.62959756263959	-50.56578373949165	49.437416926428355	-50.565783739492026	462.0357466472425	
1.3070449899642502	-12.794984037309916	-275.57737302398937	57.84641596889608	-275.5773730239894	88.52754738701158	-27.638271364839998	57.84641596889661	-27.638271364840335	449.77561812512863	
1.3573159511167214	11.610183793694972	-209.43434712997504	68.6817038230972	-209.43434712997492	121.562641131507	-3.905076634945548	68.68170382309752	-3.905076634945832	439.3634109387562	
1.4075869122691926	51.461870621250284	-133.4424835479257	82.50492598003986	-133.44248354792532	153.4169085426281	18.14892346788158	82.50492598003996	18.148923467881335	431.71237796907235	
1.4578578734216638	101.38996545299759	-51.623479216629164	99.61762688410704	-51.623479216628695	183.77580344634347	35.95995081289074	99.61762688410694	35.95995081289054	427.72558820099584	
1.5081288345741348	156.11767968824614	31.370398620560422	119.523015839845	31.37039862056099	213.34717148983617	47.368806662052414	119.52301583984475	47.368806662052236	427.9160623247741	
1.558399795726606	210.94082217185328	111.00299125566472	140.71893825894767	111.00299125566535	244.64297302879055	51.10938879775815	140.71893825894728	51.10938879775798	432.1863198936561	
1.6086707568790772	263.7271764500889	183.8025494657732	160.71670152176264	183.8025494657738	281.23749099197045	47.20541651411364	160.71670152176213	47.20541651411345	439.80465755633327	
1.6589417180315484	314.33045376792	247.72419676972845	176.51109159905513	247.72419676972893	327.11778616424493	36.94946461967163	176.51109159905457	36.94946461967143	449.50415882455275	
1.7092126791840196	363.8544860447545	302.4360968532189	185.25581657483139	302.43609685321934	385.39353684543164	22.590043305365363	185.2558165748307	22.590043305365164	459.82594616823087	
1.7594836403364906	413.6830727055303	348.98864989729543	185.0213623020437	348.9886498972957	456.7727740282285	6.682497028546502	185.02136230204303	6.682497028546324	469.504039786048	
1.8097546014889618	464.10772726490103	389.0740343799494	175.28063020577827	389.07403437994964	539.6240231291775	-8.543872249836987	175.28063020577758	-8.543872249837136	477.73727503856935	
1.860025562641433	514.1910869509038	423.76386816351345	157.0539539879564	423.7638681635136	629.5139506383642	-21.622400808146264	157.05395398795568	-21.62240080814636	484.46089771612975	
1.9102965237939042	562.6110008102376	452.97294278705226	132.75368980601297	452.97294278705255	721.1019544508401	-31.932384266728498	132.75368980601223	-31.93238426672851	490.43860811211	
1.9605674849463754	608.5729746168947	475.2324649228268	105.70298791600273	475.23246492282703	808.4580526348474	-39.400527807365755	105.702987916002	-39.40052780736566	497.2131427470458	
2.0108384460988464	652.8248732128814	488.2348500945489	79.55931304519035	488.23485009454913	886.7776446771088	-44.02410735139168	79.55931304518967	-44.024107351391464	506.76916477445565	
2.0611094072513176	697.6984770196748	489.9792783984399	57.73218601259424	489.9792783984402	952.0704520710017	-45.48943004762947	57.73218601259353	-45.48943004762914	520.9871986048641	
2.111380368403789	746.2563738624996	479.8507757412045	42.8411015928963	479.850775741205	1001.1820140453938	-43.04179486738478	42.84110159289563	-43.04179486738434	540.9450837278872	
2.16165132955626	800.4437820103439	459.42234104622537	36.27994918608876	459.4223410462258	1030.9584675737137	-35.720744395037975	36.279949186088125	-35.72074439503745	566.3038079996629	
2.2119222907087313	860.3377563459808	432.3115226193346	37.991253429921784	432.31152261933516	1038.471772355199	-22.906518450981224	37.99125342992119	-22.90651845098064	595.0414609969121	
2.2621932518612025	923.1276643059907	403.14898178178476	46.56349977261671	403.1489817817852	1021.5874568856885	-4.8434999708509	46.563499772616154	-4.843499970850246	623.6351001723369	
2.3124642130136737	983.5303832190245	375.9746956917374	59.61798567461968	375.97469569173785	979.960216245817	17.074476580771886	59.61798567461923	17.074476580772554	647.6445973149391	
2.362735174166145	1034.968056485911	352.8990306667521	74.4892805984883	352.8990306667525	916.0112981139048	40.37552286357784	74.48928059848794	40.375522863578496	662.5795402377747	
2.413006135318616	1070.8112318285116	333.24157205314043	88.86816647633029	333.2415720531407	835.1511373996816	61.92849354055528	88.86816647633003	61.92849354055591	664.7375244757358	
2.463277096471087	1085.7888844243105	314.108096857276	101.13581238469709	314.1080968572761	744.3273017974524	78.62343902328966	101.13581238469693	78.62343902329026	651.8129539188749	
2.513548057623558	1076.711807705278	291.62175343909496	110.32884223860314	291.6217534390951	650.380064648368	87.98155825975441	110.32884223860309	87.98155825975495	623.1723670414893	
2.5638190187760292	1043.2512991650078	262.87344256003564	115.75490028789477	262.87344256003564	558.415769206443	88.60839861408598	115.75490028789478	88.60839861408647	579.7980793134542	
2.6140899799285005	987.5629041706854	227.44897715733165	116.60237731061632	227.4489771573316	471.1090889206279	80.41851626841323	116.6023773106164	80.41851626841364	523.9577619593485	
2.6643609410809717	914.3042185220113	187.79812211601165	111.7370180684429	187.7981221160116	389.34685451746066	64.64717635243008	111.737018068443	64.64717635243044	458.77423611300424	
2.714631902233443	829.5907751721544	148.58940487718388	99.92937089851922	148.58940487718382	313.7868240386144	43.753501394156295	99.92937089851932	43.753501394156565	387.77813955646354	
2.764902863385914	740.1529623484394	115.12568799600919	80.41645099727945	115.12568799600908	246.2358656888485	21.13274531698521	80.41645099727957	21.132745316985414	314.6266863519731	
2.8151738245383853	652.1328108752223	91.57615050097661	53.65264796646399	91.57615050097651	190.02052234717792	0.5972766621047754	53.65264796646406	0.5972766621049246	242.9296315986743	
2.8654447856908565	570.0121933642627	79.46192386260452	21.790065932741747	79.46192386260444	149.3922182136858	-14.282882726325589	21.790065932741786	-14.282882726325482	176.145194179428	
2.9157157468433277	496.134893001249	77.49788235299071	-11.300339198275308	77.49788235299059	127.63039113226125	-20.928785647107368	-11.30033919827528	-20.928785647107333	117.53400638927123	
2.9659867079957984	430.9431344105426	82.00367663200393	-40.594451319029815	82.00367663200387	125.77801245385746	-18.411319170861873	-40.59445131902983	-18.4113191708619	69.9865748811759	
3.0162576691482696	373.39546339620523	88.46240134919591	-61.11674317045736	88.46240134919584	141.2914219869194	-7.710853533890674	-61.11674317045738	-7.710853533890713	35.68190315137216	
3.066528630300741	321.6881099586998	92.83002938629974	-69.33947423485961	92.83002938629974	168.90048234093956	8.449501366856126	-69.33947423485965	8.449501366856031	15.853396051857743	
3.116799591453212	273.99741108599267	92.92842250996588	-64.34871365028226	92.92842250996591	201.22826714966948	26.217161977427708	-64.34871365028228	26.217161977427573	10.469846973856349	
3.1670705526056833	228.56410035532247	89.09704382865647	-48.32969488962122	89.09704382865654	230.61250038189274	41.436927507672195	-48.329694889621294	41.43692750767207	18.129967381900194	
3.2173415137581545	184.0647230593355	84.05430664781636	-26.304343959081653	84.05430664781639	250.04483941711106	50.52276629705029	-26.304343959081734	50.52276629705013	35.994375050813524	
3.2676124749106257	138.78602980097517	82.06684981205038	-4.782372508029809	82.06684981205044	254.19837031054334	51.16076130562759	-4.782372508029908	51.16076130562742	59.968417704240025	
3.317883436063097	91.07216771206042	87.68259164580454	10.045010658243491	87.68259164580456	239.35509128058303	42.7557928316491	10.045010658243406	42.75579283164895	85.00905215153504	
3.368154397215568	39.285914901774404	103.96433950948466	14.067746699027708	103.9643395094846	203.66700341406698	26.40190487883375	14.067746699027637	26.401904878833612	105.45662041505082	
3.4184253583680393	-17.910027786917553	131.14399704191612	6.335972565894551	131.14399704191604	147.61167535704428	4.641230840522493	6.335972565894487	4.641230840522368	115.64316859076078	
3.4686963195205105	-80.22940929965944	165.91046695436356	-10.778980821744291	165.91046695436336	73.90566655722627	-19.21576639311954	-10.778980821744343	-19.215766393119626	110.7287594969207	
3.5189672806729813	-145.3583358416667	202.1531922496235	-32.46761102198102	202.15319224962337	-11.86577953394481	-41.94215337146139	-32.46761102198104	-41.94215337146146	87.55712690579217	
3.5692382418254525	-208.670318846776	232.21185566644124	-53.091832910382244	232.21185566644112	-101.7038120879562	-61.30100677009658	-53.09183291038221	-61.30100677009662	45.59797369999619	
3.6195092029779237	-263.583134539678	249.24872956545903	-67.77841176895991	249.24872956545894	-185.76543189533658	-76.78812288147654	-67.77841176895987	-76.78812288147654	-12.52478949513927	
3.669780164130395	-302.93373598730653	249.465067648532	-73.68862918066952	249.46506764853186	-254.14333568686544	-89.81977464972898	-73.68862918066944	-89.81977464972897	-80.88232620127846	
3.720051125282866	-320.3490528909954	233.00321360776977	-70.5178729507644	233.0032136077697	-298.29965366435647	-103.358684044852	-70.51787295076429	-103.35868404485191	-150.8094425693487	
3.7703220864353373	-311.7259995397312	203.8877548217917	-60.24413674277593	203.88775482179167	-312.81191415515974	-121.02363364681665	-60.24413674277582	-121.02363364681656	-212.09826751842627	
3.8205930475878085	-276.3287849158488	168.3847726267142	-46.25461021984233	168.38477262671424	-296.39191008313315	-145.86419796982443	-46.2546102198422	-145.86419796982435	-254.7511907320026	
3.8708640087402797	-217.27514432581125	132.94156165712548	-32.26965248658489	132.94156165712548	-252.10439699273508	-179.19637866816848	-32.26965248658478	-179.19637866816836	-270.85728713225194	
3.921134969892751	-140.92754438662928	102.45757308829981	-21.333128917428176	102.45757308829981	-186.62978583807654	-219.8525056281008	-21.3331289174281	-219.8525056281007	-256.1983479526342	
3.971405931045222	-56.01919307483407	79.20978006564165	-15.148421033264391	79.20978006564165	-108.74052312360416	-264.01076300334137	-15.148421033264324	-264.0107630033412	-211.14605216596422	
4.021676892197693	27.33598560479836	63.040108317941296	-14.02085577552296	63.0401083179413	-27.95041041091067	-305.65618781906227	-14.020855775522922	-305.6561878190621	-140.4415654655595	
4.0719478533501645	99.21884719788491	52.34705261843618	-17.072330421243418	52.347052618436166	47.26996194252551	-337.6626607429328	-17.07233042124342	-337.66266074293264	-51.90331316406571	
4.122218814502635	151.35138375621236	45.12248957398616	-22.687924726085676	45.122489573986165	110.75801958035517	-353.3606668963313	-22.687924726085708	-353.3606668963311	45.714918384949506	
4.172489775655107	178.7879393174272	39.590874800545976	-29.027606822410025	39.5908748005459	158.68281327180395	-348.0561464731722	-29.027606822410096	-348.0561464731721	144.93004170653438	
4.222760736807578	180.9023418504798	34.63430542670281	-34.37068932243545	34.634305426702724	189.9497621600837	-320.4334324370353	-34.37068932243557	-320.4334324370352	241.14275607699113	
4.273031697960049	162.21204970317177	29.346780596211758	-37.271411027379386	29.34678059621166	205.62384043585618	-273.37743390108926	-37.27141102737953	-273.3774339010892	333.00351842535656	
4.32330265911252	131.53059554673683	22.90275367224978	-36.55808772750474	22.902753672249624	208.5268982934682	-213.84276977220225	-36.55808772750492	-213.8427697722022	421.4704498564272	
4.373573620264991	100.0801908485551	14.436093100357862	-31.353767424283053	14.43609310035766	202.576057302234	-151.8286057110311	-31.35376742428327	-151.82860571103106	507.95300018315066	
4.4238445814174625	79.38856809557655	3.0345288603658673	-21.29972815175025	3.0345288603655973	192.79047586432236	-98.42373292236176	-21.299728151750514	-98.42373292236175	592.2895821091832	
4.474115542569933	77.76771738148594	-11.943938788437691	-6.80658239789657	-11.94393878843799	184.39003199913276	-63.31645514855349	-6.806582397896861	-63.31645514855349	671.5295235583861	
4.524386503722405	99.03560943987182	-30.43003494250793	10.732984013825384	-30.430034942508286	182.66806191991614	-52.57879820281684	10.732984013825053	-52.57879820281683	740.1249567872951	
4.574657464874876	141.59904829049782	-51.39524073668221	28.967837084113054	-51.39524073668259	192.2108391699719	-67.07952643704944	28.967837084112734	-67.07952643704951	791.4639689832642	
4.624928426027347	200.07650244937022	-72.6900987214058	44.93122425305742	-72.69009872140623	216.69517781339886	-102.17673921359624	44.931224253057096	-102.1767392135963	820.2084316955086	
4.675199387179818	267.21197861425765	-91.20978596491098	55.720545721477095	-91.20978596491139	258.1941838855106	-148.74508789830153	55.72054572147677	-148.74508789830162	824.3676986319131	
4.72547034833229	336.8204583244499	-103.12453182265646	59.35401062437978	-103.12453182265682	317.4161917859618	-195.26118312843275	59.354010624379455	-195.26118312843283	806.1208913429813	
4.7757413094847605	404.60178501018174	-104.76984496389761	55.43468610359961	-104.76984496389792	393.0545792809862	-230.3772243332092	55.43468610359924	-230.3772243332093	771.1328503317693	
4.826012270637232	468.7457022116531	-93.32636364410529	45.39911379941724	-93.32636364410557	482.05149415774775	-245.33466789532906	45.39911379941687	-245.3346678953293	726.6504451626023	
4.876283231789703	528.2745064395763	-67.91696170363112	32.31895405642663	-67.91696170363137	579.1484173415588	-235.5956120587971	32.318954056426215	-235.59561205879731	679.1990744986143	
4.926554192942174	581.7986457025006	-30.068007969007738	20.08271304534369	-30.068007969007965	677.5613797634041	-201.44570168437974	20.08271304534323	-201.44570168438005	632.7984284587661	
4.976825154094645	626.2203262093436	16.34676492165545	12.3741828638504	16.34676492165522	769.2360995458018	-147.4992002101622	12.374182863849917	-147.49920021016248	588.4837379870589	
5.027096115247116	657.4701552288817	65.62531078731152	11.666279366573075	65.62531078731126	846.2318368629682	-81.38292845321672	11.66627936657256	-81.38292845321706	545.0977853292023	
5.077367076399588	671.5569841921845	111.52021973110294	18.55519173992643	111.52021973110263	901.7265961390617	-12.10344117881911	18.555191739925924	-12.103441178819509	500.8073967853831	
5.1276380375520585	666.4583999945286	148.3636292164081	31.610645092794698	148.36362921640776	931.1566589905052	51.62070281793247	31.610645092794236	51.62070281793207	454.59580109239437	
5.17790899870453	643.305117927341	171.98442692056676	47.75546784094462	171.98442692056648	932.6310565215853	102.6867610914172	47.755467840944185	102.68676109141677	407.0898040761763	
5.228179959857001	606.2981065036565	180.22341073485606	63.08309930779244	180.22341073485583	906.7537469448514	136.4490390029094	63.0830993077921	136.44903900290893	360.4258446483697	
5.2784509210094726	560.8173310006798	173.04560964191666	73.77410502213736	173.04560964191649	856.0776260880145	151.09017355302814	73.77410502213712	151.09017355302774	317.39976367993023	
5.328721882161943	511.7957253473538	152.35290631982878	76.99754017804365	152.35290631982872	784.6336699345067	147.55334305811544	76.9975401780435	147.55334305811502	280.3297480305394	
5.378992843314414	461.73493848529966	122.04161462583039	71.4884057750908	122.0416146258306	697.4844274710676	129.21794761190864	71.48840577509075	129.21794761190824	250.2271741352405	
5.429263804466886	410.3614320437965	87.55213024050713	57.80104471790413	87.5521302405075	601.0147787201092	101.23259300071537	57.80104471790415	101.23259300071499	226.5024612340204	
5.4795347656193565	355.7974986393616	55.47827916244056	38.196258597905086	55.478279162441055	503.2119859826435	69.53847838554913	38.196258597905185	69.53847838554877	207.33909474316732	
5.529805726771828	295.9368290242637	32.28477723056457	16.262431666495722	32.284777230565226	413.11389843005793	39.7385736705891	16.262431666495868	39.73857367058871	190.39096536533734	
5.580076687924299	230.7059915722745	23.268943741302778	-3.707005751083951	23.26894374130343	340.0396641160348	15.995260241082164	-3.7070057510837557	15.995260241081766	173.6356813673097	
5.6303476490767705	163.0171180577032	30.93878978798392	-17.41866868748052	30.93878978798452	291.69811180142955	0.2845643215029554	-17.41866868748032	0.28456432150250066	156.0243220234118	
5.680618610229241	99.16717849041163	54.569109339277304	-21.268813670442505	54.56910933927777	272.72696481389386	-7.726300793888694	-21.268813670442285	-7.726300793889179	137.68773985006283	
5.730889571381713	46.986919180835855	90.09594287386956	-13.06824619109307	90.09594287386982	283.036842697797	-10.145418314253408	-13.068246191092825	-10.145418314253922	119.78076792231592	
5.781160532534184	14.235160548649759	131.45303174525586	7.458749894350891	131.45303174525577	317.62578021946354	-9.871580465180479	7.4587498943511505	-9.871580465181005	103.97235696106455	
5.831431493686655	5.805963538341075	172.13777888084536	38.54356739522026	172.13777888084496	367.7386106193507	-9.66026813131517	38.54356739522058	-9.660268131315675	91.8906119716388	
5.881702454839126	22.621171511945967	206.75027347925163	76.60128141045827	206.7502734792508	422.19599390132095	-11.370846468043482	76.60128141045861	-11.370846468043938	84.67173058728584	
5.931973415991597	60.44401986962626	232.09076478744328	116.84612793347095	232.0907647874421	469.77980111067643	-15.797244409324797	116.8461279334713	-15.79724440932518	82.81464035722811	
5.9822443771440685	110.7603769906992	247.48899409914816	154.17180464772593	247.4889940991466	500.8652528038438	-22.97896109816535	154.1718046477263	-22.978961098165602	86.21753976665032	
6.032515338296539	162.45394444111645	254.14975444458278	184.08934955151136	254.14975444458094	508.8825443802997	-32.617620752547865	184.08934955151176	-32.617620752547936	94.38922940742171	
6.082786299449011	203.53324755265456	254.76731394111107	203.5322987313898	254.76731394110905	490.88619705360753	-44.445003795838694	203.5322987313902	-44.44500379583854	106.59946746009479	
6.133057260601482	224.2082006695036	252.2997690395847	211.2187086703348	252.29976903958263	447.9344504044388	-58.33004460618339	211.2187086703352	-58.330044606182994	121.92482211329995	
6.183328221753953	217.94848996485263	249.51207948554034	207.6183333231295	249.51207948553832	384.52025383088477	-74.09874949336019	207.61833332312986	-74.09874949335956	139.19731007818638	
6.233599182906424	183.55547252895983	248.30745718781543	194.54910198421504	248.30745718781367	308.21713591719754	-91.36558914657806	194.54910198421544	-91.36558914657724	156.9791277083728	
6.283870144058896	125.09815152576147	249.62415357334044	174.5923640118709	249.624153573339	228.38525567020633	-109.35153432099506	174.59236401187127	-109.35153432099403	173.62852902893667	
6.3341411052113665	51.74828647024208	253.24725619052836	150.46400682151568	253.2472561905274	155.25078532134793	-126.87835908530298	150.46400682151605	-126.87835908530184	187.58796372936285	
6.384412066363838	-24.312115336495346	258.05473789773987	124.48517994850626	258.0547378977393	97.49738008116616	-142.4463158170288	124.48517994850653	-142.44631581702757	197.68207276519732	
6.434683027516309	-89.79669880373066	262.41946761517306	98.2852396784484	262.4194676151729	61.57665270886521	-154.4094160285084	98.28523967844865	-154.40941602850714	203.3127672959942	
6.48495398866878	-133.93273055043517	264.5825331929594	72.69575472965174	264.58253319295954	49.51743567897799	-161.1582515053977	72.69575472965194	-161.15825150539644	204.3719170331797	
6.535224949821251	-150.3607018781238	263.127273504586	47.81383175222181	263.1272735045864	59.197119890934424	-161.34205580072768	47.813831752221965	-161.3420558007265	201.01555464642905	
6.585495910973722	-139.05401371874584	257.34443183127627	23.290298661223687	257.3444318312767	84.07762685724387	-154.1123068487288	23.2902986612238	-154.11230684872766	193.29353052844522	
6.635766872126194	-105.93815125488197	247.20052709696296	-1.3562703218468481	247.2005270969634	115.13262513359382	-139.30092033310808	-1.356270321846731	-139.30092033310703	180.93781337565113	
6.6860378332786645	-61.258938572005505	233.56744381840375	-26.423793083265693	233.56744381840394	142.82318769738276	-117.56526901831838	-26.423793083265508	-117.5652690183174	163.45209097239157	
6.736308794431136	-16.714237841061973	217.82596969742676	-51.88995379689069	217.8259696974268	159.56428489912096	-90.30921109667193	-51.88995379689038	-90.30921109667096	140.53553767005832	
6.786579755583607	17.36993567363342	201.909521844441	-77.47810744864378	201.9095218444407	161.59870141505638	-59.4690211377124	-77.47810744864323	-59.4690211377114	112.65760650724027	
6.836850716736079	34.12784592485071	187.83826695881308	-102.86003189323338	187.8382669588126	149.9898641552978	-27.22788690573291	-102.86003189323257	-27.22788690573188	81.51029424361474	
6.887121677888549	31.108510856417844	177.4650124627455	-127.92179858904535	177.46501246274482	129.88858859949343	4.3195332333743055	-127.9217985890442	4.319533233375403	50.08439070672527	
6.937392639041021	10.292660710350347	171.96112817947767	-152.92888820369748	171.96112817947693	109.17460481770723	33.40272465288945	-152.928888203696	33.40272465289065	22.28404484908992	
6.987663600193492	-23.35002252435939	171.60468722082655	-178.49104571091164	171.60468722082584	95.58638709512795	58.69353603813379	-178.49104571090987	58.69353603813511	2.1050788786443206	
7.0379345613459625	-63.07633290604045	175.4952134059854	-205.3605716321803	175.4952134059847	94.42265068750558	79.34774356289066	-205.36057163217828	79.34774356289206	-7.301378108662995	
7.088205522498434	-102.21825742359812	181.61240929134266	-234.14316822930527	181.61240929134198	106.71994670355562	95.0356757128493	-234.14316822930317	95.03567571285083	-4.439643235197966	
7.138476483650905	-135.2575498449766	187.19197652456933	-265.08401342390067	187.1919765245687	128.71670875127495	105.96733430069796	-265.0840134238984	105.96733430069952	10.079358942090998	
7.188747444803377	-158.69706844006245	189.2203270194206	-297.98762643059155	189.22032701942004	153.0030859626463	112.89636994498397	-297.9876264305893	112.89636994498554	33.63017978927549	
7.239018405955847	-171.40584892038834	185.08585591838636	-332.26498920240437	185.08585591838576	170.59034155802965	117.05960604713526	-332.2649892024024	117.05960604713677	62.125588938162345	
7.289289367108319	-174.2040887259243	173.43562582679613	-367.0442062408447	173.43562582679553	173.4070377785142	120.0403131514494	-367.04420624084275	120.04031315145077	90.90716530667503	
7.33956032826079	-169.25759121252585	154.33555416874316	-401.24273077488095	154.33555416874268	156.73305735045417	123.51655729840984	-401.2427307748792	123.51655729841112	115.73541293614457	
7.389831289413261	-159.21350700368083	129.4776165183742	-433.5523711608291	129.47761651837374	120.24004981840753	128.95630179939252	-433.55237116082776	128.95630179939363	133.6849080734303	
7.440102250565732	-146.47954205171672	101.90637236511837	-462.32604027130213	101.90637236511799	68.43750538104693	137.34572736207213	-462.32604027130094	137.3457273620731	143.73354337140682	
7.490373211718204	-132.60066576626133	75.29602290786346	-485.50960984948586	75.29602290786315	9.198668036368787	148.95969888774633	-485.50960984948495	148.95969888774715	146.93507498689357	
7.540644172870675	-118.28410854912471	53.29711354463889	-500.70741574245005	53.297113544638734	-47.64918828722803	163.27284353818084	-500.7074157424493	163.27284353818155	146.14851314870947	
7.590915134023145	-103.17609802591866	38.87166370973958	-505.45489377465844	38.87166370973948	-92.59178420206044	179.04065051978085	-505.4548937746581	179.04065051978137	145.3767789557658	
7.641186095175617	-86.50913361779483	33.95697426423129	-497.66176322356137	33.956974264231334	-117.7022401517305	194.57436989705317	-497.66176322356125	194.5743698970536	148.89116019309745	
7.691457056328088	-67.3677596387447	39.56197258600949	-476.13921823824336	39.56197258600958	-118.26339124629878	208.14841164558143	-476.1392182382436	208.14841164558166	160.28648678586785	
7.741728017480559	-45.474763069978714	55.65509263699454	-440.9859491870971	55.65509263699472	-93.30863167499167	218.45950761586585	-440.98594918709745	218.4595076158659	181.7874000169599	
7.79199897863303	-21.005506335640007	81.67770893857995	-393.723470073141	81.67770893858025	-45.56271205978359	225.0302917112844	-393.72347007314147	225.03029171128435	213.85178833238712	
7.842269939785502	5.564131968538945	116.01947463173148	-337.07439700223114	116.01947463173188	19.015151754617868	228.43401312020563	-337.07439700223165	228.43401312020546	255.19427227354578	
