# Stress in units of bar (10^5 Pa)
# z	Sxx	Sxy	Sxz	Syx	Syy	Syz	Szx	Szy	Szz
0.0	190.96209713505394	-2.383142470307291	321.66298265894955	-2.3831424703085986	704.140377346575	-73.77931227544715	321.66298265894835	-73.77931227544806	572.4276127237645	
0.052124943705848865	132.35834495040558	-7.7197240818987325	291.78392578903254	-7.719724081900267	724.9085036471549	-59.579947391613246	291.78392578903146	-59.579947391613544	547.8329435002489	
0.10424988741169773	74.6442649028877	-0.45634231245401224	277.72560237280913	-0.45634231245611545	699.4236442718313	-51.66051791701726	277.7256023728081	-51.66051791701698	511.8539268798806	
0.1563748311175466	-8.750123991771716	0.004248060389443253	282.46871519767797	0.004248060386913721	627.6629923919565	-70.54693556168435	282.4687151976773	-70.5469355616837	470.0077503506029	
0.20849977482339546	-129.983998657663	-9.332435152075604	297.81980082163443	-9.332435152078226	504.3459021674943	-125.23020954230446	297.81980082163415	-125.23020954230367	430.49647801180413	
0.26062471852924435	-251.03867510660987	-12.312934202077185	309.5048403958296	-12.312934202079234	360.9194090091785	-204.67706878468897	309.5048403958298	-204.67706878468817	406.4636071075636	
0.3127496622350932	-298.1418439780526	2.0465088899279777	306.91630353020867	2.0465088899270683	258.4785658758375	-285.96051325265495	306.91630353020923	-285.96051325265415	410.3948923496008	
0.36487460594094207	-218.60307280958187	28.72274668328251	291.71963181546425	28.722746683283077	233.46856420440054	-348.73040309168516	291.719631815465	-348.73040309168437	444.88931073178844	
0.4169995496467909	-26.90126976158905	62.644592901974505	276.21834911708	62.64459290197638	270.5744158947312	-383.54592004558936	276.2183491170805	-383.5459200455887	500.2498310077212	
0.4691244933526398	199.39746342849958	108.7323375386944	270.8469074399976	108.73233753869694	328.2612086768147	-392.4886846382384	270.84690743999784	-392.488684638238	562.4927051349141	
0.5212494370584887	365.9328924187714	167.04531690579455	272.43067240290645	167.04531690579716	373.96365162029616	-386.9688242175457	272.4306724029063	-386.96882421754555	623.0795788508957	
0.5733743807643376	414.5672128023601	219.56853860722006	265.54664643256547	219.56853860722248	396.90412504367407	-383.10161615517495	265.5466464325649	-383.10161615517507	678.7103916088437	
0.6254993244701864	358.8148882353775	242.06500954413747	237.1219628314461	242.0650095441396	408.0808286436156	-392.2563243702797	237.12196283144527	-392.25632437028	723.6514460925232	
0.6776242681760353	273.20777838567017	229.8412036415031	190.824528682712	229.8412036415051	428.8218941444132	-411.8409040454186	190.824528682711	-411.84090404541905	749.2989453794586	
0.7297492118818841	237.70694115669858	206.9619234178416	145.981123085866	206.96192341784345	467.8097614825442	-426.2864834732246	145.98112308586482	-426.2864834732251	753.8220032677343	
0.781874155587733	288.9073755887245	207.06473118072216	121.72864211928112	207.06473118072392	506.06156559713264	-419.4081605524258	121.72864211927995	-419.408160552426	747.9936728046478	
0.8339990992935818	411.9932283944803	240.93061906091717	124.26596460668938	240.9306190609189	503.6023784439026	-387.7650695505939	124.26596460668836	-387.7650695505938	749.206147624461	
0.8861240429994307	560.2669768758369	287.1872176290019	148.17760279453017	287.1872176290036	421.56128654993194	-344.2111543873049	148.1776027945295	-344.2111543873043	770.0537799447853	
0.9382489867052796	674.9868430007039	324.15237554032115	182.889341718907	324.15237554032296	249.46110774315127	-309.34260721249154	182.8893417189067	-309.34260721249086	809.7332726266463	
0.9903739304111284	699.1302455553454	362.10069398044925	214.7483746885236	362.1006939804511	21.956426599346628	-297.3343410947758	214.74837468852365	-297.3343410947755	851.4871190053319	
1.0424988741169774	598.5173433504349	426.17350468946984	228.41390635672565	426.1735046894721	-193.57434506513215	-305.5845539592936	228.41390635672587	-305.58455395929366	867.682685978906	
1.0946238178228263	388.03198626112743	508.3426303145303	212.13522193401985	508.3426303145329	-336.6792044502141	-314.42765911667584	212.13522193401994	-314.42765911667624	833.0970670137419	
1.146748761528675	129.704741639257	557.1227147612269	164.14194484842133	557.1227147612298	-389.9366407848246	-299.0466158886841	164.1419448484212	-299.0466158886845	741.8548565758866	
1.198873705234524	-115.1575818452585	526.7034287682195	96.2372849176193	526.7034287682218	-389.7985996962941	-248.7197755847171	96.23728491761892	-248.71977558471735	614.4677287530889	
1.2509986489403728	-328.5353013869163	430.72441385667344	31.19444178668033	430.72441385667486	-403.68115801524726	-177.51989815386656	31.194441786679903	-177.51989815386656	482.32551035622834	
1.3031235926462217	-523.4772154461275	338.4101259448261	-8.622598803645488	338.41012594482663	-476.23445019486894	-112.28847085233235	-8.62259880364578	-112.28847085233224	361.166531503971	
1.3552485363520705	-702.4108952554084	312.4247099986942	-15.899586184923928	312.42470999869397	-578.9525620594683	-67.98306704965403	-15.899586184924067	-67.98306704965398	245.44678854270373	
1.4073734800579194	-843.2576047745885	349.9822761905366	-2.881924803111242	349.982276190536	-626.5427416232146	-38.37329960024242	-2.881924803111313	-38.373299600242596	133.31266148210742	
1.4594984237637683	-914.8517890756998	391.27289503316206	10.997568231364973	391.2728950331613	-561.904928998677	-11.331553775313196	10.997568231364813	-11.331553775313713	49.553388366870784	
1.5116233674696171	-890.3735634011952	382.7943763154732	17.070438904123204	382.7943763154722	-412.0032683879689	14.585737492661064	17.070438904122884	14.58573749266024	33.139039334485965	
1.563748311175466	-755.9075975417945	321.46326765146813	22.071373609362414	321.4632676514669	-245.04219142143617	35.564450329477744	22.071373609361952	35.56445032947674	99.81736212072423	
1.6158732548813148	-531.559806988261	241.348955081442	35.7968632219782	241.34895508144078	-95.00255649650501	60.34335040703454	35.79686322197763	60.34335040703358	220.68738848797946	
1.6679981985871637	-276.0063531440071	173.70867489861814	57.405385821894775	173.70867489861718	53.89898823839613	110.2047113669745	57.40538582189403	110.20471136697381	338.97597499273843	
1.7201231422930126	-37.36206063020701	125.88319932069726	74.42358877341982	125.88319932069658	231.25466214539165	192.76939592316756	74.42358877341874	192.7693959231673	408.4413429416453	
1.7722480859988614	194.0385224183653	89.66022870656553	71.47809477831048	89.66022870656528	439.8073815878207	280.7831475752924	71.47809477830913	280.78314757529245	419.2448248208147	
1.8243730297047103	454.54371468655944	60.04952605595547	38.55678240865239	60.04952605595537	629.8921529039131	329.35811758793545	38.55678240865093	329.3581175879357	391.664733337807	
1.8764979734105591	737.174913409478	46.78933308969843	-24.949718404770273	46.78933308969832	717.1118163154996	317.2955265813514	-24.94971840477164	317.2955265813515	349.39127045343344	
1.928622917116408	985.1224729335091	67.05952985878434	-110.17874232846665	67.05952985878426	654.9129543998432	264.0100343304412	-110.17874232846783	264.01003433044116	300.034668469401	
1.9807478608222568	1144.0290276362753	123.03966060303759	-202.37844359817348	123.03966060303739	492.41297094541017	206.08856080673314	-202.37844359817444	206.08856080673314	234.65507074007132	
2.0328728045281057	1186.1377214806291	191.55868316453825	-285.076968368507	191.5586831645379	336.34643900887374	167.8050574559811	-285.0769683685079	167.80505745598128	136.52560244602194	
2.084997748233955	1106.0174209720028	246.04032296047706	-343.85401497889444	246.0403229604765	259.23853193055356	153.40696707157502	-343.8540149788952	153.40696707157548	-8.80226908578289	
2.1371226919398034	942.411522462551	282.6713304189189	-370.72750459195004	282.67133041891816	259.7076119478039	150.62015701742317	-370.7275045919507	150.62015701742388	-196.79233445711947	
2.1892476356456525	782.4273332086804	309.3492474222391	-362.497547775105	309.3492474222383	287.34592005692446	132.79356299784382	-362.49754777510543	132.79356299784462	-382.55758007788154	
2.241372579351501	682.937443568947	311.13780164540526	-311.3129549273123	311.13780164540447	277.2594076429513	71.14706003453311	-311.3129549273128	71.1470600345339	-482.0332053535949	
2.29349752305735	600.8072496109831	250.79286430718085	-206.90706895192685	250.79286430718014	181.40678640679715	-37.12208660215711	-206.90706895192722	-37.122086602156486	-419.5775361468686	
2.345622466763199	453.31330483946715	112.0845245500775	-58.95853351303546	112.0845245500769	4.839644861650854	-152.6007811884217	-58.95853351303589	-152.60078118842128	-193.75377672266816	
2.397747410469048	239.62649895301803	-72.13777466078375	92.5399233727708	-72.1377746607843	-182.66875301448647	-220.84081277299015	92.53992337277035	-220.84081277298992	104.9622839077327	
2.4498723541748966	57.022759498764145	-245.02997771449407	203.3159027480351	-245.02997771449452	-282.5556392293143	-224.30637169189163	203.31590274803472	-224.30637169189157	349.60732500027837	
2.5019972978807457	-7.911739899992384	-368.3623136924749	258.28325631600796	-368.36231369247514	-227.4924516256873	-199.11416531612488	258.2832563160076	-199.11416531612488	455.40772782272006	
2.5541222415865943	31.817213022180624	-435.05358323402726	272.94531162163554	-435.0535832340273	-19.523942772731687	-193.96061675389495	272.9453116216353	-193.96061675389498	418.4092094929974	
2.6062471852924434	101.88768228146174	-453.7202278897849	267.86609120021467	-453.72022788978495	273.3245559253412	-220.14938857850257	267.86609120021456	-220.14938857850262	300.1462855989173	
2.658372128998292	166.14377367304127	-435.36223418036474	249.26052186672	-435.36223418036474	545.8078347510145	-245.8036878788467	249.2605218667201	-245.80368787884677	185.67342674895997	
2.710497072704141	256.68575641453117	-388.55021388531395	210.76991229356668	-388.55021388531407	694.8738989374738	-228.29106094678133	210.76991229356673	-228.29106094678139	145.6531412029302	
2.7626220164099897	414.325273464379	-315.69037822284724	144.78933634546763	-315.6903782228474	667.1220657770493	-146.1700609936713	144.7893363454677	-146.17006099367137	215.68745961743326	
2.814746960115839	618.2958459763802	-217.30518900202674	49.84951396082595	-217.30518900202696	487.2919128696847	-10.851386687967317	49.849513960826	-10.851386687967292	387.94160086866947	
2.8668719038216874	775.5615004433121	-105.74862278864924	-65.35645411366575	-105.74862278864953	239.85530330701303	140.4217330258504	-65.35645411366569	140.42173302585053	609.4499282477143	
2.9189968475275365	782.1417898865991	-7.477627186454313	-179.2604058373299	-7.47762718645464	25.338621384634365	265.40314799845095	-179.2604058373298	265.40314799845123	797.4922959047383	
2.971121791233385	607.6609279673438	55.51142646955111	-264.2531789067506	55.51142646955077	-82.30596533786287	342.0957597193267	-264.25317890675046	342.095759719327	880.546492186756	
3.0232467349392342	327.762526889857	83.93979404190857	-305.7546546964352	83.93979404190827	-72.1655454632243	378.93214525746527	-305.7546546964351	378.93214525746555	841.1200231312212	
3.075371678645083	75.83317666141194	96.11771268414812	-314.84552289655994	96.11771268414785	-3.7009113164555174	395.5558208688046	-314.8455228965599	395.55582086880486	719.3484296407239	
3.127496622350932	-44.79163678424101	104.90491572301474	-314.416810138585	104.90491572301454	40.088507100800655	390.2917431045821	-314.416810138585	390.29174310458234	570.5744815500202	
3.1796215660567806	-23.149034196286127	104.68343673629224	-309.47422126969474	104.68343673629208	25.5048698693338	335.4837349319645	-309.47422126969485	335.4837349319647	421.2770615510136	
3.2317465097626297	60.97214023150196	84.8404214210237	-276.1058150333897	84.84042142102368	-8.002576704841946	214.68906435878472	-276.1058150333899	214.68906435878478	267.2216865162631	
3.2838714534684783	98.40185545751137	52.10374977591328	-186.39331404279426	52.10374977591329	-9.7526839103148	58.175219763556115	-186.3933140427944	58.17521976355608	101.71338799000534	
3.3359963971743274	29.172912496011747	31.01035884264259	-44.47941660835131	31.010358842642717	6.163765273010043	-71.13782541224988	-44.479416608351386	-71.13782541224997	-69.95322520295177	
3.3881213408801765	-120.42919745811383	38.53594520835926	108.04383186393947	38.53594520835941	-29.698147010579362	-127.72624223697105	108.04383186393946	-127.72624223697113	-238.9682778888896	
3.440246284586025	-269.36539729798426	61.90535828369836	226.2661610694805	61.90535828369852	-158.4040495415582	-115.47790079716216	226.26616106948046	-115.47790079716225	-395.9051932225868	
3.492371228291874	-350.5928235734379	64.42950686806937	296.2843885095289	64.42950686806948	-343.2672993471318	-75.46365040457593	296.2843885095289	-75.46365040457599	-518.4247312775282	
3.544496171997723	-352.9400292814521	13.544328720115942	329.90070696352905	13.544328720115999	-502.33152419758903	-49.989536969076006	329.90070696352905	-49.98953696907603	-568.4586789852494	
3.596621115703572	-303.16100371949085	-91.6813526174263	332.83376418608015	-91.68135261742633	-561.0829320851121	-56.644481063106895	332.8337641860801	-56.64448106310685	-515.1052401522782	
3.6487460594094205	-222.46680073335196	-212.0523450029121	293.4351144830496	-212.05234500291215	-476.14127206599335	-85.43793394100635	293.4351144830496	-85.43793394100625	-365.67706085415443	
3.7008710031152696	-116.044997477333	-290.19051218993246	205.72476540627116	-290.19051218993246	-255.5052245245412	-110.5784501855847	205.72476540627116	-110.57845018558453	-177.35144778609708	
3.7529959468211183	-2.710638187309705	-290.91897596714614	92.02412440098281	-290.9189759671462	17.155754565932213	-109.15687680832148	92.02412440098283	-109.15687680832133	-37.091698125757915	
3.8051208905269673	64.43333400338301	-223.9704800711543	-5.9667962723051815	-223.97048007115427	209.49158423702406	-82.70516374474313	-5.966796272305203	-82.70516374474298	-15.038009943843619	
3.857245834232816	24.26944395394174	-132.50728000200854	-59.62257601836351	-132.50728000200843	236.47418923909532	-64.01495986018944	-59.62257601836356	-64.01495986018936	-114.85614874649957	
3.909370777938665	-136.73573400312438	-65.75240285349572	-77.31038925013354	-65.75240285349561	137.49112200707754	-91.09833928964333	-77.31038925013357	-91.0983392896433	-259.93706080245346	
3.9614957216445137	-357.2328324280958	-53.56724344361812	-95.09896919558477	-53.56724344361801	39.18550611432508	-167.92546930018705	-95.09896919558474	-167.9254693001871	-337.99638142378086	
4.013620665350363	-533.4460260257238	-93.71025673168751	-140.72836332051125	-93.71025673168742	36.481957706009624	-255.78867287702639	-140.72836332051116	-255.78867287702656	-276.11736926697677	
4.065745609056211	-586.0998647821999	-162.43064101869547	-205.16841084784963	-162.4306410186954	115.59848868370898	-303.82944795697114	-205.16841084784943	-303.82944795697136	-86.35100883838967	
4.11787055276206	-507.0906846403341	-235.50143847381696	-248.2100273766221	-235.50143847381693	182.43544418776486	-282.61441977211916	-248.2100273766219	-282.6144197721194	152.52119247449724	
4.16999549646791	-352.3795400343371	-293.1528097975912	-228.8243705190881	-293.15280979759126	152.11215604553098	-193.40190252338843	-228.82437051908792	-193.40190252338866	356.56161870263094	
4.222120440173758	-194.8742633546314	-315.04646523555846	-132.41052212862465	-315.04646523555846	21.818593160782626	-60.216595516901805	-132.41052212862454	-60.216595516901975	486.41781091545494	
4.274245383879607	-82.76044221603519	-290.1392896528002	20.33470603146352	-290.1392896528002	-124.66092925247034	82.15383998741237	20.334706031463604	82.15383998741225	543.074159065047	
4.3263703275854555	-36.37851243643772	-232.91446528761804	182.08282212072027	-232.91446528761813	-186.46358233453688	202.99330506380684	182.08282212072032	202.99330506380676	524.5415465059403	
4.378495271291305	-71.37253618222002	-176.99474841490488	300.0564490645869	-176.99474841490496	-130.6911593949197	288.75561632988274	300.056449064587	288.7556163298826	405.86822058224436	
4.430620214997154	-193.2709721902599	-148.65048894076662	342.74446414938353	-148.65048894076676	-4.699538229947343	341.0062017486182	342.74446414938365	341.00620174861814	176.58366887275707	
4.482745158703002	-348.55742573611974	-149.72796100533327	318.0934261935939	-149.7279610053334	133.55301888932243	359.64356154833877	318.093426193594	359.64356154833877	-108.31162369113922	
4.534870102408851	-413.01893483752235	-161.14651399503344	264.9308225493118	-161.1465139950336	280.4172912712126	332.9310954356543	264.930822549312	332.9310954356543	-335.1886678852228	
4.5869950461147	-282.88512015247966	-157.31514217741574	216.14504056957253	-157.31514217741585	478.08300825079436	251.04877133506736	216.14504056957264	251.0487713350673	-404.51144950977977	
4.639119989820549	18.158250716659154	-129.19430869258932	165.5052857140018	-129.19430869258957	751.5985531611273	130.3290541402763	165.505285714002	130.32905414027624	-303.52437890789656	
4.691244933526398	355.8234545310715	-102.9682753656241	77.85822001308435	-102.96827536562449	1055.9820733530366	16.992609922555943	77.85822001308466	16.99260992255587	-113.99268609527115	
4.743369877232246	612.1649400971339	-119.97082647395472	-63.3858851721932	-119.97082647395544	1286.8777267797786	-40.17922052658855	-63.38588517219277	-40.17922052658864	48.87623571773423	
4.795494820938096	772.8007946771795	-178.74685086178394	-224.78354600576714	-178.74685086178502	1357.2649636514582	-23.57279637446922	-224.78354600576657	-23.572796374469263	118.09158646626807	
4.8476197646439445	887.540220529164	-211.91817973739487	-342.65405363037246	-211.91817973739614	1270.205687214438	43.37143560341954	-342.65405363037183	43.37143560341965	114.01970598076844	
4.899744708349793	979.4316363072907	-149.40969122353863	-370.7432765537094	-149.40969122353988	1103.8502375708654	114.69686837140162	-370.7432765537087	114.69686837140192	108.77918901187905	
4.951869652055642	1032.248781641717	-1.1674862610723835	-308.13079850583335	-1.1674862610735204	931.6668925572609	149.5259433294977	-308.13079850583273	149.52594332949815	152.76044439073254	
5.003994595761491	1049.9590720532167	150.56667149776058	-188.93009176303363	150.56667149775984	778.3934783700366	128.44663359847917	-188.93009176303303	128.4466335984797	238.17431051472482	
5.05611953946734	1068.6994485405892	242.90399865610638	-54.06550611834159	242.9039986561062	649.2199519602103	54.68356159790879	-54.06550611834112	54.68356159790933	326.6066292095689	
5.108244483173189	1100.748413020601	287.8015017432915	67.99784480204335	287.80150174329196	572.4441623673509	-52.726626885514406	67.99784480204379	-52.72662688551388	393.07566156415555	
5.160369426879038	1114.1747639353318	319.1258803886227	164.5863057498106	319.1258803886236	593.66244592156	-167.58170462896578	164.58630574981112	-167.58170462896524	433.06254136074875	
5.212494370584887	1080.3777584075433	316.47933710776624	233.84613444480655	316.47933710776715	727.5710013325879	-262.827269256962	233.84613444480715	-262.8272692569613	436.06160585091175	
5.264619314290735	1004.1247949531222	222.41331444669095	279.027654086966	222.41331444669197	918.730657792851	-313.0398739001	279.0276540869667	-313.03987390009934	372.83466719343176	
5.316744257996584	899.7242982683265	25.62371960879136	305.29753946073765	25.6237196087921	1067.5939228026803	-299.43471772620745	305.29753946073845	-299.43471772620666	225.61536518741474	
5.3688692017024335	777.1395653247064	-204.87892195731732	316.2702431491747	-204.8789219573166	1120.1147564836815	-224.6879743224199	316.2702431491756	-224.68797432241914	30.971142023191994	
5.420994145408282	659.5405848442838	-373.2311066137653	307.47233762886634	-373.2311066137647	1128.2846918346102	-124.0639641665576	307.4723376288673	-124.06396416655687	-124.19944473671978	
5.473119089114131	579.5284845226126	-439.6994548303073	265.9556735400369	-439.69945483030693	1192.974979933561	-48.03279381337622	265.955673540038	-48.03279381337554	-164.09558434987684	
5.5252440328199794	553.569408396149	-458.43473053429557	186.54324316305582	-458.434730534296	1340.960806352712	-25.348678145325493	186.54324316305681	-25.348678145324858	-82.18081334634878	
5.577368976525829	584.8638030323535	-531.8209934558441	89.74298984703715	-531.8209934558452	1478.1723709638638	-48.154235991958004	89.7429898470379	-48.15423599195744	61.906643434679395	
5.629493920231678	681.745303387239	-711.6705812431597	14.134593432462069	-711.670581243161	1468.5140133864352	-91.65113565633848	14.134593432462367	-91.6511356563381	195.09706109748123	
5.681618863937526	844.2008555434743	-939.3826062043472	-15.288655291196143	-939.3826062043478	1244.1927701779396	-135.7787248571924	-15.288655291196381	-135.7787248571922	275.9922485834252	
5.733743807643375	1038.5246465873126	-1093.5331234420998	-9.04719723436872	-1093.5331234420996	852.6323807223059	-168.46011715393698	-9.047197234369438	-168.46011715393706	298.7488840050731	
5.785868751349224	1202.765697975599	-1100.7782679432098	-0.06783053794439198	-1100.7782679432087	426.74806712869304	-185.67461740476057	-0.06783053794539162	-185.6746174047609	271.8127716766244	
5.837993695055073	1276.0079896737443	-993.904505832851	-9.44951755988377	-993.90450583285	108.2262422140625	-196.21489338496025	-9.449517559884747	-196.21489338496087	204.96004120235742	
5.890118638760922	1219.5071505664519	-860.5683811799622	-29.277285983371645	-860.5683811799616	-33.6825716551906	-215.2488339883013	-29.277285983372245	-215.2488339883021	114.08632367192541	
5.94224358246677	1024.237334668554	-749.4901678839036	-39.34324317977861	-749.4901678839037	-33.97197591018761	-245.70436543448662	-39.34324317977857	-245.70436543448756	24.884369255667945	
5.99436852617262	720.7809871089385	-642.4525494731217	-32.76636114998919	-642.4525494731223	16.17212561613053	-270.80917572579335	-32.76636114998843	-270.8091757257944	-38.26503145410734	
6.0464934698784685	389.03967503611125	-506.65951434462056	-19.038107305727355	-506.65951434462136	57.83606794371735	-267.13839012801134	-19.03810730572605	-267.13839012801225	-67.75024190899626	
6.098618413584317	129.09335396860678	-346.853015750199	-8.266196764101789	-346.8530157501997	95.86952775670716	-222.4742935033457	-8.26619676410034	-222.47429350334653	-76.40203755744957	
6.150743357290166	-5.836227209001322	-199.38484060844974	-2.9044149648338182	-199.38484060845025	146.28330079168092	-143.13053674285618	-2.9044149648326236	-143.1305367428567	-87.38750234649858	
6.202868300996015	-42.872253840672784	-90.02410755288375	-4.062337315254693	-90.0241075528842	184.10978669682999	-48.556407767180474	-4.062337315253885	-48.55640776718059	-117.65596352573903	
6.254993244701864	-42.900581045989384	-10.612331328224457	-15.127711338623794	-10.61233132822511	169.1946633273161	40.286458948946404	-15.127711338623266	40.286458948946695	-164.29404323249625	
6.3071181884077125	-36.92075703819535	60.17385368776553	-35.71757416831338	60.17385368776445	103.60934421495892	109.3618038563122	-35.717574168313035	109.3618038563128	-203.8862290746306	
6.359243132113561	-27.15110872254013	120.69734942140536	-59.98578970666465	120.6973494214042	32.696385896595075	152.81353949371672	-59.98578970666441	152.81353949371754	-207.97779009078107	
6.411368075819411	-27.458362123285497	144.92076930090673	-85.07584339047717	144.92076930090585	-1.1364869166790754	170.05927065542994	-85.07584339047705	170.0592706554308	-163.23173188098912	
6.463493019525259	-70.94730412151861	119.21573982854639	-115.2683122773864	119.21573982854623	14.94881890143861	162.5547718876482	-115.2683122773864	162.554771887649	-80.13118050535613	
6.515617963231108	-183.3143258160653	63.94939365878509	-153.66336743999884	63.949393658785766	66.11475325835244	132.78867016505814	-153.66336743999898	132.7886701650587	15.18569392998046	
6.567742906936957	-362.92749065536805	7.619591178721478	-193.79183067281406	7.619591178722786	119.5474832419271	87.03496501649835	-193.7918306728145	87.03496501649855	97.59061770998163	
6.619867850642806	-569.130459511242	-46.72220098719301	-223.04094983526127	-46.722200987191655	145.52898452060256	38.76283552740036	-223.04094983526213	38.762835527400085	154.94653003470395	
6.671992794348655	-715.0463220116923	-118.59314788835027	-232.38449451189518	-118.59314788834948	141.89876219309042	5.835946606452481	-232.38449451189643	5.835946606451728	189.1420820410542	
6.724117738054503	-704.9073716867068	-221.22368475104105	-221.44015482752744	-221.22368475104108	126.24147309789956	-0.26858806239018485	-221.44015482752874	-0.2685880623913608	210.39147258924436	
6.776242681760353	-516.9149100389419	-339.6903872469924	-196.8027767559058	-339.69038724699334	103.9385078280748	14.897046824254637	-196.8027767559069	14.89704682425319	229.98994385418047	
6.828367625466202	-237.27942084815533	-435.49017821610363	-167.50385051215483	-435.4901782161053	66.67770160585496	29.34585863511993	-167.50385051215557	29.345858635118418	252.8228005449447	
6.88049256917205	15.94361718148312	-473.78255118735103	-140.2426167067553	-473.7825511873531	25.85408513998413	19.476120772499236	-140.2426167067557	19.476120772497843	273.7950580792163	
6.932617512877899	190.09946007443833	-444.8748120788613	-117.1437378873062	-444.8748120788634	19.399855125833824	-21.22315745761686	-117.14373788730629	-21.22315745761805	283.98356265976304	
6.984742456583748	306.5571322573789	-360.6879739256873	-98.44849221720003	-360.68797392568916	72.63280883722331	-75.75407630612119	-98.4484922172	-75.75407630612227	281.7966839241102	
7.036867400289597	397.42798848966845	-241.7710261718238	-87.59104986635937	-241.771026171825	165.9259619823377	-116.74781176184956	-87.5910498663595	-116.74781176185063	277.1066554329404	
7.088992343995446	458.9959070963962	-112.92153085946023	-92.40248517254695	-112.92153085946079	249.5950086275885	-129.00382123882318	-92.40248517254754	-129.0038212388242	284.8937630660647	
7.141117287701294	462.25644818668155	-1.8019472893950592	-119.5510035310301	-1.8019472893950592	280.98999869314883	-121.32915297442446	-119.55100353103117	-121.32915297442531	315.5181401724847	
7.193242231407144	393.31167544231914	70.10815394340503	-165.92855713374865	70.10815394340537	242.54805861312914	-116.49913415554875	-165.92855713374996	-116.49913415554937	369.3405678478123	
7.245367175112992	280.03626660202576	100.03218678291694	-214.0555007302442	100.0321867829177	147.0493268163656	-129.4517291650832	-214.05550073024546	-129.45172916508372	438.1546093122525	
7.297492118818841	182.18124623358332	106.61216870556774	-236.96007077706955	106.61216870556868	45.286432380360054	-154.7413856484797	-236.96007077707065	-154.7413856484802	510.71661993258465	
7.34961706252469	163.47264607249818	115.9034859186474	-212.86648351932058	115.90348591864841	11.303650338067882	-173.55204303365124	-212.86648351932155	-173.55204303365178	577.8022748548269	
7.401742006230539	265.84141099204754	140.55878413088865	-141.5256380925055	140.55878413088942	92.71379509409843	-170.34995459136655	-141.52563809250643	-170.34995459136698	634.2989689509967	
7.453866949936388	488.71033025695505	169.8270755385188	-47.61668503877151	169.82707553851893	275.8431231896108	-142.1237469344854	-47.61668503877233	-142.12374693448552	678.1356906962568	
7.5059918936422365	776.896451261547	179.49133086400943	35.2972309917067	179.49133086400894	509.67840473469414	-95.63335982507029	35.29723099170614	-95.63335982506997	707.322150225047	
7.558116837348085	1031.4880338501655	153.7982948261567	86.19277789697784	153.79829482615585	749.1449596473151	-42.61072806287953	86.19277789697762	-42.61072806287889	718.2953229889646	
7.610241781053935	1156.773622118887	99.96260798898192	103.56626357423502	99.96260798898092	964.1846583830501	0.7239201891152609	103.5662635742351	0.7239201891159723	707.8452068727765	
7.662366724759783	1126.1158946034614	40.63226872580048	97.1082483457183	40.632268725799484	1129.9454291826164	17.27247145615255	97.10824834571852	17.272471456153	676.6824767811133	
7.714491668465632	1005.3955909102128	-9.213333670494332	78.465725378764	-9.213333670495233	1226.249775539147	1.4650955642892347	78.46572537876416	1.4650955642891903	630.8297755865151	
7.766616612171481	892.5604366367568	-53.67571210450693	58.0557101083834	-53.67571210450765	1240.0392699115237	-31.4599794132038	58.055710108383465	-31.45997941320439	580.1483136361833	
7.81874155587733	830.6185143880721	-100.55480833434966	44.171885531939225	-100.55480833435016	1167.5972994766196	-54.46314966112685	44.171885531939296	-54.463149661127844	536.1566623401457	
7.870866499583179	789.6535514759012	-142.73379255480677	41.84235347506138	-142.73379255480705	1021.9648372676216	-50.0672568058222	41.84235347506167	-50.06725680582339	509.8237257224522	
7.922991443289027	724.0311345175646	-161.9754329220377	52.368523737031964	-161.97543292203792	827.7174637451596	-22.95753379379584	52.36852373703259	-22.95753379379709	507.72292098902534	
7.975116386994876	626.2401543747357	-144.54919523482747	74.0391956721576	-144.54919523482783	599.6588912970801	6.300380260836546	74.03919567215843	6.300380260835233	527.0187692223249	
8.027241330700726	528.036125614974	-88.09534758403333	103.79406858534796	-88.0953475840339	341.1816779071026	17.39710827890992	103.79406858534867	17.397108278908547	553.7668536029219	
8.079366274406574	466.1044851574826	-3.086066446792996	138.98299716362945	-3.086066446793625	73.88656251331659	2.6369116795108045	138.98299716362968	2.6369116795094367	569.430879565557	
8.131491218112423	444.71926252458525	86.52088111582148	178.2738865234234	86.52088111582087	-146.72667580585755	-30.417928471750344	178.27388652342293	-30.417928471751644	563.7608743446767	
8.183616161818271	432.1592868382281	151.65674820266125	221.9202423668205	151.65674820266065	-258.05189949034616	-64.91470212384412	221.92024236681945	-64.91470212384542	543.4062083522904	
8.23574110552412	400.5262117663762	175.13734655440885	270.28247592911845	175.13734655440805	-227.43310850998856	-85.67392417817044	270.28247592911725	-85.67392417817182	526.5979307557734	
8.287866049229969	358.46027075178176	159.26226148558425	319.08885217252066	159.26226148558308	-65.53321111824513	-89.18365893376769	319.0888521725194	-89.18365893376925	527.7563992869227	
8.33999099293582	326.5724433876262	118.9732649719847	356.4112081792041	118.97326497198323	177.9110318875676	-84.28524190668247	356.4112081792031	-84.28524190668415	546.3385508843212	
8.392115936641668	298.0361549474091	70.36197787289635	368.8910579050948	70.36197787289473	426.8512808626315	-81.29443669490152	368.8910579050938	-81.29443669490317	568.8895791091811	
8.444240880347516	252.19282026780505	25.897866905818375	353.4775915468405	25.89786690581684	611.1746325900078	-80.44549874920384	353.47759154683945	-80.4454987492052	580.0673559771333	
