# Stress in units of bar (10^5 Pa)
# z	Sxx	Sxy	Sxz	Syx	Syy	Syz	Szx	Szy	Szz
0.0	-398.2900044990056	-739.685954132727	-47.44032172564053	-739.685954132724	1184.0166493185066	62.258680775457655	-47.440321725639755	62.258680775452596	-77.13517600225758	
0.04994966274956695	260.090302127651	509.51105734583376	122.71770447021848	509.51105734583217	-1268.3722973854715	-92.42983981973525	122.71770447022041	-92.42983981973552	-40.34786101041535	
0.0998993254991339	92.04272405931556	211.69338922136694	60.09608307557208	211.69338922136384	-1088.3669003910297	-51.74873093034494	60.09608307557189	-51.74873093034747	270.38021511802697	
0.14984898824870085	-990.3803557647964	687.4495728136269	-111.40071725085944	687.4495728136312	-280.04495928752067	158.78648791079513	-111.4007172508598	158.78648791079686	359.3226658476362	
0.1997986509982678	153.0422605313693	191.57710334454794	-40.48545101208712	191.57710334454683	1635.710459319158	2.2970581995120067	-40.48545101208752	2.297058199513883	296.9838118826075	
0.24974831374783474	720.4693758635556	600.939311715671	175.3426080653399	600.9393117156671	465.0356359463002	-149.01974050611844	175.34260806533706	-149.01974050611594	372.0709735119816	
0.2996979764974017	-1330.618946747005	385.8605639492322	227.5393594872574	385.8605639492354	-60.60797674678398	-116.19791244111401	227.539359487257	-116.19791244111452	285.4112611060363	
0.3496476392469686	1982.9408281056415	752.736035256579	103.29619125463466	752.7360352565809	-2044.3606025194622	-93.62928160037832	103.29619125463502	-93.62928160037777	176.4851250558476	
0.3995973019965356	-1484.2619920766938	191.46239556727804	-61.53369902115523	191.46239556727693	-1138.728971606836	1.8016589083664474	-61.53369902115318	1.8016589083656747	276.3446531701764	
0.44954696474610256	3314.731332529949	610.7420732397272	-186.58285266072454	610.7420732397266	1477.0933350771072	57.89243392092395	-186.58285266072542	57.89243392092439	160.18666264863253	
0.4994966274956695	-393.94587005395556	352.9582397927585	7.278286641571194	352.95823979275696	-158.99739521507067	60.54786312654631	7.278286641569314	60.54786312654499	13.43398695255074	
0.5494462902452364	1410.760740556211	-224.86356143604644	-122.44592761104023	-224.86356143604675	-309.0243195531206	-79.48632949064636	-122.4459276110399	-79.48632949064381	77.89586866669381	
0.5993959529948034	-615.1783193632466	1275.9037856350758	-72.26588121844252	1275.9037856350735	270.7201321108019	-240.27814985087164	-72.2658812184413	-240.27814985087264	50.01749650344389	
0.6493456157443703	488.3343112830471	-761.2277642745917	-146.62331324778495	-761.2277642745906	586.2670420519635	-105.35531962493066	-146.62331324778523	-105.35531962492995	8.236488453127489	
0.6992952784939372	-1533.0674205844434	-118.62826244239272	-33.419917961203055	-118.6282624423935	415.1018545421744	-90.92914844568176	-33.41991796120373	-90.92914844568149	275.12281055528155	
0.7492449412435043	159.69612444829065	-134.49307928523612	-60.77122451971637	-134.49307928523285	573.7915460495229	-2.9849962420072784	-60.77122451971637	-2.98499624200635	-34.839201882157084	
0.7991946039930712	1269.0783366193818	560.5582879251143	-176.88342050879695	560.5582879251128	0.4143943339442627	174.3661995157991	-176.8834205087984	174.36619951579837	-114.33569569332438	
0.8491442667426381	-1274.006699580099	-1473.6326870853752	-187.28362367515243	-1473.6326870853754	-314.62207893570223	248.50603103828732	-187.28362367515066	248.50603103829343	-11.797339156170183	
0.8990939294922051	1482.4857043813909	285.92153083445874	-170.01498163874106	285.9215308344619	-1681.8569398933662	90.80308515349574	-170.01498163874027	90.80308515349552	-145.3706506643129	
0.949043592241772	-1640.4493984456053	661.5634240211159	-153.6797349322588	661.5634240211135	-599.5067709277331	-40.48724058865807	-153.67973493225992	-40.487240588654885	-170.83622855833508	
0.998993254991339	-1901.9880719978453	713.9703676028795	-29.38535255383548	713.9703676028787	-2400.2994699865394	-163.81896014545626	-29.385352553838672	-163.81896014545597	-200.17412026715056	
1.048942917740906	-68.18512285920798	21.165501569311836	30.17855815108537	21.165501569317072	346.15784213946273	-186.53429569345732	30.17855815108292	-186.53429569345536	-193.07884682227365	
1.0988925804904728	243.79187826266644	-318.4039917241027	-40.073538806889445	-318.4039917240964	-798.1162098936207	-50.63326243191671	-40.07353880688794	-50.633262431918844	-1.1591779384490186	
1.1488422432400398	445.8741954671631	228.40923837636942	-37.32775422787606	228.4092383763665	-138.88143323525566	-73.05982772138984	-37.327754227874195	-73.05982772138667	182.19356985145706	
1.1987919059896068	-637.6686817752188	-250.27884253254183	-105.90215145214877	-250.27884253254268	-892.8829171144531	-147.28352552359067	-105.90215145214768	-147.28352552359374	214.12845885914214	
1.2487415687391736	1952.1334001097305	398.58745707381735	-109.65731556240185	398.5874570738189	1208.4074738042991	-215.16783825040548	-109.65731556240182	-215.16783825040667	-2.7069030163135928	
1.2986912314887407	-78.42498757465269	-1468.4612926187986	-361.40957785465673	-1468.461292618798	-494.42255033796346	-409.6042233641028	-361.4095778546561	-409.604223364106	159.6976816311439	
1.3486408942383077	374.055555071647	531.2467451430498	-386.0514037470472	531.2467451430545	162.28340738237094	-249.00871634032526	-386.05140374704564	-249.00871634032546	306.86322049990497	
1.3985905569878745	-572.9096743539528	115.16352294746008	-58.99051308087303	115.16352294745944	1060.273459322394	5.864493349475295	-58.99051308087248	5.8644933494778755	328.09159576152246	
1.4485402197374415	-386.01968676721503	-879.152013012053	234.09821749679105	-879.152013012052	-388.6279441175904	-105.85948503407046	234.09821749678858	-105.85948503407386	226.83387326388154	
1.4984898824870085	257.3445686972677	-850.680549466976	273.2513700144577	-850.6805494669753	-1765.9631970829216	-258.0339581931773	273.2513700144571	-258.0339581931754	177.34828486456374	
1.5484395452365753	-285.15470171124485	674.6852046576807	101.71591148704438	674.6852046576832	2315.155315733889	-255.83363426611908	101.71591148704319	-255.8336342661167	278.0902309296474	
1.5983892079861424	207.99936635210042	-474.9919446847831	38.71795006889528	-474.9919446847846	-293.3012279206372	-95.72481839981941	38.71795006889704	-95.7248183998181	250.7650102196798	
1.6483388707357094	-38.95227182869914	191.14586339725747	-175.4409244659964	191.1458633972593	1058.6087330831815	447.12682748809004	-175.4409244659971	447.12682748809056	255.50175662078732	
1.6982885334852762	-1957.3950497936899	-12.797841450468066	-265.9868630095437	-12.797841450467093	-1009.8564799776133	388.053531140238	-265.9868630095436	388.0535311402398	605.5612448196198	
1.7482381962348432	2536.0089297225445	-357.1880783426464	-211.8922069091804	-357.18807834264476	2294.7664977468467	271.70302340918226	-211.89220690918185	271.7030234091801	638.5032858107679	
1.7981878589844102	-686.4701594734853	-705.7187924920388	198.49179217057087	-705.7187924920349	-1706.848688367565	-13.704160247256931	198.4917921705719	-13.704160247256176	798.7965990377126	
1.848137521733977	509.62268084092415	1414.821761016512	221.57011433398426	1414.821761016508	1820.289455001193	-531.4732628590212	221.57011433398557	-531.4732628590216	1136.1376743194023	
1.898087184483544	68.83223512010751	-1187.4479792060567	-128.74581293017815	-1187.4479792060558	1950.8739319239587	-492.91489627768067	-128.74581293017795	-492.91489627768095	1165.9799822904806	
1.948036847233111	56.86905816507546	296.8457722403664	-153.81838380000082	296.84577224036946	-2795.6758342860726	73.28191497538074	-153.81838379999994	73.28191497537973	171.08014910758544	
1.997986509982678	-399.52784578459057	477.0058671544295	248.33162551312017	477.00586715442887	375.06901441471905	56.66680462638615	248.33162551312395	56.666804626380724	-291.974397554222	
2.047936172732245	2210.3193060628514	1400.1034922105605	213.9339844423621	1400.1034922105614	-265.4940266070413	35.989953201921416	213.9339844423633	35.9899532019209	-310.31237408752014	
2.097885835481812	-735.2266820180332	-1471.8399086413376	-247.7336543858518	-1471.839908641342	-1978.852599445619	449.0616382057421	-247.73365438585245	449.0616382057427	63.11818879078611	
2.147835498231379	-2026.3287033205295	-718.8049536702636	149.77479527170303	-718.8049536702644	411.2521135664143	620.6042997613713	149.77479527170334	620.6042997613723	-232.18522708971702	
2.1977851609809456	3709.771195007232	-880.5058102719571	-191.69507149713198	-880.5058102719565	418.51765458175925	587.6173740569354	-191.69507149713226	587.6173740569353	-144.4838963212264	
2.2477348237305126	420.93357869711633	-672.724038432744	-482.0635520951768	-672.7240384327453	-1894.573167599954	353.6322068558993	-482.0635520951788	353.63220685589835	36.44731564447827	
2.2976844864800796	212.16032607195743	151.91315488850185	-174.8129475806824	151.9131548885029	-351.52415547920856	151.78317556011189	-174.81294758068373	151.78317556011254	507.0996933155148	
2.3476341492296466	2301.794498755245	582.5067890459255	-329.7265549136028	582.5067890459252	6237.7250052734535	515.4733794792658	-329.7265549136025	515.4733794792658	779.6715385215746	
2.3975838119792137	1577.9367208668123	-603.6443748280562	-641.7378985295912	-603.6443748280561	-6914.193697534222	-582.8332624723338	-641.7378985295924	-582.8332624723334	718.587763060782	
2.4475334747287807	2044.5803269258245	-577.8003318380922	-346.87307815078555	-577.8003318380912	2934.888425303727	-967.3670841523125	-346.87307815078583	-967.3670841523126	299.0745197735279	
2.4974831374783473	-1653.6768548606972	-205.57178278298773	-40.03224463108746	-205.57178278298812	-323.40670643425534	-625.213547316294	-40.03224463108779	-625.2135473162921	8.440974412191284	
2.5474328002279143	-1274.7941830804493	1667.7129641919255	417.7556765062939	1667.7129641919262	1625.718764611704	-350.0298342976307	417.75567650629495	-350.02983429762975	425.32071228576325	
2.5973824629774813	1745.119162230289	-917.827991381772	774.2329079697824	-917.8279913817742	2713.2159873746427	-230.33108961300078	774.2329079697818	-230.3310896130022	330.85717449817724	
2.6473321257270483	708.4897766669674	1383.206654915728	880.8658909668948	1383.206654915728	890.0144893983622	-271.8359797466403	880.8658909668942	-271.8359797466409	396.6764468087528	
2.6972817884766154	594.7523804012263	-748.0800738226214	652.8213793532685	-748.0800738226231	1963.5620368896473	173.94721069640008	652.8213793532701	173.94721069639914	462.3191051193241	
2.7472314512261824	1558.6837328136799	-1009.8681023679995	568.2528984492759	-1009.8681023679993	1635.0730546938012	-186.00280068045257	568.2528984492751	-186.00280068045407	163.57296294020168	
2.797181113975749	752.5587857664947	1156.1765130538404	-51.216728121096075	1156.1765130538402	-528.3562217609352	252.556617801167	-51.216728121096345	252.55661780116594	370.8221296349047	
2.847130776725316	-875.8915703772087	945.5458146643371	-262.37631770010285	945.5458146643374	1087.968409191613	-7.492479355795857	-262.37631770010347	-7.492479355796664	813.2146777214643	
2.897080439474883	858.5681310970889	233.65074769153006	-60.82841536707575	233.65074769153102	-1331.4763288822558	-395.45029603829465	-60.82841536707646	-395.4502960382947	498.36466572572823	
2.94703010222445	-713.104367144104	-712.2617834593506	-53.247134130130675	-712.2617834593501	253.18606057957444	-576.0722531797454	-53.24713413013073	-576.0722531797463	-175.11758790496236	
2.996979764974017	1224.3735712422588	153.33607546171956	254.13188950861215	153.33607546171936	1086.069944907346	-123.8197677927446	254.13188950861232	-123.8197677927447	94.42785506871589	
3.046929427723584	437.2144734249368	-352.63729409481107	242.52959664645488	-352.6372940948114	122.42663675024745	94.91789394319478	242.52959664645465	94.9178939431951	620.7579114443146	
3.0968790904731507	529.8863412889804	-447.5591590443878	246.39212800279245	-447.55915904438706	864.350768109998	341.58109560721743	246.39212800279287	341.58109560721687	-83.083508253547	
3.1468287532227177	819.4919519877272	-527.9196046159863	244.99970509632362	-527.9196046159861	169.4131604453723	44.341401495242835	244.99970509632323	44.34140149524328	-171.13090193908226	
3.1967784159722847	1587.994076049941	-101.0157334810184	245.67655486144332	-101.01573348101824	655.4295974639999	214.8384432748276	245.67655486144278	214.8384432748272	351.32505188433305	
3.2467280787218518	-99.85261657254689	-89.25396785153299	340.31656950791375	-89.2539678515321	-549.512345285505	417.46547841637937	340.31656950791285	417.46547841638005	209.48707706126524	
3.296677741471419	1097.2795771898086	305.3293181088161	149.92329530587637	305.3293181088157	-234.17457932515796	295.9559962199425	149.9232953058766	295.95599621994245	-290.4307516106974	
3.3466274042209854	895.122697380874	729.5445616162853	85.51436384012821	729.5445616162856	-398.22892873266113	-112.03237014675089	85.51436384012803	-112.03237014675071	-541.4792263964413	
3.3965770669705524	473.9249610530143	503.2715840350051	-235.35094666277095	503.2715840350051	413.09035973435624	-270.5167445196235	-235.35094666277087	-270.51674451962265	-877.3259925447796	
3.4465267297201194	334.15428235679383	275.401303868114	-23.175369493010187	275.4013038681138	-287.7980338828451	-118.25099672867306	-23.175369493010788	-118.25099672867383	-631.5285934948015	
3.4964763924696864	-40.517265052154855	144.99018293609836	53.828402057765935	144.99018293609873	-92.0038555593325	-339.6816226771832	53.82840205776584	-339.68162267718304	-701.1678130383573	
3.5464260552192535	1134.3215231581653	232.18553268931717	471.8815639829926	232.18553268931694	1052.941660711535	-311.9893021843006	471.8815639829926	-311.9893021843005	9.367131835359498	
3.5963757179688205	-666.9727362120601	-120.12336246613854	491.15876978764413	-120.12336246613823	-911.7036743635549	-166.69566694495433	491.1587697876439	-166.69566694495336	446.35439613816595	
3.646325380718387	-796.1241898541936	-908.5415835248195	-8.203700747456898	-908.5415835248197	-885.4944162578214	-414.0813315867465	-8.203700747456928	-414.0813315867465	773.1504906268252	
3.696275043467954	204.40266077641692	-78.34875356826429	37.279464823790086	-78.3487535682645	-415.31179515830667	-558.1777697678622	37.27946482378973	-558.1777697678623	205.26019066743876	
3.746224706217521	-1246.8605138519833	-523.2150514109445	331.7458927061708	-523.2150514109445	-189.6259247046949	-284.08978540064675	331.74589270617076	-284.08978540064686	-430.7661854004616	
3.796174368967088	498.8170668773839	-279.1601948905006	428.1779683830684	-279.16019489050035	-110.3372444539318	269.2336963278689	428.17796838306845	269.233696327869	-459.9580293631584	
3.846124031716655	-404.9675898686069	73.39898414064724	232.73950258662506	73.39898414064746	264.6608698151112	333.8362466951267	232.73950258662498	333.8362466951264	56.849061372257346	
3.896073694466222	53.623616905842184	-443.15378430209876	157.71842760654965	-443.1537843020987	-233.3826911251419	-69.78170354172056	157.71842760654928	-69.78170354172065	326.0445879715798	
3.946023357215789	42.056421577242084	103.79738176214477	370.9625330357882	103.79738176214532	-572.2929127749995	61.39867267960769	370.9625330357882	61.39867267960824	109.39020605020553	
3.995973019965356	-654.1865962212402	391.85973397443416	146.34496079405614	391.8597339744341	-182.82593738192682	-103.71498073253288	146.34496079405682	-103.71498073253244	-66.48882751215302	
4.045922682714923	615.0236914006115	463.80688020595494	252.3595408675373	463.80688020595403	-352.73790353442223	-39.995000770478086	252.35954086753696	-39.995000770478015	175.8483471235504	
4.09587234546449	-431.1527229225799	198.596408666501	-62.45285957443227	198.5964086665009	-1602.704170319008	746.6242636087759	-62.452859574432395	746.6242636087751	-574.2114199148627	
4.145822008214057	175.7087504672382	-214.99207325038634	-451.8864913917771	-214.9920732503859	-209.06557307331406	714.6311074453649	-451.88649139177727	714.6311074453643	-316.7713251258398	
4.195771670963624	-252.37739530173405	428.69729487772275	-632.980328471535	428.6972948777237	-395.11423107324873	384.96175874846443	-632.9803284715347	384.96175874846523	398.3637877970148	
4.245721333713191	63.0896667501811	251.7078989702714	-243.64316704748447	251.70789897027018	1189.0566067600469	394.6791555519391	-243.64316704748396	394.679155551939	674.3259863626081	
4.295670996462758	288.36696671718175	756.7278953031247	-45.32729587981321	756.7278953031248	106.95967524850883	750.4647048269409	-45.327295879813335	750.4647048269401	78.60186545427634	
4.345620659212325	712.0728439832634	108.96268484825617	-477.98469384902626	108.9626848482556	565.5653148977951	292.1576989893374	-477.9846938490268	292.157698989338	232.07268946857448	
4.395570321961891	-610.9697206685795	980.199897264855	-593.8382550717574	980.1998972648546	30.10004767252893	276.19624365068194	-593.8382550717578	276.19624365068165	19.753571723767855	
4.445519984711458	-819.6245286073478	-785.7478316996688	-46.12898978853105	-785.7478316996691	683.2029572596684	283.89414025184277	-46.128989788530504	283.8941402518423	-437.7238915344621	
4.495469647461025	-1343.63694256216	535.0173051571176	211.59588230135185	535.0173051571172	11.811666156981152	371.66453112359176	211.5958823013515	371.66453112359113	-739.634910556899	
4.545419310210592	532.0855627716128	-257.9731896326663	511.83509327394154	-257.973189632667	609.3872879360553	523.9731237776994	511.83509327394336	523.9731237776988	175.2649423450869	
4.595368972960159	229.64433790479345	-549.7207306835084	193.4233283580627	-549.720730683508	-933.8847163158576	641.7239693952267	193.42332835806195	641.7239693952275	188.22735033653677	
4.645318635709726	411.37296698535727	867.3665978591146	-116.12876598450356	867.3665978591147	2036.8395085924908	1022.8219995381902	-116.12876598450454	1022.8219995381909	2.532826544488737	
4.695268298459293	3919.1066302211975	344.8935485005587	-342.32507619888486	344.893548500559	2818.510888437241	868.8734072690751	-342.3250761988853	868.8734072690756	447.3889236082044	
4.74521796120886	1161.7387299425277	-1041.4623305008454	-23.21694650951396	-1041.4623305008465	2150.8938996159645	282.6813817916266	-23.21694650951213	282.6813817916265	949.7429058536114	
4.795167623958427	-1541.6476338649013	-349.13366295685887	-46.40517277800173	-349.1336629568603	980.9640548537791	197.3062364419969	-46.405172778001635	197.3062364419965	455.6188854169451	
4.845117286707994	3596.1061089117916	-221.53690653075165	-290.2461985305113	-221.5369065307524	-233.84927397169463	-149.26273627401036	-290.24619853050916	-149.2627362740101	-232.22576495659337	
4.895066949457561	-303.10866493941984	561.8087349565108	-287.217368895097	561.8087349565113	1493.154635291311	-242.9829383391235	-287.21736889509606	-242.9829383391221	-331.9236421990485	
4.9450166122071275	2176.585758083638	-1086.3278833518875	-555.3476172173298	-1086.3278833518864	2360.8569454351223	-239.0848319672561	-555.3476172173299	-239.08483196725328	-16.068297020457372	
4.9949662749566945	-1645.9873318574828	-532.3942642931181	-173.37935331278817	-532.3942642931198	-395.52259232510266	253.97962842666993	-173.37935331278646	253.97962842667096	37.00963939490806	
5.044915937706262	1970.5329045959409	1798.4189876848316	138.86512246144142	1798.4189876848277	2379.133826132095	543.3439343858911	138.8651224614415	543.3439343858907	102.69933060793971	
5.094865600455829	1665.560912712765	-1710.3511281296853	201.5938823754189	-1710.3511281296874	-398.46031123493066	323.39415627487324	201.593882375419	323.3941562748723	533.8142277104687	
5.144815263205396	-708.0337207775111	290.0668660241836	388.3431176474676	290.0668660241819	2649.7561653418647	15.257432609427967	388.3431176474681	15.257432609428903	811.5621842716703	
5.194764925954963	3102.310912926458	710.6465898933475	111.52969129725699	710.6465898933467	1780.564216008662	-400.80290326828236	111.52969129725726	-400.80290326827924	227.90977891161452	
5.24471458870453	-333.13136410068415	94.01025243884565	-196.2767132920837	94.01025243884634	946.8012902885831	-252.33235512786996	-196.27671329208204	-252.33235512787306	-258.37726024081195	
5.294664251454097	-1823.4372718865845	-77.78232318142518	-84.56112311503162	-77.78232318142678	-224.93277616146435	-230.462147274255	-84.5611231150343	-230.46214727425672	-11.779262752689101	
5.344613914203664	-1311.287036373998	790.9835813628017	322.5917355257923	790.9835813628032	2960.652105045459	270.2422740609596	322.5917355257925	270.2422740609611	-216.95796815409196	
5.394563576953231	1569.0770123715802	-254.63834214326698	-137.93465846490724	-254.63834214326383	1164.0332311256514	490.0818700356602	-137.93465846490594	490.08187003565973	237.32605059473002	
5.444513239702798	194.14754581740382	-685.3259016160525	-54.40553062530333	-685.3259016160481	2744.2610166494264	218.42913070699262	-54.405530625302475	218.42913070699385	780.8201740624978	
5.494462902452365	-1148.437332021871	-790.6233691399	19.369489107819323	-790.6233691398979	-741.4850738522713	-84.00543928298079	19.369489107819746	-84.00543928298221	408.99116349258344	
5.544412565201931	1963.013059283698	-173.29709993089645	-190.20296460165792	-173.29709993089898	1501.1221912754102	-222.77200593224134	-190.2029646016543	-222.7720059322416	25.538427555466654	
5.594362227951498	4.661669468689929	-190.76827551118447	-54.04928565020149	-190.76827551118595	2028.1250880152002	-117.41098459991875	-54.04928565020296	-117.41098459991946	-206.6534625365356	
5.644311890701065	-250.5115870532378	399.38155875238175	249.74072466680965	399.381558752381	-2003.054338744483	140.97326433390407	249.740724666807	140.9732643339055	-75.50557399979995	
5.694261553450632	652.576368993738	-621.2166592930731	143.97790960786986	-621.2166592930727	1411.882761378557	-30.16736395124443	143.9779096078706	-30.167363951247303	158.4057358427682	
5.744211216200199	79.47461873378565	631.2360235115874	-209.451379176248	631.2360235115891	1066.8701919919188	-37.06422203682664	-209.45137917624757	-37.06422203682907	-131.18184848878926	
5.794160878949766	-26.98456671056822	-125.13840930216486	-276.8828406261005	-125.13840930216246	-15.118386151283023	-99.33356863105185	-276.8828406261007	-99.33356863105399	-375.3448088649028	
5.844110541699333	-1072.1794028240784	-44.816966471697356	-454.04639059931714	-44.81696647169276	958.4159032498487	-33.95623525616549	-454.04639059931907	-33.95623525616246	163.49080564121837	
5.8940602044489	-2269.349690093712	-934.3227892265832	-519.9819219768485	-934.3227892265855	-2278.3889213548196	-258.4289154920942	-519.9819219768488	-258.42891549209605	376.5370091465315	
5.944009867198467	-600.9506160424086	27.541271527422612	-432.17855932830867	27.54127152741731	-333.180115143586	-537.8273160354548	-432.17855932830594	-537.8273160354588	438.3968442382374	
5.993959529948034	1044.998905110289	665.9711128933454	-474.68456101579335	665.9711128933457	2240.6810464396917	-234.12967969541003	-474.68456101579676	-234.12967969541137	328.7458753370502	
6.043909192697601	597.5864774887499	-1290.431960371203	-276.3521054477602	-1290.4319603712036	-600.4565389652174	-208.53659406241837	-276.35210544775975	-208.53659406241653	272.1517477533553	
6.093858855447168	-381.3158818484678	602.4146887313374	-370.53874147853145	602.4146887313409	2599.774141861524	-199.16373828775352	-370.5387414785282	-199.16373828775548	495.53099793035636	
6.143808518196734	1641.3996932232951	-646.8892726182667	-162.3216690271157	-646.889272618261	-613.6423902114153	-40.427889834973136	-162.3216690271151	-40.427889834975396	229.78026763201692	
6.193758180946301	-512.2595482790821	-137.24393487659043	-240.6002928893446	-137.24393487659088	1023.6686768338961	289.5524141038695	-240.6002928893435	289.55241410386907	177.83172867494815	
6.243707843695868	1615.9555348521303	353.87456154722963	-150.47037124359719	353.87456154723276	1880.4972743084493	307.3992258562801	-150.47037124359784	307.39922585628335	416.9322078741528	
6.293657506445435	-885.2989408981609	-352.9578829364214	-27.468161148380773	-352.9578829364241	-1634.8611347503183	268.480297121621	-27.4681611483768	268.4802971216204	462.14668625406057	
6.3436071691950024	-122.92693266035963	815.8645094113641	10.586728502259676	815.8645094113589	1673.0489926990747	180.3340446158919	10.586728502258428	180.33404461589208	585.7090605316423	
6.3935568319445695	-334.50394289315403	449.87647692680815	17.762788606048623	449.87647692680525	-710.2474295716544	28.690406413249235	17.76278860604883	28.690406413248414	558.4282661141733	
6.4435064946941365	758.5785092046822	-811.4591592952997	-95.11633132151238	-811.4591592953	151.11113939023465	-214.57321855051853	-95.11633132151148	-214.57321855051674	379.2251925146496	
6.4934561574437035	-193.36937122441904	659.4091248884948	-140.04242738747593	659.4091248884971	199.0973029120221	-207.69481811552157	-140.04242738747254	-207.69481811552117	480.5724992325776	
6.5434058201932706	188.745208873805	-196.55468312756344	-289.38713499669035	-196.55468312756486	-2348.647577552446	-154.44859302270652	-289.38713499669177	-154.4485930227078	341.8489246428659	
6.593355482942838	-325.10699907499117	732.4798317713057	-183.5351132660138	732.4798317713058	2144.76111397243	-170.38163343009066	-183.53511326601395	-170.38163343009114	213.72282293339413	
6.643305145692405	564.4685236238988	70.52894653443039	132.31339866135727	70.52894653442485	-1129.3477754352964	98.14547636538039	132.31339866135946	98.145476365381	283.1845916681462	
6.693254808441971	-1332.340775698005	-436.44933882763627	11.525259528478813	-436.4493388276362	266.1530263648153	244.99879147125006	11.525259528478266	244.99879147125222	504.6600377344608	
6.743204471191538	666.3614538278439	1414.8028515723674	-13.714954353514505	1414.8028515723674	-309.61266603716814	226.70801267379005	-13.71495435351367	226.70801267379315	354.6007664262462	
6.793154133941105	-152.5544746733829	-1299.2447244732434	-94.86389419858489	-1299.2447244732425	-161.55384717375995	129.74140356184995	-94.86389419858784	129.7414035618493	324.1914773885958	
6.843103796690672	1271.961589875885	-784.1902713833666	-147.42179309897543	-784.1902713833724	-1274.7423497802042	84.35591451085156	-147.4217930989765	84.35591451085297	227.42886672518156	
6.893053459440239	-145.50659133935443	-212.4189577301255	2.8572813700799347	-212.41895773012644	747.0468239110792	69.47719520589091	2.857281370081046	69.47719520589034	78.82615481515076	
6.943003122189806	2268.6961397309374	599.6488781867529	12.058201759154295	599.6488781867537	-800.9474127504524	111.28408961471104	12.058201759157903	111.28408961471007	217.9408791925088	
6.992952784939373	-1505.0479944741962	-939.4480143355985	162.40566072144014	-939.4480143356044	-722.4402856275372	68.46578274596123	162.40566072144068	68.46578274595636	54.53710708922709	
7.04290244768894	2676.7744975970195	1802.7962359966875	117.19179014607184	1802.796235996691	521.7537040923771	125.49299870613497	117.19179014606961	125.49299870613488	363.5879526848653	
7.092852110438507	-1856.512448444989	-641.0409687965756	195.53496469209713	-641.0409687965708	-726.9979299524975	76.29044418874831	195.5349646920938	76.29044418874705	254.31236378165264	
7.142801773188074	1629.9146456158069	-19.307030917047776	169.89002453409125	-19.307030917052614	1845.6265179182153	169.42000876822746	169.89002453409265	169.4200087682265	281.582548897197	
7.192751435937641	-351.9188530904725	-269.39117901158465	40.097754224377304	-269.3911790115869	-1266.7112848249658	401.1940071467475	40.09775422437524	401.19400714674305	428.3539231150388	
7.242701098687208	-874.9798845894135	472.7510850676235	45.61232853837103	472.75108506762245	1062.2114796876097	472.99379685513634	45.61232853837074	472.9937968551395	113.8580647978498	
7.292650761436774	1223.9248610270022	-114.9494431621379	117.00591911829602	-114.94944316213711	-2210.479788137381	579.2669872577031	117.005919118293	579.2669872577088	39.908163467883206	
7.342600424186341	-1512.258112588391	504.2873398038053	59.33624630088494	504.2873398038087	320.77947662411174	579.4057390502544	59.33624630088417	579.4057390502533	-65.13173547504378	
7.392550086935908	1390.6579616538495	347.26066930487616	-73.48786655329778	347.2606693048747	-823.515188643335	436.17063760340204	-73.48786655329734	436.1706376034017	-132.70786504304007	
7.442499749685475	545.9765185518092	891.9783224067315	47.96339195271061	891.9783224067372	-1008.147447461627	553.6353962344583	47.96339195271073	553.6353962344565	-190.34300024613268	
7.492449412435042	966.4522069884657	365.30638644007433	40.998913997887854	365.3063864400776	-508.3612297181527	218.1726196195922	40.99891399788825	218.17261961959403	-93.90851069422553	
7.542399075184609	1561.4293809436742	1035.9811284872567	-216.52598806521715	1035.981128487254	252.88323999396584	-165.51547409303532	-216.52598806521502	-165.51547409303905	28.61438362289651	
7.592348737934176	992.939903522144	-1070.2714749106842	-67.39952449479883	-1070.2714749106892	-57.86224106953789	-23.492163624554102	-67.39952449479952	-23.492163624555353	8.823638050153816	
7.642298400683743	-235.1191758806148	905.5068351953093	-31.554013724844133	905.5068351953037	-2468.504114013101	20.355198219672566	-31.55401372484541	20.355198219671436	-17.063995080962293	
7.69224806343331	1300.8947001483878	1022.2879090497975	97.442179817469	1022.2879090498026	1464.083153416674	254.61444973895107	97.44217981746645	254.61444973895505	138.09440712675905	
7.742197726182877	-521.7459228257753	-196.49976720311312	81.85236159732071	-196.49976720310977	85.42349467638508	310.5531674703296	81.85236159731858	310.55316747032606	303.2161916801098	
7.792147388932444	78.24386212385652	1157.8270471294568	-36.99385325561866	1157.8270471294536	-1770.2819781913176	249.13056926897562	-36.993853255621254	249.1305692689749	229.249017084629	
