# Stress in units of bar (10^5 Pa)
# z	Sxx	Sxy	Sxz	Syx	Syy	Syz	Szx	Szy	Szz
0.0	306.35750163133645	271.997502593375	-132.38915497387438	271.9975025933738	96.37126690122902	-119.19883144295284	-132.38915497387433	-119.19883144295231	180.68876287034612	
0.05280374888362468	293.00405402099426	246.73244763756244	-144.56612375013236	246.73244763756156	108.57502061704322	-110.26989306148928	-144.56612375013233	-110.26989306148886	199.59495139781208	
0.10560749776724936	272.0997932493182	227.56280275434085	-159.5395960779289	227.56280275434017	130.7771269874264	-103.13527287144045	-159.53959607792888	-103.13527287144018	215.08504890889975	
0.15841124665087403	250.92607090694918	212.92586980659257	-175.96480473776916	212.925869806592	160.63878208498062	-100.37289490271017	-175.9648047377691	-100.37289490271003	225.5410308007299	
0.2112149955344987	234.48595641006494	198.95661543305778	-192.0376435129766	198.95661543305718	189.2480999746232	-103.88102998942773	-192.03764351297653	-103.88102998942772	230.13493977649227	
0.2640187444181234	224.37991658934317	180.4867059478869	-206.11583497167717	180.48670594788626	205.08287335603512	-114.27198871626955	-206.1158349716772	-114.27198871626962	229.34900667116597	
0.31682249330174805	219.3250938730078	152.70422501608238	-217.0723649893568	152.7042250160817	198.57335745379976	-130.35459883333013	-217.0723649893569	-130.35459883333027	224.856351929638	
0.36962624218537277	216.648522817719	113.19233035428834	-224.22549706055494	113.19233035428758	165.50509999504996	-148.97784952545956	-224.22549706055514	-148.9778495254597	218.85434775350194	
0.4224299910689974	215.02187426290635	63.26836318265715	-226.98186077702323	63.268363182656444	108.03880031598443	-165.6571972313012	-226.9818607770235	-165.65719723130124	213.2850356879693	
0.4752337399526221	215.51869031948303	8.234505511550559	-224.59002674419452	8.234505511549873	33.71818894798429	-175.96383725662662	-224.59002674419492	-175.9638372566265	209.3596156145079	
0.5280374888362468	221.18682917639387	-44.14337133427701	-216.25460365699007	-44.14337133427766	-46.0745746029518	-177.1664556515427	-216.25460365699044	-177.16645565154235	207.43399187553717	
0.5808412377198715	234.44871590236855	-86.13457086930657	-201.607048464828	-86.1345708693072	-118.58324248167165	-169.32291037676694	-201.60704846482832	-169.3229103767664	207.09776155743447	
0.6336449866034961	254.8009235115805	-112.65982113593704	-181.25961122073292	-112.65982113593769	-172.24957603685465	-155.19956591147576	-181.25961122073315	-155.19956591147505	207.3926845972037	
0.6864487354871208	278.2307598817635	-122.42927571103394	-157.0638464652473	-122.42927571103459	-199.66765654071824	-138.96932061084158	-157.06384646524745	-138.96932061084075	207.1192048472126	
0.7392524843707455	298.577518315789	-117.49373915942458	-131.87944020603118	-117.49373915942522	-199.38600731948864	-124.35278169250205	-131.87944020603123	-124.35278169250121	205.3455977392958	
0.7920562332543701	309.64553654076667	-101.31276500194285	-108.91341829570649	-101.3127650019434	-176.04318536530945	-113.1111670142697	-108.91341829570652	-113.11116701426891	202.0010289248347	
0.8448599821379948	306.7160392138645	-76.95447162942223	-90.86375600672208	-76.95447162942261	-138.45027842777273	-104.74809873283598	-90.8637560067221	-104.74809873283536	198.25223522055424	
0.8976637310216196	287.5407894314799	-45.88452936127642	-79.11292603856285	-45.88452936127658	-96.42347537937519	-97.52427780856675	-79.11292603856282	-97.52427780856627	196.36848188468247	
0.9504674799052442	253.19963951580462	-8.405851293664748	-73.21004786654915	-8.405851293664684	-58.00552983248862	-90.16153355899795	-73.21004786654908	-90.16153355899762	199.019796971388	
1.003271228788869	209.00190867499057	34.615331513179	-70.86352621305718	34.615331513179285	-27.096938045632527	-83.12090270326495	-70.86352621305709	-83.12090270326476	208.24156361146487	
1.0560749776724936	163.88909932009864	80.0081946596431	-68.5894757636723	80.0081946596435	-3.1531494961231488	-78.595477516393	-68.58947576367218	-78.59547751639289	224.5336663212477	
1.1088787265561182	127.69701473802525	121.67555587773546	-62.91502870290135	121.67555587773586	18.101329776677318	-79.16679430324002	-62.91502870290124	-79.16679430323997	246.63242525021488	
1.161682475439743	106.63520716323426	151.73858224945826	-51.67391080134678	151.73858224945866	41.94723280290009	-85.99034177689832	-51.67391080134665	-85.9903417768983	272.15996116853114	
1.2144862243233676	100.00894456032844	163.2372344997188	-34.66917622637946	163.2372344997191	72.07426794542013	-97.61176894170211	-34.66917622637937	-97.61176894170208	298.90704481977673	
1.2672899732069922	100.6508373588845	152.85069070176039	-13.450561975712706	152.8506907017608	108.81237394400756	-110.23336850071473	-13.450561975712652	-110.23336850071465	325.9565457742011	
1.320093722090617	99.0924883592499	122.19877215331618	9.466190562454273	122.19877215331664	149.28178520730694	-119.17860633480535	9.46619056245424	-119.17860633480518	353.8541168497938	
1.3728974709742416	88.91474943886558	77.2830194896426	31.21282188330434	77.28301948964312	189.03389070371304	-120.66256409300266	31.21282188330421	-120.66256409300235	383.4450940773186	
1.4257012198578662	70.24384954225681	26.445123165462206	48.63642250548562	26.445123165462775	224.27137755230453	-112.82229565682053	48.63642250548538	-112.82229565682005	413.9655805638696	
1.478504968741491	49.22360874802304	-21.701710616920494	58.25179285583593	-21.70171061692004	253.19567494561952	-95.69350794315879	58.25179285583556	-95.6935079431582	441.769135177402	
1.5313087176251157	34.51970602903023	-59.51356024531014	56.77994564890816	-59.51356024530983	275.2824724445542	-70.58981874237558	56.779945648907706	-70.58981874237492	460.9077868682723	
1.5841124665087403	33.07863632582887	-81.38423982256165	42.592018853363214	-81.38423982256154	290.42966096696887	-39.690639896104656	42.59201885336273	-39.69063989610402	465.5194629130957	
1.636916215392365	47.49007286245492	-84.86919078557582	17.316050522542334	-84.86919078557587	298.16701149490495	-6.003195688765911	17.31605052254188	-6.003195688765365	452.61775674491116	
1.6897199642759897	75.5802400058115	-72.07104199994923	-13.672627356092104	-72.07104199994934	297.97023179109215	26.602978919341833	-13.672627356092468	26.60297891934225	423.33082241614	
1.7425237131596143	111.79248121148122	-50.15012503072442	-42.626068889042315	-50.150125030724524	290.58420383373016	53.93846511135435	-42.62606888904256	53.93846511135467	381.6915858831529	
1.7953274620432391	150.01153758237967	-29.4863494906266	-62.13365456373828	-29.486349490626587	279.73216039607473	72.68308232030634	-62.13365456373839	72.68308232030664	331.96206942390415	
1.8481312109268637	185.95607886962054	-19.625117381138253	-67.85468849264484	-19.625117381138125	272.0779476105415	81.52329849937908	-67.85468849264483	81.52329849937944	276.57722127051204	
1.9009349598104883	219.61966907516202	-25.281178862243546	-59.80539369219407	-25.281178862243248	276.6184153559971	81.44456255904541	-59.805393692193974	81.44456255904589	216.31092147894827	
1.9537387086941131	255.1217936578582	-44.55804096505864	-41.64364772759882	-44.55804096505826	301.93666888357626	74.71360290563345	-41.64364772759866	74.71360290563403	152.5271671284124	
2.006542457577738	298.9391632553724	-70.74499619526863	-18.503061698407766	-70.74499619526816	353.4162170554953	63.2396431219106	-18.503061698407596	63.23964312191127	89.77762765285266	
2.0593462064613623	356.4876292677254	-95.24402045059513	5.458445491955786	-95.24402045059468	430.944621103037	47.68476962958195	5.458445491955928	47.68476962958265	36.52471560182851	
2.112149955344987	429.26478273258033	-110.20575039004102	28.41982215919969	-110.20575039004062	528.1822831827781	28.082216989507003	28.41982215919978	28.08221698950762	2.9407084676673563	
2.164953704228612	512.8868933958502	-109.23788540533022	50.545828943398035	-109.2378854053299	632.5327864265494	5.603971572085577	50.54582894339807	5.603971572086058	-3.357567541130763	
2.2177574531122364	597.5401440583111	-88.34094166981721	72.45323387613988	-88.34094166981697	726.8952754997213	-16.202438181164304	72.45323387613986	-16.202438181163956	18.63568067654993	
2.270561201995861	670.1669318485873	-47.31836316097507	93.66469764273802	-47.318363160974926	793.2459895290385	-32.1366294309972	93.66469764273795	-32.13662943099699	61.926972161905965	
2.323364950879486	718.6613801169508	8.495521965944107	112.07668209499005	8.495521965944192	817.9734963540177	-37.93245015962451	112.07668209498993	-37.93245015962435	113.77830587071315	
2.3761686997631104	736.1530154796221	68.49822701095592	124.58201072288952	68.49822701095596	797.5141131870059	-32.987085524606165	124.58201072288945	-32.98708552460598	160.52190824900356	
2.4289724486467352	723.1093181426952	119.69920926924743	128.17001436808704	119.69920926924746	740.3366610500467	-21.30866909796899	128.17001436808698	-21.308669097968746	192.28442618053265	
2.48177619753036	685.8896865218718	151.36789762393843	120.83501877314953	151.36789762393846	663.6054524940041	-10.054186840766562	120.83501877314953	-10.054186840766292	205.3370846386962	
2.5345799464139844	631.7076623001011	158.76880072577066	102.19299718351908	158.76880072577063	585.1039295157527	-6.6723462933022795	102.19299718351914	-6.672346293301967	201.5083627050507	
2.5873836952976093	564.5164513748836	144.61975944816263	74.06756629141498	144.61975944816257	516.0303687691319	-16.123106296698467	74.06756629141515	-16.12310629669813	185.79719101478722	
2.640187444181234	484.03725382216817	117.5699989470487	40.88686645899504	117.56999894704863	458.0052289464932	-39.17463765843116	40.88686645899523	-39.174637658430825	163.72588787411718	
2.6929911930648585	389.38997494371927	88.76812867566103	9.360261090847224	88.76812867566093	405.6474942194244	-71.93855894201066	9.360261090847484	-71.93855894201032	139.55482430722924	
2.7457949419484833	283.66596255262954	67.22445579300123	-12.916940976579333	67.22445579300106	351.1457681122781	-106.72940149859689	-12.916940976579042	-106.72940149859653	115.67054008119962	
2.798598690832108	175.67211945027918	56.38504804782566	-19.553381610046163	56.38504804782549	288.9047934901004	-134.18281072733018	-19.553381610045882	-134.18281072732984	93.00354820886267	
2.8514024397157325	77.62047058999788	52.968242426469615	-7.155666705468196	52.96824242646947	218.7700932866673	-146.2933266151216	-7.1556667054679295	-146.29332661512126	72.11691568492361	
2.9042061885993573	0.6974750908560599	49.44693960399417	23.737347000005133	49.44693960399408	147.15410781961225	-139.33791529863748	23.737347000005354	-139.3379152986372	54.368088586687534	
2.957009937482982	-48.31378971310359	38.108817673357734	68.7979683212086	38.10881767335769	86.72936468513032	-115.37691874634697	68.79796832120876	-115.37691874634673	42.27505650394553	
3.0098136863666065	-67.23731068093898	14.836908673591438	120.97138762543148	14.83690867359142	52.721181525124464	-81.2387250001297	120.97138762543162	-81.23872500012949	38.61687293900596	
3.0626174352502313	-57.353215929962175	-19.314633652315795	172.28468469217904	-19.314633652315766	56.88083060689097	-45.332718448910924	172.28468469217913	-45.33271844891079	44.70080329149466	
3.115421184133856	-22.55514506347197	-58.901102618767005	216.0942616543301	-58.90110261876699	101.4728949639391	-13.875783141205218	216.09426165433015	-13.87578314120514	59.03163626164261	
3.1682249330174805	29.72895993171801	-96.06187763372985	248.86336356259963	-96.06187763372984	177.0337323153105	11.305855799021879	248.86336356259966	11.305855799021911	77.53853214971036	
3.2210286819011054	87.88811420876563	-122.81749511042293	270.37823392307155	-122.8174951104229	263.9068995165381	32.128242864722495	270.37823392307155	32.12824286472248	95.21729164917062	
3.27383243078473	137.3219477569586	-133.21616235254885	282.13164743898847	-133.21616235254885	338.40927750135256	51.43072528475228	282.13164743898847	51.43072528475223	107.95170970761357	
3.3266361796683546	164.07728880013798	-124.98050673110305	284.91520455818306	-124.98050673110299	379.28488390461064	70.06357719638939	284.91520455818306	70.06357719638932	113.34953105688099	
3.3794399285519794	159.51453772749096	-100.42872002974252	277.22718691889423	-100.42872002974251	373.35755682114626	85.97828011765536	277.2271869188942	85.97828011765529	110.79083054407604	
3.432243677435604	123.06713096358426	-65.92619201048988	255.60119345177935	-65.92619201048986	318.19636947717134	95.7770866813302	255.60119345177935	95.77708668133013	101.5461303213921	
3.4850474263192286	62.339546900021496	-30.434597546748293	216.55704006935218	-30.43459754674832	222.5829844685261	97.2749598848282	216.55704006935224	97.27495988482815	89.270610713378	
3.5378511752028534	-10.050338168966501	-2.759920387715285	158.95742529559712	-2.7599203877153116	103.76085786056032	91.15040380409344	158.95742529559718	91.1504038040934	79.83801807675965	
3.5906549240864782	-80.89322355822353	10.913534403281616	85.76003200196463	10.913534403281524	-16.713054477937007	80.60893985316146	85.76003200196467	80.60893985316143	79.57828741368932	
3.6434586729701026	-140.5559032467105	8.459390422567814	4.538541132327979	8.459390422567687	-118.42815239828502	69.62450653088612	4.538541132328022	69.62450653088608	92.18153200466895	
3.6962624218537274	-184.91215676750227	-8.416420345488545	-73.46966301356895	-8.416420345488715	-187.46623083674385	61.18741849238999	-73.46966301356892	61.18741849238994	116.14974422172808	
3.7490661707373523	-214.95162262704585	-35.24247012846118	-135.7660097879074	-35.242470128461406	-220.1752163716606	56.642177939657195	-135.7660097879074	56.64217793965713	145.0516309389964	
3.8018699196209766	-233.74170053872808	-66.64520085201538	-172.0704295172741	-66.64520085201565	-222.96809609584807	56.10631976310927	-172.07042951727414	56.1063197631092	171.16802827427156	
3.8546736685046015	-243.19717244018995	-97.51181117314636	-177.79764276511617	-97.51181117314667	-208.51250896157708	59.22602688033071	-177.79764276511622	59.226026880330636	190.567929587967	
3.9074774173882263	-242.51518753206142	-123.91071581288145	-155.7207750530813	-123.91071581288175	-190.07222111724275	65.5196351281079	-155.72077505308135	65.51963512810784	206.23675680611274	
3.9602811662718507	-229.6073353013667	-142.9162674072733	-114.59425127699824	-142.91626740727358	-176.78368437696307	74.13013472621174	-114.59425127699836	74.13013472621172	226.71060861924667	
4.013084915155476	-204.49669610925108	-152.67480593528248	-65.26842673676856	-152.67480593528273	-171.83740201932721	83.39375021245976	-65.26842673676873	83.39375021245979	260.6312493113878	
4.0658886640391	-171.9396520299295	-151.90677804561676	-16.494482188179596	-151.90677804561696	-173.93367407296904	90.84008066390449	-16.494482188179802	90.84008066390454	310.55572213785894	
4.118692412922725	-140.01783172143905	-140.12395497997454	27.04996298757255	-140.1239549799747	-179.93867592523188	93.77467968933357	27.049962987572318	93.77467968933367	369.9667381678181	
4.17149616180635	-115.31878285776591	-117.66589562821818	63.55028617169777	-117.66589562821827	-186.81875702346588	90.10488815215608	63.55028617169752	90.10488815215618	425.23462338071823	
4.224299910689974	-97.9894107979388	-86.63420635628657	91.3223685149043	-86.63420635628664	-192.27525430808737	78.93045824824321	91.32236851490404	78.93045824824334	460.9621433948023	
4.277103659573599	-81.0411863329154	-51.153925696140796	107.28301449937368	-51.153925696140846	-194.0792244648078	60.649570927804795	107.28301449937338	60.64957092780495	465.4242053302986	
4.329907408457224	-54.73244888491189	-17.35998894732859	108.27340372285053	-17.359988947328688	-189.7685004804984	36.7790586109921	108.27340372285025	36.77905861099227	433.5844750166897	
4.382711157340848	-12.312025214353838	8.165962335432198	94.18203896617321	8.165962335432127	-176.65630896523564	10.099956332875049	94.18203896617288	10.099956332875243	367.2248630543413	
4.435514906224473	46.37318471529636	20.77067976416032	70.02899458794568	20.770679764160263	-151.98721094361355	-14.8169953003596	70.02899458794533	-14.816995300359368	273.4500910936672	
4.488318655108098	116.22838588412168	19.99898247301988	44.990677873029725	19.99898247301988	-113.10168577096681	-31.277070105462816	44.99067787302939	-31.27707010546255	162.81845237622147	
4.541122403991722	189.7730696849085	10.23404974366531	28.614363947350537	10.234049743665338	-57.16910957873965	-31.506354551282296	28.61436394735025	-31.506354551282	47.61473690099567	
4.593926152875347	259.9644110365193	-0.944473803089636	26.561708060272615	-0.9444738030896218	17.870638546296593	-9.489725779132492	26.56170806027235	-9.489725779132158	-59.59291824558015	
4.646729901758972	320.8034812469908	-6.390889624447038	38.36066999256765	-6.390889624447052	111.32074431168627	35.362602823776	38.36066999256744	35.36260282377636	-147.00598002247932	
4.699533650642596	368.02287650564944	-2.9322324670534385	58.27603707562353	-2.9322324670535096	217.87367445821113	95.94007852219852	58.276037075623336	95.94007852219889	-204.4107650784576	
4.752337399526221	399.7371549433124	7.084513895922385	78.45027925162219	7.084513895922271	327.71557804940323	158.51754434535434	78.45027925162202	158.51754434535468	-224.08690143460254	
4.805141148409846	417.55025780053677	17.355893425862433	92.48378310331955	17.355893425862263	429.17931954610515	207.25251998430576	92.48378310331938	207.2525199843061	-202.34821740373172	
4.8579448972934705	426.12619403164206	20.82726518587276	97.7691025558677	20.82726518587262	512.6475864795775	230.07976594328304	97.76910255586752	230.0797659432834	-141.55636968762633	
4.910748646177095	431.5647654085262	12.855791277297683	95.73499155442772	12.855791277297527	573.461767243558	223.02578039857997	95.73499155442754	223.02578039858034	-51.65104993092951	
4.96355239506072	438.14484333414543	-7.2348933726189095	90.38961686751506	-7.234893372619027	612.0330877682188	190.8814028527737	90.38961686751486	190.8814028527741	50.56429234292503	
5.0163561439443445	445.44036687626703	-36.49246516361672	86.05879136890181	-36.49246516361691	632.1725417183229	144.37081516373433	86.05879136890162	144.37081516373476	145.15025266330622	
5.069159892827969	447.88528379541356	-68.99154048287852	85.38734717472607	-68.99154048287879	638.7386526501984	95.75696011860545	85.38734717472592	95.75696011860587	214.94041176974753	
5.121963641711594	437.10784123485263	-96.45581122318951	88.37927330015312	-96.4558112231899	635.8700266847791	54.98330120387262	88.37927330015299	54.98330120387306	251.00823980746824	
5.1747673905952185	407.4211979695882	-109.6031569942549	92.85466173405064	-109.6031569942553	626.5166305629505	27.520878954093547	92.85466173405055	27.520878954093956	254.93963361464154	
5.227571139478843	359.5756066214564	-100.93163479470522	96.03249248472727	-100.93163479470566	612.2102364005855	13.985760456867332	96.03249248472721	13.985760456867688	236.72145558255397	
5.280374888362468	300.929190966117	-68.65731200412894	96.38210836284955	-68.65731200412937	592.8952717082032	11.03175425270315	96.38210836284958	11.031754252703413	209.55698999303195	
5.3331786372460925	240.13506269836506	-18.725178976017386	94.56940848736154	-18.725178976017702	566.7168090940901	13.177231548935769	94.56940848736161	13.177231548935914	184.53403141530944	
5.385982386129717	181.19174050765162	36.42662826319928	92.8109546978894	36.426628263199056	530.5590202073251	15.107633487117937	92.81095469788953	15.107633487117951	167.71120645990726	
5.438786135013342	121.59968943018296	82.58307215542806	93.0618548965795	82.583072155428	481.40843933980005	13.699381080415435	93.0618548965797	13.699381080415321	160.32665258322854	
5.491589883896967	56.33807052382633	109.28814378663898	95.47623487186615	109.28814378663894	418.67352115057247	8.692139861038864	95.47623487186642	8.692139861038697	160.91434957454138	
5.544393632780591	-15.580704419668912	113.06132739296768	98.30267854552301	113.06132739296774	345.5442345430955	1.5683598207991132	98.30267854552338	1.5683598207989355	167.37566067740315	
5.597197381664216	-87.35060802104515	96.8948291428913	99.30542931803129	96.89482914289142	268.1000195518117	-6.3415114479920796	99.3054293180317	-6.3415114479922	177.85607667918973	
5.650001130547841	-146.92589233439944	67.5424778736423	97.49028833415483	67.54247787364245	192.36033320472063	-14.858365736425007	97.49028833415527	-14.858365736425057	190.50766182424553	
5.702804879431465	-183.4827744135477	32.150912425273106	93.78138395691474	32.15091242527336	120.41969638752354	-24.310696846862385	93.78138395691514	-24.31069684686242	203.09245170038784	
5.75560862831509	-193.99795881054436	-3.82017494337142	90.25057128720121	-3.820174943371022	49.02973779797345	-34.116881055652	90.25057128720154	-34.11688105565207	213.06349899606772	
5.808412377198715	-185.81736744046447	-37.35033472041832	88.56368456848364	-37.35033472041776	-28.319742220631674	-42.290059693189626	88.56368456848378	-42.29005969318984	218.19404195734535	
5.861216126082339	-173.1443116712786	-67.60511390068567	88.80964255920632	-67.60511390068498	-116.65825859529633	-46.492038801857205	88.80964255920627	-46.49203880185758	217.3496877287261	
5.914019874965964	-169.78859304772237	-94.97982470845184	89.40557709840374	-94.97982470845099	-214.59414851602253	-45.755176591352416	89.40557709840346	-45.75517659135298	210.92699214875097	
5.966823623849589	-182.0163152316019	-120.04423454442863	87.96253220997937	-120.04423454442768	-312.36574293792444	-41.41060330706114	87.9625322099789	-41.410603307061834	200.93356070753023	
6.019627372733213	-205.77819421375517	-142.56050011495952	82.5415965201377	-142.56050011495861	-394.6791879933031	-36.53572050058643	82.54159652013706	-36.53572050058717	190.77881860188944	
6.072431121616838	-229.03050870306438	-161.10111370074503	72.69940446812338	-161.10111370074412	-446.12956279415175	-34.52908221054265	72.69940446812262	-34.52908221054335	184.60843731922003	
6.125234870500463	-237.72407776716358	-172.9847198641777	59.83317272423125	-172.984719864177	-457.2018906941913	-37.853107509919965	59.833172724230444	-37.853107509920534	185.99654472111303	
6.178038619384087	-221.49102048608023	-174.94820586676406	46.692811908150894	-174.94820586676352	-427.27235855500277	-47.47373789847672	46.69281190815006	-47.47373789847715	196.21565397094	
6.230842368267712	-177.57041320263602	-163.9825209185754	36.27810690568361	-163.98252091857495	-364.7717164802011	-62.85299087577436	36.278106905682755	-62.85299087577466	212.91749318080974	
6.283646117151337	-111.46376123397602	-138.63221892519	30.55936024989299	-138.6322189251896	-284.0740315487932	-82.13944735803213	30.559360249892137	-82.13944735803231	230.25774807586737	
6.336449866034961	-35.28643898073588	-99.85038766900323	29.633982641036454	-99.8503876690028	-201.735147332577	-102.5128484421522	29.633982641035633	-102.51284844215238	240.9610303984025	
6.389253614918586	35.442271671135046	-51.38130114002654	31.622782880493656	-51.3813011400261	-132.25819196885163	-120.81101648239999	31.62278288049291	-120.81101648240016	239.39497435211274	
6.442057363802211	86.59236546792943	1.1490993209012998	33.27988013927958	1.1490993209017972	-84.82282141589951	-134.36358966092752	33.27988013927899	-134.36358966092774	224.0729861918534	
6.494861112685835	109.58340001915256	51.82265716722948	31.032548520014167	51.82265716722996	-61.80189406118404	-141.82645325619353	31.03254852001379	-141.8264532561939	198.17460243619402	
6.54766486156946	103.8468642923703	96.0804002392405	22.089395046490182	96.08040023924099	-59.325070637465956	-143.62631013697074	22.08939504649007	-143.62631013697123	167.90112839268704	
6.600468610453085	75.30911011581095	131.29747945110353	5.336825767060763	131.29747945110392	-69.96702787292887	-141.7290141214455	5.336825767060905	-141.7290141214462	139.74014802447203	
6.653272359336709	32.453144562088525	156.15231696562552	-18.24445252696386	156.1523169656258	-86.11461764878891	-138.81173684982215	-18.244452526963517	-138.81173684982298	118.06490020349761	
6.706076108220334	-17.690303424099334	169.73630084472208	-45.841292813168984	169.73630084472208	-102.28576084052175	-137.1923075886472	-45.84129281316852	-137.19230758864808	104.12839962731755	
6.758879857103959	-71.45711493046501	171.30660637859847	-73.67636277886267	171.3066063785983	-115.85165660871475	-138.04404086555215	-73.67636277886217	-138.04404086555292	96.54819515258333	
6.811683605987583	-127.29011744710351	161.1198800978859	-98.20486722601291	161.11988009788547	-126.21480990606125	-141.20454703178834	-98.20486722601241	-141.2045470317889	92.72148921257124	
6.864487354871208	-183.36448098351704	141.84323939732812	-117.11045540271846	141.84323939732755	-133.26877345574937	-145.57420196184182	-117.11045540271796	-145.57420196184214	90.43343948150549	
6.917291103754833	-235.82058695498057	118.7941820957103	-129.6717375368818	118.79418209570956	-136.31208129533115	-149.7567939904742	-129.67173753688124	-149.75679399047422	88.94602603387006	
6.970094852638457	-278.90902101572794	98.52406316907496	-136.38995100963763	98.5240631690741	-133.32561246400746	-152.51741231897685	-136.38995100963697	-152.5174123189767	89.25363092882526	
7.0228986015220825	-307.64974936057666	86.42843913093915	-138.22474758266662	86.42843913093824	-121.7655792684852	-152.91393687031297	-138.22474758266577	-152.9139368703127	93.39998346758719	
7.075702350405707	-319.77299892845247	84.90324459368952	-135.8874600969816	84.90324459368861	-99.67860896956859	-150.25631325655021	-135.8874600969806	-150.25631325654993	103.19546039402852	
7.128506099289331	-316.8653526001441	93.17557518850646	-129.55030234628038	93.17557518850555	-67.49875942427852	-144.18009770689122	-129.55030234627918	-144.180097706891	118.92883679645904	
7.1813098481729565	-302.86366260698014	108.27398006298532	-119.09203624732598	108.27398006298444	-29.284846719923735	-134.91208568519903	-119.09203624732474	-134.9120856851989	138.7201171303837	
7.234113597056581	-281.8742124550227	126.15718552544672	-104.73179420595635	126.15718552544588	7.494426805848931	-123.52622909892453	-104.73179420595514	-123.52622909892449	158.9572524183543	
7.286917345940205	-256.7717084055258	142.6714432502588	-87.71302978432601	142.67144325025802	33.85251535837183	-111.86273920704897	-87.71302978432485	-111.86273920704907	175.62243591520087	
7.3397210948238305	-229.2876893391744	154.11102940688136	-70.64014033908168	154.11102940688073	42.42330575806922	-102.00907133914127	-70.6401403390806	-102.00907133914151	185.87803904357207	
7.392524843707455	-201.1232835764764	158.149999013475	-57.16818054991892	158.14999901347446	30.205837290796538	-95.52968354673469	-57.168180549917906	-95.5296835467351	189.12121361263024	
7.445328592591079	-174.438497858659	154.30866555207962	-51.0920715411933	154.30866555207925	-0.0684295913121602	-92.84946795028767	-51.09207154119231	-92.84946795028824	187.02743394003767	
7.4981323414747045	-151.3065248590279	144.04298001627632	-55.17868393470913	144.0429800162761	-40.85149361193942	-93.15508163900284	-55.17868393470817	-93.15508163900358	182.6730926122469	
7.550936090358329	-132.56339221101655	129.48208040862778	-70.2688475735628	129.48208040862772	-82.63464395404992	-94.8013892792724	-70.26884757356187	-94.8013892792733	179.2237551894981	
7.603739839241953	-116.73651261511601	112.33405863539937	-94.97970009173594	112.33405863539943	-117.73719938034452	-96.06531130619777	-94.9797000917351	-96.06531130619882	178.78246693395164	
7.656543588125579	-100.43365627994666	93.125931621208	-126.0745235708184	93.12593162120808	-143.06524354966655	-95.85814333398969	-126.0745235708177	-95.85814333399084	181.78450965114885	
7.709347337009203	-79.33657545271372	71.47151285232138	-159.30367934953324	71.47151285232148	-160.40888929935	-94.14087413901522	-159.30367934953267	-94.14087413901639	187.0534699770048	
7.762151085892827	-50.52098725867832	47.10219254414385	-190.38755693017424	47.102192544143904	-174.18350103314188	-91.96647602848992	-190.3875569301739	-91.96647602849106	192.30304255540784	
7.814954834776453	-14.114332059636984	20.760354846745066	-215.90129410495916	20.760354846745066	-187.39228127441427	-91.2036994499136	-215.9012941049591	-91.20369944991464	194.83989637929736	
7.867758583660077	26.079716008535613	-5.191994366926501	-233.85387674743853	-5.191994366926547	-198.9785516299839	-94.08770068788542	-233.85387674743868	-94.0877006878863	192.23471750474297	
7.920562332543701	64.31919475851672	-27.10833991053707	-243.7791591233527	-27.108339910537147	-203.69031560248567	-102.62549071516071	-243.77915912335305	-102.62549071516142	182.81047190137784	
7.973366081427327	95.5564521990992	-41.25018026205483	-246.32304215240887	-41.25018026205489	-195.1310780548052	-117.91966053294891	-246.32304215240947	-117.91966053294937	165.95366954110588	
8.026169830310952	117.2897011477356	-45.3559317126352	-242.55116350656112	-45.3559317126352	-169.7082536417215	-139.52238826633538	-242.5511635065618	-139.52238826633564	142.21436347842632	
8.078973579194576	129.4215527110868	-39.769123472795904	-233.35601680993835	-39.769123472795776	-128.88154597724355	-165.14917820238045	-233.3560168099392	-165.14917820238045	113.20116974426742	
8.1317773280782	132.68771577127052	-27.263419705143335	-219.2675873146783	-27.263419705143008	-78.69002327551978	-191.03135106862337	-219.26758731467928	-191.03135106862308	81.28666367015437	
8.184581076961825	127.18100837834307	-11.285710659860875	-200.71220430685855	-11.285710659860321	-26.575187812886398	-212.98911264174154	-200.71220430685958	-212.98911264174103	49.1999195548845	
8.23738482584545	112.29935332147713	6.056299428841683	-178.48012516833646	6.05629942884244	21.712059993009674	-227.8923964197058	-178.48012516833745	-227.89239641970505	19.66444344410002	
8.290188574729074	87.88566016668314	25.330040072059553	-154.11821384256504	25.33004007206044	63.392427307258686	-234.8017655301316	-154.11821384256598	-234.80176553013075	-4.820701784703704	
8.3429923236127	55.577905051802844	49.299134698917086	-129.9796442050192	49.29913469891796	97.88537343646215	-235.18950542380873	-129.97964420501995	-235.18950542380782	-22.10959803136587	
8.395796072496324	18.84653202393143	81.12919849786486	-108.8540395245046	81.12919849786557	124.1705646588806	-232.0203381553521	-108.85403952450514	-232.02033815535128	-30.63629198332294	
8.448599821379949	-17.961710566569806	122.38997718502036	-93.20509600658583	122.38997718502087	139.1942685699647	-228.10366055811576	-93.20509600658617	-228.10366055811502	-29.838947064540683	
8.501403570263573	-51.337032207955076	172.00108657930414	-84.32442812608453	172.00108657930446	137.94528988556053	-224.609639979299	-84.32442812608474	-224.60963997929835	-20.672175649760824	
8.554207319147197	-79.42142164542665	226.57159711629373	-81.83706274675137	226.5715971162939	116.35161684113862	-220.63215905818532	-81.83706274675144	-220.6321590581848	-5.7694291864302745	
8.607011068030822	-101.0082171370872	281.53784873412735	-83.90636759116366	281.53784873412746	75.25492418596802	-214.0568761263513	-83.90636759116369	-214.05687612635091	11.152311283719026	
8.659814816914448	-113.877521256692	332.2770545929571	-88.10558267779447	332.27705459295714	22.603628270332962	-203.21439858234078	-88.10558267779447	-203.2143985823405	26.60510275846848	
8.712618565798072	-113.40185816679326	374.73539575643616	-92.46452595535204	374.73539575643616	-27.891867680401447	-188.24511334792828	-92.46452595535203	-188.245113347928	38.73735124594049	
8.765422314681697	-93.93817495071838	405.7418307523826	-96.09580352705206	405.7418307523824	-61.9005994044197	-171.3680194264228	-96.09580352705203	-171.36801942642253	47.99216915052398	
8.818226063565321	-51.73157617972637	423.1883934852176	-99.10861311946034	423.18839348521715	-70.33179517204792	-155.89700953152155	-99.10861311946024	-155.8970095315213	56.553935669674054	
8.871029812448946	11.751562713568573	426.5454197149045	-102.01684646130983	426.5454197149036	-52.894365709414274	-144.6351303873406	-102.0168464613097	-144.63513038734027	66.95451846049251	
8.92383356133257	88.68818724334646	416.84110076022046	-105.17734176408887	416.8411007602192	-17.656648536145436	-138.52827150122135	-105.17734176408874	-138.52827150122096	80.7476318761928	
8.976637310216196	166.99580599206922	396.3772299504137	-108.6546412654456	396.3772299504122	22.838658429727683	-136.32097154662318	-108.65464126544546	-136.32097154662273	98.00076182307143	
9.02944105909982	234.08850335017675	368.2092165470365	-112.49531442778095	368.20921654703477	56.89941242655304	-135.32114737701028	-112.49531442778078	-135.3211473770097	117.73328149519483	
9.082244807983445	281.02409172457885	335.7269563190152	-117.11956963049498	335.7269563190134	78.59072816406074	-132.81025321743283	-117.11956963049484	-132.8102532174322	138.72623173007364	
9.13504855686707	304.3918495288607	302.5129542221616	-123.41566675349588	302.51295422216015	89.27208041717903	-127.32560743244065	-123.4156667534958	-127.32560743244007	160.00272204152776	
