# Stress in units of bar (10^5 Pa)
# z	Sxx	Sxy	Sxz	Syx	Syy	Syz	Szx	Szy	Szz
0.0	-96.82077637300709	0.03317690204577062	-173.3183831198162	0.033176902045884304	-56.38958555652174	-7.550681397138554	-173.318383119816	-7.550681397137986	-106.50763974686139	
0.05302275150936977	-74.56152860505375	4.082856506759747	-167.05219422691667	4.082856506759867	-70.56100342062446	-17.32981970055907	-167.0521942269164	-17.329819700558478	-99.82054752845812	
0.10604550301873954	-51.415806123926345	4.254072042727081	-160.35543899438082	4.25407204272717	-82.90454139594502	-27.72777687315538	-160.3554389943805	-27.727776873154767	-91.91861249336615	
0.1590682545281093	-29.02192165451548	1.0583488249266821	-153.57367890577405	1.0583488249267674	-93.03506216589301	-38.0815298703258	-153.5736789057737	-38.08152987032517	-83.47584133801973	
0.21209100603747907	-8.496471780694634	-4.773630306944288	-146.87257559446567	-4.773630306944227	-100.45244617789531	-47.72044350860892	-146.87257559446525	-47.720443508608284	-75.20586150732453	
0.26511375754684885	9.50960753559682	-12.31092543060113	-140.23191959911046	-12.310925430601129	-104.38691006630089	-56.065394293498485	-140.23191959910997	-56.06539429349782	-67.77285220296655	
0.3181365090562186	24.77986208540323	-20.66458135840842	-133.47491041787814	-20.66458135840846	-104.18354813189046	-62.71706689584069	-133.47491041787757	-62.717066895840006	-61.672799081667925	
0.3711592605655884	37.33821989594516	-29.00079345958034	-126.30778263116463	-29.00079345958042	-99.07498556641895	-67.50402073396197	-126.30778263116402	-67.50402073396128	-57.12983769076426	
0.42418201207495815	47.369831549161006	-36.757512484674564	-118.39252556938328	-36.757512484674706	-88.42802474900803	-70.48855557327826	-118.39252556938266	-70.48855557327754	-54.03195188213457	
0.4772047635843279	54.894477696573375	-43.55079141279951	-109.4149550244347	-43.55079141279971	-71.76325349541423	-71.93558245235985	-109.41495502443405	-71.93558245235909	-51.910172323570926	
0.5302275150936977	59.96742565610013	-49.21857501574618	-99.15600670324892	-49.21857501574643	-48.64854742215893	-72.23761157258816	-99.15600670324827	-72.2376115725874	-50.0063210514343	
0.5832502666030674	62.43286008970199	-53.772168787006954	-87.5369861295708	-53.772168787007274	-18.99544919116122	-71.86088400031865	-87.53698612957017	-71.86088400031782	-47.409416250049006	
0.6362730181124372	62.210650358147376	-57.286704492306335	-74.62977478813426	-57.28670449230668	17.076315670086515	-71.2816781481756	-74.62977478813366	-71.28167814817473	-43.185963627159545	
0.6892957696218069	59.34357460389009	-59.9095463069147	-60.644347724484085	-59.90954630691507	58.95296478134384	-70.91831261474843	-60.64434772448354	-70.91831261474755	-36.58368959805483	
0.7423185211311768	54.2034260105261	-61.7402742586009	-45.900122075610795	-61.74027425860127	105.53920882948582	-71.08270223351636	-45.90012207561031	-71.08270223351546	-27.16730829434305	
0.7953412726405465	47.31663546998667	-62.923290374513016	-30.783627254804216	-62.92329037451338	155.14644387266168	-71.97012529140613	-30.783627254803807	-71.97012529140524	-14.886087614986463	
0.8483640241499163	39.62006375298244	-63.53734952679342	-15.699193212735711	-63.53734952679376	205.68515593303667	-73.62118956335642	-15.69919321273537	-73.62118956335557	-0.08863337600479504	
0.901386775659286	32.042719626208346	-63.808705238530564	-1.027811554005467	-63.808705238530884	254.70832120923805	-75.94063546077544	-1.0278115540051882	-75.94063546077466	16.55027146975076	
0.9544095271686558	25.521363758254306	-63.93670266592191	12.87157813555347	-63.936702665922176	299.85238634199857	-78.68281880186407	12.871578135553696	-78.68281880186336	34.14402793009271	
1.0074322786780257	20.743557850522578	-64.25694180795979	25.654183497523352	-64.25694180796002	338.80868694612735	-81.4872786245038	25.654183497523526	-81.48727862450318	51.74617478069423	
1.0604550301873954	18.02095128537901	-65.02953528063479	36.97152664439832	-65.02953528063497	369.90123659687697	-83.91892048830088	36.97152664439846	-83.91892048830033	68.47480238236174	
1.1134777816967651	17.34030264141449	-66.51358058998477	46.44249896354033	-66.51358058998495	392.17879545899325	-85.53567180944287	46.44249896354043	-85.53567180944239	83.60388091990234	
1.166500533206135	18.179590019257084	-68.82454336625722	53.65097569159912	-68.82454336625739	405.4633109825359	-85.96604130213522	53.6509756915992	-85.96604130213478	96.59543892932197	
1.2195232847155046	19.907438670350743	-71.84168514276274	58.13448701104252	-71.84168514276288	410.46938944558974	-84.95913554728872	58.13448701104257	-84.95913554728833	107.09429837146564	
1.2725460362248744	21.725397143056583	-75.32594252770767	59.424572333252854	-75.32594252770787	408.6897911910792	-82.45541397067545	59.42457233325286	-82.45541397067507	114.90422397730966	
1.3255687877342441	22.965254064133415	-78.87815399039371	57.12212505803974	-78.87815399039388	402.3270562591008	-78.62583156928883	57.12212505803973	-78.62583156928841	119.96312144224547	
1.3785915392436139	23.424208583353284	-82.13118732808684	50.969518940114135	-82.13118732808704	394.2806168435343	-73.84769100140875	50.96951894011408	-73.84769100140831	122.34434561038779	
1.4316142907529839	23.308331117438634	-84.80990749363755	40.94859729363937	-84.80990749363775	387.8852189522628	-68.65333127435747	40.94859729363927	-68.65333127435696	122.30152550678045	
1.4846370422623536	23.455600339321066	-86.84750960032069	27.356325878133838	-86.84750960032089	386.7257884717071	-63.61724076654084	27.356325878133685	-63.61724076654028	120.30742267405293	
1.5376597937717233	25.24989347199626	-88.40182678788939	10.867483020680897	-88.4018267878896	394.3929676543826	-59.225793335288515	10.867483020680694	-59.22579333528788	117.06326132268248	
1.590682545281093	30.606294519593565	-89.87040321028951	-7.441643602541729	-89.87040321028971	414.1756664371535	-55.772841657300056	-7.441643602541968	-55.77284165729936	113.47640673144215	
1.6437052967904628	41.593311096909034	-91.70775202580725	-26.148707730076087	-91.70775202580742	448.4993033129013	-53.274518529975424	-26.14870773007637	-53.2745185299747	110.55068440436767	
1.6967280482998326	60.12343666569731	-94.41610585810216	-43.607095479973516	-94.41610585810228	498.57510466718827	-51.45802814305969	-43.60709547997383	-51.458028143058954	109.21903291783244	
1.7497507998092023	87.61025293317559	-98.2912036630454	-58.10091458570296	-98.29120366304547	563.8888100203696	-49.800546431187854	-58.100914585703286	-49.80054643118713	110.16444923103299	
1.802773551318572	124.72102922502302	-103.36801448833049	-68.08211820449532	-103.36801448833052	642.1751448695442	-47.63928803636816	-68.08211820449564	-47.639288036367475	113.66518111187348	
1.8557963028279418	171.0795372523346	-109.30458940080517	-72.42018393700252	-109.30458940080513	729.3867560466381	-44.31094044832177	-72.42018393700285	-44.31094044832114	119.57059424797353	
1.9088190543373116	225.25634917341003	-115.3865221933891	-70.6314331176655	-115.38652219338903	820.1276353936861	-39.29268564729952	-70.63143311766581	-39.29268564729898	127.36427291035992	
1.9618418058466813	284.84744039286	-120.59431442637424	-63.0353066260602	-120.5943144263741	908.1528121648098	-32.297474868005	-63.0353066260605	-32.29747486800454	136.3298764361048	
2.0148645573560513	346.7092918437958	-123.77556557273203	-50.782283458680965	-123.7755655727319	987.2126251716418	-23.359316514506595	-50.78228345868128	-23.35931651450625	145.80363447784373	
2.067887308865421	407.27746153178754	-123.72672989800613	-35.717042010433204	-123.72672989800597	1051.7153532622035	-12.824999932896295	-35.7170420104335	-12.824999932896043	155.28699272915333	
2.120910060374791	462.86761379376145	-119.53524415723231	-20.108970366183062	-119.53524415723211	1097.3234823820294	-1.2922918530221708	-20.10897036618337	-1.2922918530220109	164.53320862903377	
2.1739328118841605	509.9268713212794	-110.72020423826464	-6.27108424523464	-110.72020423826444	1121.2175216187322	10.482391917149759	-6.2710842452349524	10.482391917149858	173.44190236266573	
2.2269555633935303	545.4098414181848	-97.36087202599313	3.8388173984043945	-97.3608720259929	1122.204757012144	21.709599187108697	3.838817398404096	21.70959918710872	181.88129794813835	
2.2799783149029	566.8310657980946	-80.28966411442585	8.957604715497553	-80.28966411442562	1100.5363777803313	31.678602709169674	8.957604715497226	31.678602709169652	189.46978640494692	
2.33300106641227	572.6336654011435	-60.88214587494579	8.684572129646682	-60.882145874945586	1057.7005585708725	39.83431913091546	8.68457212964632	39.834319130915404	195.49086336998005	
2.3860238179216395	562.0342536327832	-40.97507014092845	3.4589849536585984	-40.97507014092827	996.0437330894152	45.82579676445738	3.4589849536582005	45.82579676445731	198.97476550785325	
2.4390465694310093	535.3103807296064	-22.531736153524122	-5.666862469184692	-22.531736153523937	918.6092001705817	49.49004663184067	-5.6668624691851095	49.4900466318406	198.96189519449322	
2.492069320940379	493.6443939866507	-7.3337904563260246	-17.367507578232136	-7.33379045632584	829.0426461996095	50.81033786808104	-17.367507578232548	50.81033786808098	194.89344816790097	
2.5450920724497488	439.0526034384473	3.2936287676093094	-30.412152100509566	3.293628767609473	731.2609801375638	49.82587479393297	-30.412152100509992	49.82587479393293	186.9612472782042	
2.5981148239591185	374.2110124751307	8.84483634794013	-43.9353260236616	8.844836347940294	629.7184386688408	46.566396321276706	-43.935326023662064	46.56639632127667	176.29504313494556	
2.6511375754684883	302.2541652107861	9.559318530933176	-57.5668520059075	9.559318530933325	528.9072002634757	41.008556249852184	-57.56685200590793	41.00855624985217	164.89654031189048	
2.704160326977858	226.41471823326415	6.4471730624247385	-71.32893537986332	6.447173062424856	433.2194471169869	33.070557155196795	-71.32893537986375	33.07055715519678	155.31133545109117	
2.7571830784872278	149.90424033423034	1.051904502216658	-85.42029257818956	1.0519045022167575	346.5623180500936	22.662528149191665	-85.42029257818996	22.662528149191658	150.08539683938812	
2.8102058299965975	75.58804778317842	-4.827223181932602	-99.90750043583392	-4.827223181932553	271.8918390043456	9.785750964330866	-99.9075004358343	9.785750964330862	151.15392996474714	
2.8632285815059677	5.942789044482225	-9.438264748658128	-114.46660659362183	-9.438264748658074	210.93827800831465	-5.3595424468097	-114.46660659362216	-5.359542446809712	159.41571128366098	
2.9162513330153375	-57.07003121389249	-11.425773028493815	-128.25172543263432	-11.425773028493786	163.81691757124366	-22.298452907216237	-128.25172543263457	-22.298452907216262	174.52043656586287	
2.969274084524707	-111.77430967871575	-10.026897104099316	-139.94270216777392	-10.026897104099294	129.26485830051183	-40.24373092486715	-139.94270216777417	-40.2437309248672	194.92901463603414	
3.022296836034077	-157.1866440997684	-5.124667138021401	-147.96221051776706	-5.124667138021394	104.65588707706873	-58.13378990718387	-147.96221051776726	-58.13378990718394	218.2993288688705	
3.0753195875434467	-192.5643300494418	2.705717301088775	-150.82903402858392	2.705717301088768	86.6643433770578	-74.72780671277965	-150.8290340285841	-74.72780671277974	241.9970307534607	
3.1283423390528164	-217.75742568294385	12.385328480697616	-147.45301814180377	12.38532848069763	71.62909138546797	-88.78585607235517	-147.45301814180385	-88.78585607235527	263.5860336324537	
3.181365090562186	-233.09292289522207	22.477091161685287	-137.4164270991221	22.47709116168529	56.470691188583515	-99.2310700712921	-137.41642709912216	-99.2310700712922	281.18768538168416	
3.234387842071556	-239.4819690829615	31.45970010919957	-121.09844712435908	31.459700109199574	38.926236396856204	-105.3070108066627	-121.09844712435911	-105.30701080666282	293.6540324513496	
3.2874105935809257	-238.4108038601261	37.975548473187025	-99.62432781551611	37.97554847318705	17.903300593057637	-106.67645460053971	-99.6243278155161	-106.67645460053984	300.5411525019832	
3.3404333450902954	-231.69791624385232	40.96149650140879	-74.71148322234373	40.96149650140881	-6.233342803055848	-103.45771944104538	-74.7114832223437	-103.4577194410455	301.9276579503707	
3.393456096599665	-221.48507022862862	39.76025181768512	-48.378854499124806	39.76025181768517	-32.049272454580986	-96.19596486977971	-48.378854499124785	-96.19596486977984	298.18962751029306	
3.446478848109035	-209.83356468091378	34.31110973577714	-22.686169862914255	34.31110973577721	-57.278936877314294	-85.73706688398974	-22.68616986291423	-85.73706688398987	289.7476915989025	
3.4995015996184047	-198.33871400907506	25.037272081963557	0.5180804062021309	25.03727208196359	-79.40292057402968	-73.08263922730099	0.5180804062021576	-73.0826392273011	276.9426384028855	
3.5525243511277744	-188.27513518133782	12.870139043000695	19.796956178621656	12.870139043000732	-96.22072626353359	-59.271486709074885	19.796956178621677	-59.27148670907499	259.99815798755094	
3.605547102637144	-180.04113596664126	-0.9691677710537903	34.19552930007674	-0.9691677710537547	-106.29954297686322	-45.249301967898134	34.19552930007676	-45.24930196789821	239.06223013128206	
3.658569854146514	-173.45627733065692	-15.038001694375716	43.279311107234996	-15.038001694375708	-109.11105288737676	-31.81996011733145	43.279311107235	-31.81996011733154	214.32840638840753	
3.7115926056558837	-167.74729006787558	-27.911681345098103	47.07785866862832	-27.911681345098092	-105.3784874685553	-19.62301155365636	47.07785866862832	-19.623011553656433	186.2106125115099	
3.7646153571652534	-161.75760288747298	-38.388525713225334	46.00028133670534	-38.38852571322535	-96.66908579033519	-9.095137197898662	46.00028133670533	-9.095137197898701	155.47919596288745	
3.817638108674623	-154.19848456722946	-45.6788614819981	40.744362706982486	-45.678861481998105	-85.11868611734104	-0.4586815387225105	40.74436270698246	-0.4586815387225407	123.31994588041273	
3.870660860183993	-143.74049199764886	-49.492302783192244	32.18794709589609	-49.49230278319228	-72.93812222195506	6.286737342512674	32.18794709589606	6.28673734251265	91.35537569772427	
3.9236836116933627	-129.4282504879268	-50.093353850958906	21.26985256986331	-50.093353850958955	-62.0197117027469	11.420217137866473	21.26985256986328	11.420217137866473	61.55680206181907	
3.976706363202733	-110.59864091010915	-48.278050837961	8.928467366958893	-48.27805083796105	-53.673064859278625	15.490849896797704	8.92846736695884	15.490849896797707	36.060830597562436	
4.029729114712103	-87.30130393284543	-45.166530614036404	-3.949810572938693	-45.166530614036446	-48.44128700401556	19.28519793761388	-3.949810572938741	19.28519793761388	16.92777624961811	
4.082751866221472	-59.90864978426627	-42.0164775312276	-16.56384341117068	-42.01647753122762	-46.065518536867835	23.717809317551946	-16.563843411170737	23.717809317551946	5.879901344295632	
4.135774617730842	-29.433929642504438	-40.05635566108573	-28.21278405247149	-40.0563556610857	-45.673013572817766	29.628042578272456	-28.212784052471537	29.628042578272442	4.057776075900165	
4.188797369240212	2.7827335213694404	-40.23426343762317	-38.30989549275581	-40.23426343762312	-45.943894788034996	37.60772587429704	-38.309895492755835	37.60772587429705	11.811585904232075	
4.241820120749582	35.322467747024	-43.18928641907702	-46.400436007606004	-43.18928641907691	-45.4291030948316	47.785463529496134	-46.400436007606004	47.785463529496134	28.678104347784824	
4.294842872258951	66.9455022434837	-49.18111194623988	-52.183012591478786	-49.181111946239724	-42.51181832367884	59.72693286378319	-52.183012591478786	59.726932863783155	53.42912465841846	
4.347865623768321	96.9967953190973	-58.212757443505964	-55.550757466290065	-58.21275744350579	-35.55644812358829	72.46488468135958	-55.55075746629004	72.46488468135956	84.25852221095883	
4.400888375277691	125.35352894436545	-70.02633438263672	-56.606089073355754	-70.02633438263649	-23.082309409533575	84.63373112524906	-56.60608907335571	84.63373112524903	119.0304871639369	
4.453911126787061	152.92346693302528	-84.19025619244456	-55.7040016154116	-84.19025619244431	-3.696800229266419	94.71052046737611	-55.70400161541155	94.71052046737606	155.55365912182762	
4.50693387829643	181.12303376439274	-100.23756126249158	-53.41533773975797	-100.23756126249135	23.601417475624004	101.30637777405481	-53.41533773975791	101.30637777405477	191.77555541968587	
4.5599566298058	211.93758325632132	-117.57997570696887	-50.508138813454806	-117.57997570696861	59.50448715022188	103.37161303311916	-50.50813881345475	103.37161303311912	225.91998825580492	
4.61297938131517	247.2239933426289	-135.52019417050766	-47.85058499898972	-135.52019417050744	103.8977115469583	100.35167228691401	-47.850584998989646	100.35167228691398	256.53524529484355	
4.66600213282454	288.3647788092593	-153.24468506295014	-46.312928473216516	-153.24468506294997	155.98442336835194	92.22215564995544	-46.31292847321644	92.22215564995538	282.49630395645005	
4.719024884333909	335.8568408877999	-169.78952670917698	-46.63040739210217	-169.7895267091769	214.19824412417992	79.42596879663017	-46.63040739210212	79.42596879663012	303.0015588510774	
4.772047635843279	388.8253758660696	-184.22765306815262	-49.26738096638287	-184.22765306815256	276.0268263063408	62.73855706085068	-49.26738096638283	62.7385570608506	317.56907700600607	
4.825070387352649	445.1870755469459	-195.5582371284934	-54.31859278376838	-195.5582371284934	338.5355768115182	43.10005630968984	-54.31859278376836	43.10005630968974	326.04541790308525	
4.878093138862019	501.611442125498	-202.96547255411917	-61.454137693242785	-202.96547255411923	398.3055003116886	21.515899912236996	-61.45413769324273	21.515899912236897	328.6549763798651	
4.931115890371388	553.9633150145679	-205.85677767842859	-69.94096014088807	-205.85677767842864	451.93915988107074	-1.0308408838679615	-69.94096014088805	-1.0308408838680663	326.05032705199574	
4.984138641880758	597.9050730377412	-203.95577752570892	-78.75349941325877	-203.95577752570907	496.3678963738038	-23.6358517213532	-78.75349941325871	-23.63585172135332	319.30677914502206	
5.037161393390128	629.2955342820718	-197.3060188707375	-86.7321032621377	-197.3060188707377	529.0738042671524	-45.471668154448935	-86.73210326213764	-45.47166815444906	309.8285600479166	
5.0901841448994976	644.8555689927757	-186.30749439322918	-92.78197249585315	-186.30749439322935	548.4809886987898	-65.77888112371785	-92.78197249585307	-65.77888112371794	299.20177979159814	
5.143206896408867	642.5048684192227	-171.60040429890398	-96.05259880949383	-171.60040429890418	553.797842428855	-83.84976788788985	-96.05259880949373	-83.84976788788993	288.9950651374929	
5.196229647918237	621.6799025631776	-154.10385617107158	-96.05970542485196	-154.1038561710718	545.2955391018576	-99.06447059811744	-96.05970542485183	-99.06447059811748	280.5218120444308	
5.249252399427607	583.3028037958642	-134.7571698054914	-92.69486989123921	-134.75716980549169	524.03724647999	-110.91690693946133	-92.69486989123905	-110.91690693946134	274.6562176840569	
5.3022751509369765	529.7474311968256	-114.58811178663203	-86.19573513632575	-114.58811178663228	491.9091707852024	-119.08044362929871	-86.19573513632555	-119.08044362929871	271.7517693910035	
5.355297902446346	464.6668579548734	-94.42777322492508	-77.00721544307804	-94.42777322492535	451.2783371732894	-123.46418895441356	-77.0072154430778	-123.46418895441352	271.64102581495183	
5.408320653955716	392.52193490436576	-75.02011359878705	-65.63159138795538	-75.0201135987873	404.9522057478751	-124.2579769810929	-65.63159138795514	-124.25797698109282	273.7459349964788	
5.461343405465086	318.3054737872292	-56.83542740009876	-52.522155797510884	-56.835427400099064	355.8764205225617	-121.92436981592365	-52.52215579751061	-121.92436981592357	277.23406271117983	
5.5143661569744555	246.93796433289788	-40.09761881944806	-38.01437342281846	-40.09761881944836	306.98077135439604	-117.13790918832872	-38.014373422818174	-117.1379091883286	281.2123092963848	
5.567388908483825	182.8803855425593	-24.96662457553942	-22.342650630721657	-24.966624575539747	260.99342336223634	-110.66162301162714	-22.34265063072137	-110.66162301162701	284.8818950796303	
5.620411659993195	129.65713702023487	-11.443696050007276	-5.707209617919798	-11.443696050007645	220.06079698591645	-103.20752971487998	-5.7072096179195135	-103.20752971487988	287.66147396322594	
5.673434411502566	89.41393522247894	0.36042970306776567	11.645557836045779	0.36042970306732514	185.75198430035658	-95.31019498556985	11.645557836046045	-95.31019498556975	289.216437642013	
5.726457163011935	63.07305427352326	10.294226521092796	29.362802305170337	10.294226521092341	158.79271498492682	-87.23649864871672	29.36280230517055	-87.23649864871665	289.4324442444365	
5.779479914521305	50.09874085185365	18.06405531494444	46.99783445182024	18.06405531494392	139.14041283742566	-78.96852173635226	46.997834451820395	-78.96852173635217	288.35492815462004	
5.832502666030675	48.816210568716386	23.24469537468245	64.03670251903121	23.244695374681957	125.78380862241637	-70.26880262509884	64.03670251903131	-70.26880262509877	286.11609031436797	
5.885525417540045	56.79327849576503	25.471498777499843	79.98997017367437	25.471498777499313	117.30702429347097	-60.80331142397688	79.98997017367438	-60.80331142397683	282.83253718386527	
5.938548169049414	71.15732969163447	24.415634982207326	94.48494685576169	24.415634982206825	111.80199526717261	-50.306602347334135	94.48494685576162	-50.3066023473341	278.57608284615486	
5.991570920558784	89.04818522310207	20.028189275146772	107.31127479914134	20.028189275146307	107.47720204450343	-38.714219404158236	107.31127479914122	-38.714219404158236	273.37657346560195	
6.044593672068154	107.88911268190856	12.507065579003484	118.44104060680624	12.507065579003097	102.83089020146146	-26.217302398829787	118.44104060680604	-26.21730239882981	267.21869052185224	
6.097616423577524	125.55392198099526	2.364146375005518	127.98308115112079	2.364146375005234	96.927277975913	-13.30069927955665	127.98308115112056	-13.300699279556692	260.0647586644618	
6.150639175086893	140.5714568114602	-9.59534527321032	136.10738183549637	-9.59534527321049	89.52099497968598	-0.6325743541537037	136.10738183549614	-0.6325743541537641	251.88264532566876	
6.203661926596263	152.21801363642774	-22.433984144270916	142.96153105543334	-22.43398414427095	80.90913021789567	11.043916586945265	142.9615310554331	11.043916586945196	242.64880659752146	
6.256684678105633	160.3180027713236	-35.174246885635746	148.61759590101312	-35.174246885635625	71.7781074313148	21.049409421895078	148.6175959010129	21.049409421895017	232.3616471217922	
6.309707429615003	165.419401434393	-46.92143764454065	153.03233707386516	-46.92143764454039	62.94212552989106	28.8942290881863	153.032337073865	28.894229088186258	221.04039518181168	
6.362730181124372	168.6051934469926	-56.96392135454025	156.04586919133365	-56.96392135453985	55.04417570010055	34.32738385188573	156.0458691913335	34.3273838518857	208.7380398122968	
6.415752932633742	171.287892363919	-64.86176326619177	157.41518081502778	-64.86176326619126	48.455525565232136	37.36771244448942	157.4151808150277	37.367712444489406	195.55378903576147	
6.468775684143112	175.12878393690644	-70.39177782020569	156.86561873049672	-70.3917778202051	43.15172037896489	38.24753507612563	156.86561873049666	38.24753507612563	181.63901353018713	
6.521798435652482	181.7124134556779	-73.58549076251347	154.13442968081156	-73.58549076251285	38.66450916749986	37.323235032010096	154.1344296808115	37.32323503201009	167.23551977190522	
6.574821187161851	192.45930962089437	-74.68463584038088	149.00261151294154	-74.6846358403802	34.547765027991126	34.97231231848661	149.0026115129414	34.97231231848661	152.67568711124954	
6.627843938671221	208.1247972077892	-74.01615481734115	141.34332203327733	-74.01615481734045	30.170915115625164	31.475601639586866	141.34332203327716	31.475601639586834	138.37188803346226	
6.680866690180591	228.8819351365299	-71.97779818796499	131.13195791129937	-71.97779818796427	25.238553045656715	26.930334972197695	131.13195791129914	26.93033497219763	124.78328244645584	
6.733889441689961	254.15196113822864	-68.96839533373637	118.46124117510969	-68.96839533373563	19.702941608288203	21.229193196234508	118.46124117510934	21.229193196234398	112.37791663155285	
6.78691219319933	282.5345500770935	-65.36124685667443	103.53618008299733	-65.36124685667366	13.92556482912176	14.054973365495522	103.53618008299689	14.054973365495373	101.58128256417388	
6.8399349447087	312.1048226564775	-61.43533450081146	86.68067183427709	-61.43533450081063	8.50379949514728	4.94412144918418	86.68067183427655	4.944121449183987	92.71025512568816	
6.89295769621807	340.4834318246095	-57.39609668744837	68.31925766850885	-57.39609668744748	4.2370054419532295	-6.588742072499947	68.31925766850823	-6.588742072500177	85.94649845810096	
6.94598044772744	365.27372182252486	-53.277944281171756	48.97204892449476	-53.27794428117082	1.9086489591918223	-20.92977462626856	48.972048924494075	-20.929774626268824	81.31019333227235	
6.999003199236809	384.1028967094473	-48.998982770265314	29.24507051712175	-48.998982770264334	2.067525093337373	-38.21691129032906	29.245070517121007	-38.21691129032934	78.65161323489407	
7.052025950746179	395.11902038599936	-44.33474960044417	9.808301146639009	-44.33474960044315	4.936541093424623	-58.26461735194737	9.808301146638243	-58.264617351947656	77.65994564398228	
7.105048702255549	397.06429270064996	-38.90781007309839	-8.616554048074168	-38.907810073097366	10.266188030333026	-80.50289799658661	-8.616554048074931	-80.50289799658688	77.88627276602867	
7.158071453764919	389.3985803073893	-32.33921097866788	-25.28936319924459	-32.339210978666905	17.38607386478612	-103.99580383612631	-25.289363199245326	-103.99580383612654	78.78611294943326	
7.211094205274288	372.44531696186453	-24.31752944050158	-39.49163187115732	-24.317529440500707	25.308437152749065	-127.54543278668636	-39.491631871158006	-127.54543278668655	79.79338915132345	
7.264116956783658	347.27520755878527	-14.633098167992683	-50.591087627347235	-14.633098167991907	32.930974787942986	-149.81095756741738	-50.591087627347854	-149.81095756741752	80.37357185309757	
7.317139708293028	315.67944680792755	-3.4015875900833805	-58.1102351903406	-3.4015875900827055	39.31947222238094	-169.49022776237604	-58.11023519034115	-169.49022776237612	80.09624916753636	
7.370162459802398	280.02722231988065	8.999542080195047	-61.782305948774955	8.999542080195583	43.920565106866235	-185.4687187113151	-61.7823059487754	-185.4687187113151	78.68726561043218	
7.423185211311767	243.018808840551	21.798915533251837	-61.58417649042359	21.79891553325224	46.78219994210596	-196.94097550272335	-61.58417649042394	-196.9409755027233	76.05829608462587	
7.476207962821137	207.4307207035681	34.07363037621279	-57.73741441994892	34.07363037621309	48.47570253321675	-203.4791505371829	-57.73741441994919	-203.47915053718282	72.3029466987481	
7.529230714330507	175.8153074476332	44.68697805632651	-50.66304926848095	44.68697805632674	50.17023211285823	-205.0404309124906	-50.663049268481146	-205.04043091249048	67.65609644353844	
7.582253465839877	150.18606630527398	52.55680563830962	-40.92467088448991	52.55680563830978	53.17948822862304	-201.9245538972667	-40.924670884490034	-201.92455389726655	62.43357162280071	
7.635276217349246	131.84800181269208	56.79302269681308	-29.14438787176013	56.793022696813196	58.892253506423856	-194.6892584452915	-29.144387871760202	-194.68925844529133	56.97368661681493	
7.688298968858616	121.26630849095102	56.75685246830555	-15.93871286473167	56.75685246830567	68.30210783641441	-184.04409944273942	-15.938712864731718	-184.04409944273928	51.57102654262808	
7.741321720367986	118.03735647306105	52.28265831706047	-1.8847442535019794	52.282658317060616	81.8541204227156	-170.76512925258893	-1.8847442535020082	-170.7651292525888	46.4450784510031	
7.794344471877356	121.07102506201491	43.46743470897659	12.497477761975555	43.46743470897672	99.49599355346666	-155.61440267629914	12.497477761975532	-155.614402676299	41.720343845804926	
7.847367223386725	128.76926001447737	30.916601995061836	26.72264810919144	30.91660199506197	120.52410503361054	-139.28747073294758	26.72264810919143	-139.28747073294744	37.425700286982476	
7.900389974896095	139.24134154140808	15.3654662202809	40.30293774614932	15.365466220281036	143.8893729106374	-122.39165029822964	40.30293774614932	-122.3916502982295	33.52437895049152	
7.953412726405466	150.64692058851364	-2.1667612689856304	52.71913174916254	-2.166761268985499	168.35389747423426	-105.44628774071694	52.719131749162564	-105.4462877407168	29.935123162388365	
8.006435477914835	161.37996459291114	-20.657580045728544	63.40471956181416	-20.657580045728437	192.65310959748354	-88.87192752353377	63.40471956181422	-88.87192752353363	26.54696822218537	
8.059458229424205	170.15255997516803	-39.17245529745612	71.76051328297136	-39.17245529745604	215.7063593009986	-72.99984847316955	71.76051328297146	-72.9998484731694	23.238339849127215	
8.112480980933574	176.16873350105416	-56.86536834124978	77.17575451007733	-56.86536834124972	236.57812512123692	-58.080579191136046	77.17575451007745	-58.08057919113588	19.87527151072124	
8.165503732442945	179.0064230284371	-73.20440772758798	79.0835733769234	-73.20440772758799	254.648420073507	-44.28074835466388	79.0835733769236	-44.280748354663686	16.31137296177469	
8.218526483952314	178.56807287276746	-87.86766540062784	77.01237561280449	-87.86766540062791	269.3821581266373	-31.69559163939858	77.01237561280476	-31.695591639398362	12.385961876966284	
8.271549235461684	174.9372834009378	-100.81277559960736	70.63903691480257	-100.8127755996075	280.41314427526765	-20.362287699071615	70.63903691480287	-20.362287699071363	7.923448439786333	
8.324571986971053	168.14376663226975	-112.13317567982998	59.845442298224604	-112.13317567983015	287.3618620250669	-10.288333042914806	59.84544229822497	-10.288333042914514	2.7418099725500693	
8.377594738480424	158.13120751053242	-121.97247917848166	44.7478289899988	-121.97247917848188	289.8826748181901	-1.4740859224464842	44.74782898999919	-1.4740859224461502	-3.3296915454071088	
8.430617489989793	144.60192591922475	-130.37809513981517	25.719586940221888	-130.37809513981543	287.58909726629173	6.06591529557852	25.71958694022229	6.065915295578899	-10.430437828936949	
8.483640241499163	127.15148130268923	-137.21915416336319	3.3991451328399958	-137.21915416336338	280.1816472194238	12.309420742947419	3.399145132840399	12.309420742947829	-18.63390299353193	
8.536662993008532	105.3591387903838	-142.17432780714327	-21.330787184372994	-142.17432780714353	267.42705288597097	17.24238343886565	-21.330787184372618	17.24238343886609	-27.930849325046452	
8.589685744517903	79.15090753463885	-144.73332931326436	-47.396538203929914	-144.73332931326456	249.41806754581535	20.880351539442984	-47.396538203929566	20.880351539443446	-38.20082111411552	
8.642708496027272	48.817201771310295	-144.31263442807153	-73.61208847043656	-144.3126344280717	226.47356063653746	23.29888548310233	-73.61208847043622	23.298885483102808	-49.213108235192244	
8.695731247536642	15.402185944103543	-140.4186187456691	-98.77849425054265	-140.41861874566928	199.45324252509562	24.64460947779351	-98.77849425054235	24.644609477794	-60.629779301655915	
8.748753999046011	-19.506592688271077	-132.77560548837968	-121.79779636482303	-132.77560548837977	169.38638795469564	25.108902481850343	-121.79779636482274	25.108902481850834	-72.02701398942419	
8.801776750555382	-53.664333004250466	-121.4335647594948	-141.7709509769238	-121.43356475949486	137.70832158945996	24.881955485518013	-141.7709509769236	24.881955485518507	-82.93321451564717	
8.85479950206475	-84.66408887707811	-106.81857600925129	-158.07163835022916	-106.8185760092513	105.84537418022272	24.095531731049043	-158.071638350229	24.09553173104954	-92.85809668205616	
8.907822253574121	-110.15218944651033	-89.73256138866724	-170.37006288037523	-89.73256138866726	75.09727748653808	22.76716011805303	-170.37006288037506	22.767160118053535	-101.34182697750855	
8.96084500508349	-128.19094425743936	-71.2720865315731	-178.6354032536746	-71.27208653157307	46.52653818658863	20.776144212369516	-178.63540325367444	20.776144212370014	-107.98040512699987	
9.01386775659286	-137.67124313419265	-52.668400760522545	-183.1000625171074	-52.6684007605225	20.683301495198307	17.881128359138085	-183.10006251710726	17.881128359138593	-112.45062524147744	
9.066890508102231	-138.28790201636474	-35.20146051204538	-184.2014992716323	-35.2014605120453	-2.2763799923853156	13.781615919181416	-184.20149927163217	13.781615919181935	-114.5452141535366	
9.1199132596116	-130.6837044073268	-20.029857742199976	-182.51147451524432	-20.029857742199855	-22.529698570740962	8.22014589257443	-182.5114745152442	8.220145892574966	-114.18206508385057	
9.17293601112097	-116.21538646305339	-8.091142584648928	-178.66871049716397	-8.091142584648805	-40.44880916709772	1.0767341724017285	-178.6687104971638	1.0767341724022899	-111.42669308366405	
