# Stress in units of bar (10^5 Pa)
# z	Sxx	Sxy	Sxz	Syx	Syy	Syz	Szx	Szy	Szz
0.0	-356.8063810579706	356.18320019329286	-253.49428482565582	356.18320019329275	265.3601026995285	112.31247426267072	-253.4942848256555	112.31247426267049	-191.06182384590045	
0.05302275150936977	231.12933021539803	203.2588761571792	-136.20176190261517	203.25887615717764	199.69712642005535	-40.64796492054048	-136.20176190261722	-40.64796492053951	-145.928489260562	
0.10604550301873954	-195.7949212513697	138.54783780689607	-144.69816973223757	138.54783780689533	-340.55709848515374	-106.2828459027927	-144.6981697322376	-106.28284590279101	-141.86482508022243	
0.1590682545281093	311.40619860464636	-83.81289921120926	-80.43938364599407	-83.81289921120765	249.44210728059207	-119.26987324467446	-80.43938364599363	-119.26987324467353	-157.667816461858	
0.21209100603747907	-238.91650363898987	203.792336439682	-71.57981409623113	203.79233643968092	-769.2007916995916	-112.75929276152033	-71.57981409623156	-112.75929276151918	-101.78937892374431	
0.26511375754684885	527.4418329100317	-121.9224714131895	-71.07889307499234	-121.9224714131908	-83.02791137838975	-116.97233372615102	-71.0788930749918	-116.97233372615067	-32.60515783764081	
0.3181365090562186	130.18966770845086	-308.09308146036864	-131.60269342715003	-308.09308146036636	-300.54027974938913	-109.46404653478085	-131.602693427147	-109.46404653477855	130.28105171328465	
0.3711592605655884	-389.55911287842713	-10.29826042692846	-214.15330578264513	-10.298260426926815	149.02847314445887	-72.5030040986022	-214.15330578264437	-72.50300409860151	37.20584705728934	
0.42418201207495815	357.05303042053106	-122.25307812793328	-196.26763218293112	-122.25307812793547	-412.80935566445703	-107.7012029001336	-196.26763218292962	-107.70120290013551	76.75328714682726	
0.4772047635843279	-727.8365188885658	220.58551927483822	-177.32867383965876	220.58551927483853	-84.83615152314482	-142.43510648551774	-177.3286738396596	-142.4351064855172	-20.60538716629648	
0.5302275150936977	685.3945432054477	-227.57292807863828	-105.50315005350654	-227.5729280786363	123.94652513174353	-22.9327037448427	-105.50315005350559	-22.932703744841774	-95.57921197869413	
0.5832502666030674	-301.86425081821153	-155.04451474221997	-79.9153976554285	-155.04451474222324	22.72509022416945	21.831915538798164	-79.91539765542731	21.831915538797823	-46.81091813209309	
0.6362730181124372	541.3428949612946	-11.223990840146255	-73.62525613017971	-11.223990840144397	-140.80919167788684	-103.07279419748853	-73.62525613017722	-103.07279419748878	-167.83276131549923	
0.6892957696218069	-172.63301202509737	-76.6686128551518	-119.67930927099995	-76.66861285515516	-267.81642209570435	-129.93189684420852	-119.67930927099833	-129.93189684420574	-140.2943414632659	
0.7423185211311768	748.6233121618347	171.92693697041034	-107.37795045669182	171.92693697040775	-679.917486713299	-97.9180340988074	-107.37795045669358	-97.91803409880492	-187.4818573044212	
0.7953412726405465	256.60211962229	-71.60735997383715	-25.57385626784508	-71.60735997383824	657.4763988000847	18.47181294800349	-25.57385626784511	18.471812948004718	-201.78819249725535	
0.8483640241499163	-605.03664091342	-224.12518493165268	69.03457637054473	-224.12518493164788	-125.07956094950822	32.480371927240256	69.0345763705468	32.480371927242366	-13.246069353827366	
0.901386775659286	83.08454819414358	-70.6865563350817	67.4156293024642	-70.68655633508371	658.2036205912129	-21.487309057368197	67.41562930246293	-21.48730905736653	18.593966051947056	
0.9544095271686558	-159.17479203826176	-207.97120845574608	52.245667142372476	-207.9712084557456	409.0620589724596	-130.26659256520819	52.245667142372504	-130.26659256520801	121.91019346574386	
1.0074322786780257	294.57715632340535	-182.6487237892656	16.94975109315971	-182.6487237892697	613.3830189656577	-213.7155102793894	16.949751093158536	-213.71551027938798	150.21042413459605	
1.0604550301873954	-679.6742769117274	187.47648407148162	20.703512164588247	187.47648407148225	731.0266045251788	-79.20394467651201	20.703512164589185	-79.20394467651168	166.30161264712095	
1.1134777816967651	172.38000770163322	-370.8197598396772	-23.50026410981196	-370.8197598396779	322.45189908700087	-6.549299336244533	-23.500264109812065	-6.5492993362458956	187.80541653714684	
1.166500533206135	213.65927995726295	290.7873430097346	84.21760165650096	290.7873430097379	511.3481596667012	-30.492532966200528	84.21760165650197	-30.49253296620164	121.98324189787027	
1.2195232847155046	-90.77886197362872	430.4591791927671	117.97313025829015	430.4591791927688	1096.017558691987	-58.079810502010844	117.97313025828983	-58.07981050200897	77.91429307194176	
1.2725460362248744	352.72897697623216	-290.38873303655083	112.62534030628498	-290.38873303655214	-59.75845780681769	-251.96218144734937	112.62534030628629	-251.96218144734937	103.26494306840425	
1.3255687877342441	61.81858995875099	-72.86630682674217	169.54501429405096	-72.86630682673922	1087.917800224438	-310.63212150360005	169.54501429404942	-310.63212150360084	35.90819045318886	
1.3785915392436139	-179.50065798068601	-750.2238410134152	82.59363587195026	-750.223841013418	-703.6581305670367	-203.9096731020271	82.59363587195027	-203.90967310202845	110.18696020247938	
1.4316142907529839	-521.0946581903644	105.4700694721617	170.60373382021407	105.47006947215725	420.4502525349748	33.23756601602998	170.60373382021328	33.23756601602897	240.2237669440123	
1.4846370422623536	926.4084948328791	102.92333637339203	63.544075874615174	102.92333637339242	1092.9008187519803	115.60848945975265	63.54407587461677	115.60848945975508	168.06019478855612	
1.5376597937717233	-152.63858407327984	-227.0082340780851	138.1311452540273	-227.00823407808474	346.4062069100896	-25.507149961543345	138.13114525402838	-25.50714996154074	277.4272028730313	
1.590682545281093	404.01757326450576	-180.08819789419965	79.82551836498816	-180.08819789420082	558.3579207509877	60.11916565769364	79.82551836498737	60.11916565769512	428.4225459192717	
1.6437052967904628	300.015886750241	-237.98309732136886	-75.87888422457699	-237.98309732136613	-576.9980186168333	130.60989664220241	-75.87888422457836	130.60989664220105	18.110647488766237	
1.6967280482998326	-636.5287977353802	359.20059808460184	-164.85720470557115	359.2005980846021	143.3514398667512	-86.11751750171788	-164.85720470557155	-86.11751750171528	32.326088446034625	
1.7497507998092023	-1291.6629808269656	53.789258708257584	-90.52409767427957	53.789258708255744	-325.9787176430132	-244.6461910440738	-90.52409767428244	-244.64619104407222	-2.6865320387182496	
1.802773551318572	1153.6980833400119	-169.1027224113487	29.389331439883062	-169.1027224113502	826.8279816155941	-30.035454175335122	29.389331439883243	-30.03545417533261	-378.7129732223998	
1.8557963028279418	-1335.2191851758357	-188.69046483627451	-124.23639689721996	-188.69046483627542	-582.4083385985876	-83.04657500333519	-124.23639689721996	-83.04657500333592	-348.61662972582087	
1.9088190543373116	802.5837257024709	-107.85699752014271	-503.716934490476	-107.8569975201425	1221.3700607595079	67.66485768241922	-503.7169344904761	67.66485768241942	-37.08622452581225	
1.9618418058466813	76.18876485521164	-276.0433459987831	-426.09171605340515	-276.04334599878086	353.6404272100622	-265.6494786182072	-426.0917160534054	-265.64947861820633	509.2570242434658	
2.0148645573560513	1091.2812488710863	370.79206065365304	-298.93379940815043	370.79206065365577	3631.704735131158	-291.4892646271393	-298.9337994081498	-291.48926462713865	671.4559469885437	
2.067887308865421	548.4483413483815	-985.2161252844761	-102.24270354031403	-985.2161252844741	2105.009059495668	-84.7699838531634	-102.24270354031324	-84.76998385316386	664.4375622595917	
2.120910060374791	-387.8623402114084	537.9099715474463	63.73373842767651	537.9099715474426	-513.1988685255038	235.30280038855915	63.733738427675	235.30280038856026	336.03357237302794	
2.1739328118841605	1401.8777783774385	196.31151733178524	66.5814465318068	196.3115173317846	2036.8008139273136	315.95359037639207	66.58144653180739	315.9535903763917	-7.107545657102448	
2.2269555633935303	-39.39075180172972	-1358.3766311280913	514.8882602030965	-1358.376631128093	1490.358379302975	-158.2777216887776	514.8882602030949	-158.27772168877868	-223.66638609376056	
2.2799783149029	1630.7386121912377	-224.25706667667873	512.5937303026691	-224.25706667667563	1834.647702175928	-162.0749276247098	512.5937303026689	-162.07492762471057	-396.9981329060196	
2.33300106641227	1576.2298568291828	-569.1026951797752	244.7326100749382	-569.1026951797741	1835.8656975990514	135.6447453350989	244.73261007493784	135.64474533509912	-211.62693567325923	
2.3860238179216395	-1131.2942870599713	787.4318473506326	115.28561822671342	787.4318473506329	-849.9034725156428	227.16104155787363	115.28561822671358	227.1610415578731	223.15003087143603	
2.4390465694310093	2013.4873957917944	235.14754815083876	-65.3793577385455	235.14754815083816	1457.2765240108763	336.03321927427794	-65.37935773854505	336.0332192742778	465.1191902811205	
2.492069320940379	1160.4807363905425	183.97888668487462	-188.39709534126146	183.97888668487514	2037.6334668190832	111.7872437961645	-188.397095341262	111.78724379616382	840.1542597402998	
2.5450920724497488	715.3157865814812	167.54231145243835	-439.7077102121574	167.5423114524369	1449.9296799808276	-159.14850225939458	-439.707710212158	-159.14850225939557	978.9338305766646	
2.5981148239591185	-462.5594305824943	197.82582404974482	-568.0646163318551	197.8258240497461	-665.4052356101936	-126.52257353029147	-568.0646163318562	-126.52257353029015	724.1000911526177	
2.6511375754684883	-127.68313596766652	-392.64144499952215	-184.09352968285376	-392.641444999522	841.4441504234452	-53.716276343677535	-184.09352968285455	-53.716276343676135	164.03287709405154	
2.704160326977858	1813.3268015753217	515.2619265621423	366.62357148847644	515.261926562144	470.76360676239426	203.37189201821792	366.62357148847536	203.3718920182182	-300.81691351778363	
2.7571830784872278	-219.02165762962628	32.59268268081018	237.5977723460137	32.59268268080914	1205.8421333946721	122.99490429445491	237.59777234601268	122.99490429445459	-554.2526800888937	
2.8102058299965975	-909.2299537531329	225.83261055590063	132.63437744313455	225.83261055590043	-1125.5480458768016	67.7761553366832	132.63437744313458	67.7761553366828	-553.2105849774538	
2.8632285815059677	-693.0880409423162	-504.68265465153473	-12.67202626013027	-504.6826546515352	-1040.460340876175	164.93028708247292	-12.672026260130513	164.93028708247286	-475.2730206659915	
2.9162513330153375	585.1606367923532	-435.9384298759705	-65.97745317119875	-435.93842987597054	-1014.4829313856366	114.40067348304568	-65.97745317119862	114.40067348304619	0.8407739556554663	
2.969274084524707	171.7951115576554	-278.648658782103	-83.97525697445136	-278.6486587821029	1678.2022967924863	-144.38807306645836	-83.97525697445151	-144.3880730664586	553.9837051150881	
3.022296836034077	-478.6399025375292	363.64782194463896	-259.2157584612932	363.64782194463925	-306.5633289231751	9.785252071915137	-259.2157584612936	9.785252071914757	487.7235318308645	
3.0753195875434467	-244.63712944340202	-510.36502981830944	-635.3093387572096	-510.3650298183092	284.87124262540607	-51.68903238034297	-635.3093387572097	-51.689032380343306	921.4723138869506	
3.1283423390528164	-559.8793709716872	482.6219255466546	-628.1888613905571	482.6219255466545	-381.6565359314679	-253.70591523927408	-628.1888613905569	-253.70591523927428	518.314954439124	
3.181365090562186	234.93351442019645	95.60865684229839	-423.3490352675271	95.60865684229788	656.474747913304	-279.38915353645746	-423.34903526752714	-279.38915353645706	191.31458414173912	
3.234387842071556	-1804.193447836218	-278.08754334392864	-113.34612565463824	-278.08754334392864	410.25344511211176	-263.4863061815697	-113.34612565463858	-263.48630618156983	3.0803836259250335	
3.2874105935809257	354.19854272948317	616.7204595515486	-71.99488244204112	616.7204595515487	85.15478580975169	-271.0726503010974	-71.99488244204072	-271.0726503010975	406.62505768370363	
3.3404333450902954	-1429.0477885290532	-118.2821143678009	103.8913677167665	-118.28211436780143	-178.7180016419416	-153.39839372289504	103.89136771676655	-153.39839372289546	483.2198734525796	
3.393456096599665	1092.3385424216892	150.69897943160444	45.32212560102655	150.69897943160487	1016.2448572336311	-144.85756859386305	45.322125601026684	-144.857568593863	419.67095093145093	
3.446478848109035	-182.35606979075095	-338.63012791815436	91.43002828143156	-338.6301279181538	-721.5885430398503	-149.759807055951	91.43002828143241	-149.75980705595106	284.4274099588808	
3.4995015996184047	20.769484019309463	699.6905911415507	82.90688967232374	699.6905911415507	-340.2149012094726	-101.77843799957566	82.90688967232362	-101.77843799957594	-50.66919495512421	
3.5525243511277744	48.50946662992397	476.48693505327964	-19.00068078085672	476.48693505327907	297.7228866854274	196.49138961891853	-19.000680780856953	196.49138961891867	194.8773248176495	
3.605547102637144	-393.55624732427924	-695.2890463887924	51.714439762674395	-695.2890463887918	-2007.2617759891436	164.97147811021594	51.714439762674346	164.97147811021563	620.018818519744	
3.658569854146514	-31.107841195615617	179.88371810423607	236.27373337924513	179.88371810423658	502.1371608691813	-110.48521410539351	236.27373337924516	-110.48521410539395	560.9096949972597	
3.7115926056558837	-463.834190968153	-255.48954707269573	193.3473864654	-255.4895470726955	-348.4328159367983	-199.18353883395272	193.34738646539986	-199.18353883395264	237.9481333153322	
3.7646153571652534	-573.9266883629998	94.54356783074401	248.8190332611192	94.54356783074418	-108.52309749735844	38.89213462160852	248.81903326111905	38.892134621608214	105.3779632937307	
3.817638108674623	539.4213447330627	-250.84963622591485	86.66060700066856	-250.84963622591488	-286.4832140525098	-13.740371407364725	86.66060700066845	-13.740371407364865	66.84241851428979	
3.870660860183993	-270.72680545023786	-311.57898128174077	-19.839732579110795	-311.5789812817414	178.02187104517702	-181.74135973460236	-19.839732579110812	-181.7413597346022	-68.03233596598649	
3.9236836116933627	-223.85318584400954	-81.01788482597985	-95.86796403246444	-81.01788482597998	1201.41045232486	112.53677038963183	-95.8679640324642	112.53677038963227	9.839559131930816	
3.976706363202733	-862.0945660542228	-38.631129229220306	-139.3315800161027	-38.63112922921989	-374.88589632917865	451.5001848465243	-139.33158001610283	451.50018484652435	436.18149707413016	
4.029729114712103	736.031057793224	-494.9789537562294	-95.84869056163512	-494.9789537562297	-213.09796380473864	235.47844285454462	-95.84869056163505	235.47844285454477	192.35250265344476	
4.082751866221472	-704.2546191551487	337.6132973245481	296.2057325322308	337.61329732454715	53.28078995634422	35.638654905668396	296.2057325322311	35.63865490566866	-491.70564917693616	
4.135774617730842	-218.59181155156776	57.677590700213564	57.59914175400239	57.67759070021312	140.17779550854848	-144.90434186817438	57.599141754001636	-144.9043418681742	-679.0621935359765	
4.188797369240212	-24.534311226714156	923.7187101243269	-81.87112311851338	923.7187101243264	-816.16853959773	-235.0660079287053	-81.87112311851354	-235.06600792870577	-531.0951734240917	
4.241820120749582	-93.30938417894718	-800.4125185234718	-151.82272726183947	-800.4125185234715	-366.5288363671733	-317.4339176127759	-151.82272726183936	-317.4339176127759	-108.6919411641991	
4.294842872258951	162.55854601106333	147.50769662347923	-332.4335532802802	147.50769662347952	273.8786385131263	-316.62060106902453	-332.4335532802809	-316.6206010690252	136.834025633685	
4.347865623768321	548.5110223786702	121.04193376118477	-143.5018029222682	121.04193376118539	666.7314723606312	-41.49932263116776	-143.50180292226798	-41.499322631167466	338.53347420626704	
4.400888375277691	862.6794000740405	-223.76585227631907	-19.3687082682592	-223.765852276318	266.0258368598511	349.71501121623436	-19.36870826825919	349.71501121623464	214.13998090238735	
4.453911126787061	857.5430744923513	-414.43703713410486	55.53664267550129	-414.43703713410474	-687.1819020102505	635.4297897890218	55.536642675501426	635.4297897890219	363.36295192421585	
4.50693387829643	-1813.3602939839134	-358.6252131651352	-21.41770497920765	-358.6252131651348	-471.4274122308137	528.2413579838516	-21.41770497920672	528.2413579838517	153.22581131793487	
4.5599566298058	863.2367354848618	366.0273982642481	-213.41226603122314	366.02739826424926	-926.542598392018	268.0441831583313	-213.41226603122234	268.0441831583312	31.101664930773033	
4.61297938131517	533.9956990779335	522.9609496466942	-24.276689027455333	522.9609496466943	1484.1785545655587	-150.26163542845796	-24.276689027455774	-150.2616354284582	277.1533688982028	
4.66600213282454	124.53996056029804	-287.5605927436799	-101.53523003966033	-287.56059274368033	-1171.365127088501	-113.84170943542364	-101.53523003966006	-113.84170943542334	684.4066116282535	
4.719024884333909	-280.8627999741762	-416.6441619917668	-23.726061294687725	-416.64416199176617	1222.3961450706563	210.20222546606473	-23.726061294688115	210.20222546606485	324.2663011421749	
4.772047635843279	-473.33628235207954	-333.128354597441	100.18095115067355	-333.12835459744065	-905.8358297940355	148.1193299783019	100.18095115067358	148.11932997830164	63.91275131731737	
4.825070387352649	725.3817777581005	-586.3305861013963	130.58246498351093	-586.3305861013964	967.7343965535247	83.00973861015663	130.58246498351147	83.00973861015655	415.1067732609248	
4.878093138862019	448.7710040266936	-170.4795232037448	130.2657115605421	-170.47952320374412	-271.16198923738904	323.10613994688646	130.26571156054231	323.1061399468864	561.3376690507024	
4.931115890371388	581.4906294236124	-504.2651439390964	29.424398818114398	-504.26514393909696	1058.4175812004648	-215.08709724150003	29.42439881811334	-215.0870972414992	628.8735786556828	
4.984138641880758	135.50584889577138	527.2142504014676	-100.8858125971542	527.2142504014665	881.7806475837466	-184.95995601666687	-100.88581259715455	-184.959956016667	689.6700803916924	
5.037161393390128	3469.6784335978473	-659.5949047440645	-269.54426537707957	-659.594904744064	1688.9216697088448	-108.72714226946724	-269.5442653770801	-108.7271422694671	398.3001858446133	
5.0901841448994976	-409.48759217103407	-450.14997231629167	-253.70503942880697	-450.1499723162929	83.4207186238551	-108.34156154882596	-253.7050394288053	-108.34156154882717	72.85451860402584	
5.143206896408867	1276.2125151101695	97.86871330358592	-229.48012487920045	97.86871330358552	1168.2981971378015	102.67511366339771	-229.48012487920076	102.675113663396	-112.18619211396275	
5.196229647918237	835.177607938139	-494.8323444548271	-270.9847545947135	-494.832344454826	-889.4254373885889	-99.86897772317856	-270.98475459471365	-99.86897772317896	78.70806558537211	
5.249252399427607	666.6966827495816	-660.1393289866124	-324.43088611624825	-660.1393289866136	2475.2837568081245	-119.10112941885704	-324.43088611624825	-119.10112941885731	269.40085123573704	
5.3022751509369765	501.80303399928	483.9828608385746	-86.5757962261755	483.98286083857477	79.61611978072796	-254.06768097716125	-86.57579622617568	-254.06768097716053	131.8522869024081	
5.355297902446346	530.2087770901877	594.4884852502016	151.2877295598939	594.4884852502018	513.2375416969403	-360.9220522763789	151.28772955989473	-360.9220522763769	290.02245323421795	
5.408320653955716	1768.8985529229274	-660.4129255256429	67.25634965307594	-660.4129255256461	1016.4166284051648	-229.1866777925459	67.25634965307712	-229.1866777925465	344.3635611237217	
5.461343405465086	-349.5032304944215	-204.32472486857935	127.06212373260085	-204.32472486857932	-551.6328463594231	-217.20345518679676	127.06212373260004	-217.2034551867963	335.30565033178544	
5.5143661569744555	222.41379750439157	354.1598121644121	-100.77160491490335	354.15981216441435	617.8853795355154	-321.40756001620616	-100.77160491490235	-321.40756001620656	260.0560809232828	
5.567388908483825	-353.9516833208946	118.46806609695398	-126.01455299349259	118.46806609695622	-466.93662640667026	60.775094574654986	-126.01455299349239	60.775094574657025	325.67485478908765	
5.620411659993195	-386.3897595347937	-476.3397385288414	-220.6382640983179	-476.3397385288432	1207.4124922693616	127.58025296148138	-220.6382640983176	127.58025296148101	501.54907666328256	
5.673434411502566	-551.018651233512	375.4325027271459	-101.6764951677714	375.4325027271441	-62.458220385977135	-1.6048592311035925	-101.67649516777139	-1.6048592311046734	318.2376403766704	
5.726457163011935	-968.6941562993853	-429.1029290280349	-86.71318064865312	-429.1029290280379	-729.9485141295073	-41.33972923989776	-86.71318064865355	-41.33972923989959	218.45968123288762	
5.779479914521305	1139.7648898182956	481.39739040715625	56.92360123146273	481.3973904071592	111.81029246923427	-109.02753318495306	56.92360123146387	-109.02753318495272	196.4129969800138	
5.832502666030675	-503.99321360761024	-353.2093524417767	297.67308657586165	-353.20935244177764	-549.2741708913285	59.68774427934238	297.67308657586455	59.6877442793448	286.40766566910105	
5.885525417540045	404.578342430835	39.934101493935	208.262683479835	39.93410149393439	503.3945042925439	-224.08329225374968	208.2626834798352	-224.08329225374968	320.9589636363127	
5.938548169049414	160.65284274832533	479.9750812772002	235.56776580852966	479.9750812771993	245.95977135897672	-269.43348072707374	235.56776580852932	-269.4334807270731	260.15017554956444	
5.991570920558784	-405.2959688059738	191.23846499491677	183.5994014846156	191.23846499491538	-48.035698268971245	-204.4669861241106	183.5994014846151	-204.46698612411095	214.44116072970385	
6.044593672068154	494.1140366234509	-79.21455102600218	70.26230259067748	-79.21455102600112	980.9400854403464	-164.1202797561258	70.26230259067555	-164.12027975612503	350.3213874936325	
6.097616423577524	149.04717450891889	330.56677178086716	30.49347125030077	330.5667717808636	-319.16964104748166	163.39837644979943	30.49347125029989	163.39837644979855	390.44869350986977	
6.150639175086893	-23.407005647940483	-414.68916201568095	49.81569460841457	-414.6891620156851	816.3938372029752	135.4875206787911	49.81569460841378	135.48752067879064	366.4409968855938	
6.203661926596263	561.8924946681338	246.87665990174787	118.9121002197076	246.87665990174477	-462.1161747385288	100.24356446312841	118.91210021970622	100.24356446312804	184.67101766810103	
6.256684678105633	105.99545841942732	-495.35035421336715	140.57535098885222	-495.3503542133597	545.7696533596003	63.64621653148426	140.57535098885063	63.64621653148339	88.93054862154976	
6.309707429615003	638.335112548586	319.29350343542575	226.95462276599	319.29350343542643	-929.8459599404882	94.45675079395902	226.95462276599184	94.45675079395731	174.33895836227683	
6.362730181124372	-341.6157932036563	-394.41962364396136	299.2235323656807	-394.41962364395874	44.27485023368841	56.16338675668879	299.2235323656798	56.16338675668843	264.8709600152128	
6.415752932633742	719.4799272694186	-64.96486113283301	205.53583578770386	-64.96486113283225	-78.1438839885445	63.073485460144425	205.53583578770292	63.073485460147474	234.4248867255512	
6.468775684143112	-350.14086396254913	110.48327765759967	140.09145874842875	110.48327765759618	690.5995435786489	57.49021708064755	140.09145874843173	57.49021708064739	232.92674096738082	
6.521798435652482	494.53307968722044	-611.0617188487262	135.5234734172061	-611.0617188487242	-101.22671708957678	132.95098750370417	135.5234734172062	132.9509875037043	259.5548053139398	
6.574821187161851	-297.11046991311946	653.8238828905966	92.99011834585934	653.8238828905996	-801.7184742725739	-1.8766619336555246	92.99011834585856	-1.876661933656872	211.80542962202296	
6.627843938671221	157.24900805659274	-871.7037918292648	197.92657053234674	-871.7037918292584	1125.3466764886443	-41.86976729433059	197.9265705323489	-41.869767294329	162.91224474412545	
6.680866690180591	208.55646679590086	475.8197597786754	262.60654600166134	475.8197597786702	-48.441200077265215	-2.394562519732268	262.60654600166276	-2.3945625197303193	-36.58086929104465	
6.733889441689961	-329.9480923614991	-240.11530621239743	235.78747849239656	-240.1153062123971	-299.1428576098496	38.740465865315365	235.78747849239505	38.74046586531411	-1.9028464398988076	
6.78691219319933	460.16940304260663	-7.609003680819604	135.65453002243996	-7.609003680817397	361.99304185687873	-89.07677006381222	135.65453002243865	-89.07677006381202	66.41386740793274	
6.8399349447087	479.4125487805476	16.771250268759914	86.64314168174829	16.771250268759207	202.99213904163645	51.007006636805116	86.64314168174488	51.00700663680299	70.55330318416995	
6.89295769621807	-63.89613861869902	-659.1817377288993	60.949577714631374	-659.1817377289016	-712.406902328215	109.55418130399804	60.94957771463334	109.55418130399796	121.7194636025926	
6.94598044772744	785.5472843829845	679.1424259679933	-39.00736840152121	679.1424259679925	60.20218812904692	50.60738160441514	-39.00736840152305	50.607381604414925	110.70034857821165	
6.999003199236809	865.9796519368929	-552.999555116856	37.24711463445084	-552.9995551168555	386.3825132523146	87.57264623403167	37.24711463445067	87.57264623403199	61.17906720578848	
7.052025950746179	300.06237516373716	548.1245981277269	-15.892108064238098	548.1245981277302	-496.04644827331236	63.32098175294415	-15.892108064240482	63.320981752944085	-54.7584660593997	
7.105048702255549	1151.3325060541924	-215.65682524986664	19.47142851420702	-215.6568252498581	431.39961056032695	25.958770894391506	19.471428514206846	25.958770894389332	-23.16941805526784	
7.158071453764919	-218.29233094631923	-106.59878000404166	87.18729359686206	-106.59878000404095	-887.6585799374939	-67.73783880001902	87.18729359686046	-67.73783880002074	65.24219897403746	
7.211094205274288	1148.060065239428	-476.6642077107501	6.40567600289755	-476.66420771074655	591.1121833893897	-148.65087000801208	6.405676002896692	-148.65087000801128	134.66684513492285	
7.264116956783658	-269.5511058891636	284.00619888736566	-209.8011682146367	284.0061988873624	-576.4097163114322	-306.913395303661	-209.80116821463943	-306.9133953036616	128.4497938199978	
7.317139708293028	697.0767285607278	291.4802240955177	-265.2099292346631	291.48022409551805	782.5415033858781	-304.39539450750465	-265.20992923466326	-304.3953945075036	168.95548766138035	
7.370162459802398	212.76327184584724	-556.9731748073315	-210.36329597926448	-556.9731748073303	-434.14347363592833	-260.5017530640773	-210.36329597926368	-260.5017530640776	185.4057351475283	
7.423185211311767	1288.4857381321617	-129.9152298944895	-197.54335871232058	-129.91522989449012	1456.9135452616424	-312.69734364903735	-197.54335871232132	-312.69734364903434	116.08950759863289	
7.476207962821137	-117.53996554064432	36.24182987514195	-83.76242736157567	36.24182987513952	-835.358981419739	-333.11756806072214	-83.76242736157624	-333.11756806072333	72.41651630202507	
7.529230714330507	-245.53333397314225	338.75071699933466	37.01943136882272	338.7507169993347	1535.4573313288604	-304.79658932020925	37.0194313688236	-304.79658932021033	24.80243996224821	
7.582253465839877	-1027.1108876635706	102.54424856053646	41.74403093463042	102.54424856053686	-1828.7919076510577	-252.5173423745043	41.74403093463013	-252.51734237450373	-1.263317850600292	
7.635276217349246	343.51368491782114	296.53202847333944	-55.32191020076217	296.532028473342	373.2685226436608	-187.46394698498594	-55.3219102007615	-187.46394698498676	45.66222670523932	
7.688298968858616	-50.98592786495366	512.3150882118827	-138.32989401206424	512.3150882118816	-457.0033094293266	-188.81389710207213	-138.32989401206183	-188.8138971020711	72.3853123191131	
7.741321720367986	-286.9679373863983	-150.30736424542573	27.918305163040298	-150.30736424542664	-286.0425315782043	-169.543756143131	27.918305163039616	-169.5437561431302	12.615546872431578	
7.794344471877356	1354.303668826655	-297.8171569747962	106.48252685918163	-297.81715697479666	739.6643584819047	-146.46956314220952	106.48252685917961	-146.46956314220935	25.261623395717702	
7.847367223386725	-544.2578353864623	302.6340629576632	55.9839254555513	302.6340629576627	324.1711571135817	-102.36540553598873	55.9839254555518	-102.36540553598668	64.7939917645171	
7.900389974896095	-148.75900486078692	-26.02753939193172	-23.519165150055258	-26.027539391928556	-371.73417370278065	-182.71602432230839	-23.51916515005434	-182.71602432230893	29.718671843535194	
7.953412726405466	127.31677019124974	229.7260568443918	-43.28068335072493	229.72605684438903	536.4641912482933	-123.80726788964533	-43.28068335072499	-123.8072678896458	12.148610637360711	
8.006435477914835	699.5177439232676	-74.61249049608216	42.00559085226381	-74.61249049607981	147.0272889107767	-113.3620873648489	42.00559085226289	-113.36208736484885	43.09457691139439	
8.059458229424205	-3.0891416517074988	185.82163272269736	117.96748300026465	185.82163272269818	303.9599317369706	-39.68151848718459	117.96748300026373	-39.68151848718581	21.831154852332972	
8.112480980933574	112.10499519280908	-520.9041380961044	271.77160207770316	-520.9041380961028	130.254113834182	11.109965134617578	271.771602077702	11.109965134616765	33.68015640785569	
8.165503732442945	475.6202846578497	-2.398060787446685	254.07098962816866	-2.3980607874468522	21.4638033695423	-33.89713007704723	254.0709896281701	-33.897130077046114	33.14821642920971	
8.218526483952314	369.65600031403926	-63.898658509822575	64.35956251483718	-63.898658509824294	1025.6664202757513	68.20271098076942	64.35956251483702	68.20271098076967	-73.8597236850797	
8.271549235461684	505.3615265969474	-680.5841518667444	62.09373831299614	-680.5841518667442	-75.364367328675	19.35961335214898	62.09373831299521	19.359613352150912	38.11209679702045	
8.324571986971053	-5.960491484996961	36.955056715644666	121.22633003763914	36.955056715643266	781.0670135513552	-27.90608701842811	121.22633003764201	-27.90608701842999	69.8070690001621	
8.377594738480424	-186.17340987214908	167.91367530276355	120.45167436039237	167.91367530276386	-322.6675419044184	-48.04997217109458	120.45167436039414	-48.049972171094296	-5.366534684191982	
8.430617489989793	-453.0519685302909	334.44824361915016	69.25027094489808	334.448243619151	484.6897933267435	-59.344925093364836	69.25027094489934	-59.344925093362036	-30.555086129108467	
8.483640241499163	299.5439198023898	-686.6339568204014	127.57723884070938	-686.6339568204062	373.5590668115476	-0.8601781238954888	127.57723884070803	-0.8601781238960825	10.55159818767696	
8.536662993008532	25.835726427026675	71.41466458808516	58.31113308064623	71.4146645880874	16.407367375530242	19.315799164308743	58.31113308064551	19.315799164307986	52.30425444641335	
8.589685744517903	1652.1826190265922	-64.76040849746151	17.770627570501535	-64.760408497464	1277.386019081822	150.46281729755827	17.770627570504946	150.46281729755702	1.9627227788920896	
8.642708496027272	-269.10105071302513	-348.5796549245297	-111.77831175465045	-348.57965492452786	-240.35566258236793	151.09620079120762	-111.77831175465033	151.0962007912112	-82.5368041848797	
8.695731247536642	255.70958052908145	-277.6132126870864	-177.01352262162823	-277.6132126870854	440.60013499370024	74.85488328284575	-177.01352262162814	74.85488328284724	-13.676441662351822	
8.748753999046011	-324.19002477531575	-510.0647726343721	-218.49757563972094	-510.06477263437284	382.3673110856441	18.409556411404292	-218.49757563972196	18.409556411406477	-122.24644815275268	
8.801776750555382	-338.1260166126513	78.56205234444532	-314.4559667209218	78.56205234444433	8.534196259760263	-0.3506612384237383	-314.4559667209225	-0.35066123842521885	-83.0553373736297	
8.85479950206475	-105.24556204263008	-691.7191083177792	-326.91621171793713	-691.7191083177771	235.0292582669983	-61.81784904657175	-326.9162117179378	-61.81784904657288	-86.44411788884024	
8.907822253574121	166.52443928223323	798.303232366065	-213.35755970281468	798.3032323660649	-417.6355142226334	-50.14508013413445	-213.35755970281235	-50.145080134135036	-144.58787645526164	
8.96084500508349	-420.32751621494646	-731.4803149302668	-152.50303441456683	-731.4803149302678	53.59766120771288	-39.75034442496357	-152.5030344145669	-39.75034442496206	-200.6713494395079	
9.01386775659286	-971.3599750146752	289.0218746794313	-120.86293394875767	289.0218746794297	-1.9011476458872205	-8.982638406701795	-120.86293394875665	-8.98263840669961	-169.62757241369087	
9.066890508102231	-323.45587665530957	78.03459913279825	-241.59470846930566	78.03459913279836	-914.0602105107633	42.84030485916572	-241.59470846930657	42.84030485916584	-149.67656073477718	
9.1199132596116	-288.8194577217616	-193.23981004960285	-250.29923416230056	-193.23981004960385	1077.1121351468428	162.0248177510996	-250.29923416230008	162.0248177511007	-84.38661276964825	
9.17293601112097	227.03297530306236	-121.21999377351278	-231.8733079618007	-121.21999377350764	-590.1855815666273	197.0098571136974	-231.8733079618004	197.00985711369597	-98.9066276727456	
