# Stress in units of bar (10^5 Pa)
# z	Sxx	Sxy	Sxz	Syx	Syy	Syz	Szx	Szy	Szz
0.0	-104.98299365953791	51.79024764440206	-179.62678498146298	51.79024764440229	-42.50059128810182	17.94021723718862	-179.626784981463	17.940217237189177	-128.67209292143343	
0.05302275150936977	-53.61618532503118	55.394819337758676	-165.80916873191174	55.39481933775888	-61.50495999511885	-4.568914299440593	-165.80916873191174	-4.568914299439963	-119.2277826936772	
0.10604550301873954	-11.071961136349444	47.694817910135	-152.20826174669125	47.69481791013516	-88.18475551243876	-30.0543783753982	-152.20826174669116	-30.0543783753975	-104.96498371627042	
0.1590682545281093	19.403636325126335	30.133626824008488	-141.36480100728036	30.1336268240086	-116.46172426631648	-53.84081989504979	-141.36480100728014	-53.84081989504902	-86.11759682790439	
0.21209100603747907	37.00981636668817	6.799114225278352	-135.00650232110252	6.799114225278458	-139.40217636814543	-72.44222912832149	-135.0065023211021	-72.4422291283207	-64.65102215996417	
0.26511375754684885	43.38054263333784	-17.03290575243537	-133.20845107093302	-17.032905752435255	-151.96535755014972	-84.28957267805785	-133.20845107093243	-84.28957267805713	-44.13226363247643	
0.3181365090562186	42.651632798930144	-36.81984526874753	-134.30248437095648	-36.81984526874743	-152.80158374929496	-89.58485792711822	-134.30248437095577	-89.58485792711755	-28.740116648350448	
0.3711592605655884	40.82637928408619	-50.23342621349728	-135.5780863763987	-50.233426213497225	-144.14665490506968	-89.65893691727484	-135.57808637639783	-89.65893691727426	-21.86607943944105	
0.42418201207495815	43.803677383698215	-57.223395267967376	-134.38691891827756	-57.22339526796739	-130.3433771379368	-86.27166323795635	-134.38691891827665	-86.2716632379558	-24.878476856204422	
0.4772047635843279	54.945698082241336	-59.42671737402095	-129.06207826786036	-59.426717374021116	-115.38130668896659	-81.1141317053229	-129.06207826785945	-81.1141317053224	-36.574872307968675	
0.5302275150936977	73.1929921905955	-58.85329490907117	-119.18292865919635	-58.8532949090715	-100.57826087632465	-75.49432222886651	-119.18292865919545	-75.4943222288659	-53.457103517228035	
0.5832502666030674	93.16630405721457	-57.455572588045996	-105.23501133099714	-57.455572588046465	-83.33711127428887	-70.2030649485765	-105.23501133099629	-70.20306494857574	-70.6027055256589	
0.6362730181124372	107.19225878888119	-56.983478268107845	-88.0447119306161	-56.98347826810841	-57.61795675138899	-65.61516896266708	-88.04471193061534	-65.61516896266615	-82.78295959420751	
0.6892957696218069	108.55184569751071	-58.81174112409094	-68.48833719984324	-58.81174112409157	-16.600243555027376	-61.99960543160688	-68.4883371998426	-61.99960543160577	-85.59440801507685	
0.7423185211311768	94.43989527730142	-63.47597409354876	-47.59420601153375	-63.47597409354937	43.763710241094465	-59.8331763478595	-47.594206011533245	-59.833176347858256	-76.44022585406293	
0.7953412726405465	67.37509290249842	-69.95767056913631	-26.699456457933337	-69.95767056913687	122.14871662300165	-59.791486156787336	-26.699456457932982	-59.79148615678606	-55.21575841873931	
0.8483640241499163	34.26239865257526	-75.6566798171198	-7.330484874480974	-75.65667981712026	211.47804382460112	-62.356141730854695	-7.330484874480752	-62.356141730853466	-24.470122678141802	
0.901386775659286	3.6462885853894704	-77.33502426684728	9.355403357209065	-77.33502426684768	301.26827186918536	-67.38883601883094	9.355403357209195	-67.38883601882983	11.181477270279663	
0.9544095271686558	-17.319498251002628	-72.80824960853224	23.14128220634139	-72.80824960853253	381.0064331341131	-74.13106785894271	23.141282206341472	-74.13106785894185	46.29211108893492	
1.0074322786780257	-25.040978885484435	-62.59626649660067	34.90072245614813	-62.59626649660086	442.91012179965924	-81.72205011945674	34.9007224561482	-81.72205011945609	76.09097128643967	
1.0604550301873954	-20.135617220053575	-50.3500892948145	46.096544294624714	-50.35008929481461	483.0460000922155	-89.6921542267088	46.096544294624785	-89.69215422670837	97.81308918857894	
1.1134777816967651	-6.520710053723711	-41.70847668901968	57.89337030357866	-41.7084766890196	501.01762627040006	-97.81023782252049	57.89337030357876	-97.81023782252026	111.29158614509714	
1.166500533206135	10.607326599896558	-41.77054315289959	70.4119436105111	-41.77054315289949	499.28864111860264	-105.2976196640798	70.41194361051122	-105.29761966407969	118.72100356562584	
1.2195232847155046	26.590855088227954	-52.383598993529844	82.51668499571997	-52.38359899352976	482.44086743928744	-110.178577421894	82.51668499572008	-110.17857742189398	123.63291424845269	
1.2725460362248744	39.276949480585195	-70.9083497178739	92.18587182286286	-70.90834971787395	456.4426425854533	-109.58844352250316	92.18587182286295	-109.58844352250313	129.37647304722796	
1.3255687877342441	48.40738211867358	-91.2439303365509	97.16677829900595	-91.2439303365511	426.7543297667558	-101.27255336448137	97.166778299006	-101.27255336448127	137.61136192400784	
1.3785915392436139	54.124484524755765	-106.65992024470437	95.53822694637606	-106.6599202447047	396.48819918537436	-85.29139790916952	95.53822694637608	-85.29139790916928	147.30968299513108	
1.4316142907529839	54.638574552785244	-112.83157618716506	86.06914964416453	-112.8315761871655	365.20111144730237	-64.74500583286263	86.0691496441645	-64.74500583286219	154.81094869228343	
1.4846370422623536	46.17474119494307	-109.0672165214337	68.38109075798488	-109.06721652143419	330.798715345998	-44.85361379470715	68.3810907579848	-44.85361379470652	155.05831414864798	
1.5376597937717233	25.602768485361338	-98.05015483325684	42.968090341235154	-98.05015483325722	293.92388404716417	-30.86096189834214	42.96809034123495	-30.86096189834132	143.86456192160767	
1.590682545281093	-5.643536888531422	-84.32543145399754	11.091012640722195	-84.32543145399787	261.5277866191178	-25.960446516160886	11.091012640721868	-25.960446516159912	120.47252865382634	
1.6437052967904628	-38.828829844119056	-72.6583221985259	-25.487450446125003	-72.65832219852614	247.8750218423867	-30.265340719377026	-25.487450446125457	-30.265340719375967	89.28528249760032	
1.6967280482998326	-59.79126370964504	-66.91511078399706	-64.60754248992292	-66.91511078399726	270.6783972345455	-41.21309117111039	-64.60754248992345	-41.21309117110931	59.67866171791032	
1.7497507998092023	-54.30458860678635	-68.9630395913962	-103.41450111102404	-68.96303959139631	344.38627699117177	-54.84979776698999	-103.41450111102458	-54.849797766988964	43.239765719113926	
1.802773551318572	-14.174596216696443	-78.42730829238558	-137.71594359179133	-78.42730829238562	473.61391381005933	-67.10617123473493	-137.71594359179184	-67.106171234734	49.00250583794338	
1.8557963028279418	59.096654039703736	-93.26962765432246	-161.61989138458404	-93.26962765432239	648.8795708494038	-74.56751496629289	-161.61989138458443	-74.5675149662921	78.60578497253172	
1.9088190543373116	155.62280924281444	-111.12965882723645	-168.32872702251558	-111.12965882723627	847.4740171152627	-74.76021616334022	-168.32872702251586	-74.76021616333959	123.97255564520313	
1.9618418058466813	261.9006019850338	-130.5269126854198	-152.37040171963991	-130.5269126854195	1039.4941220812539	-66.42790305466711	-152.37040171964014	-66.42790305466661	169.51001118291546	
2.0148645573560513	366.3962929449365	-150.8003464076668	-112.46587949143753	-150.8003464076665	1197.287382229887	-49.97791616766248	-112.46587949143772	-49.977916167662144	198.57983903118287	
2.067887308865421	462.5558033619756	-170.4389112235333	-53.56280949324875	-170.43891122353307	1303.7947445659693	-27.605899865580437	-53.56280949324894	-27.605899865580263	201.420840691653	
2.120910060374791	548.0754473947864	-185.41621364918325	13.213816596347586	-185.41621364918308	1355.6039269218063	-2.6628698154359824	13.213816596347371	-2.6628698154359363	180.45488466462436	
2.1739328118841605	622.0564618924742	-188.78758016263458	73.08685276785631	-188.78758016263444	1359.9802228128003	21.583161489725548	73.08685276785607	21.58316148972545	149.93938971860607	
2.2269555633935303	682.2636878972153	-173.3287611306699	111.7755916521562	-173.32876113066973	1328.9337595499871	42.83144459835023	111.77559165215591	42.83144459835004	129.75758160796073	
2.2799783149029	724.3034434284871	-135.7938970877017	119.97394314651302	-135.79389708770157	1273.9776983883942	59.6415788936382	119.97394314651271	59.64157889363795	136.16322390206093	
2.33300106641227	742.9469834582267	-80.24845928333721	96.55068190916762	-80.24845928333691	1203.6575050023057	70.79575493211513	96.55068190916731	70.79575493211486	173.6933631748661	
2.3860238179216395	734.0127896727813	-17.67211309408161	49.29406444937602	-17.672113094081364	1122.1401190889046	75.19608878168555	49.29406444937569	75.1960887816853	231.9704211223905	
2.4390465694310093	695.82229851107	38.31347334182023	-7.29023047099442	38.313473341820455	1029.3362046889986	72.7170479220265	-7.2902304709948	72.7170479220263	289.0910377407863	
2.492069320940379	629.8316181180883	76.99760648236494	-56.63683623271349	76.9976064823652	921.7612247130519	65.25953549496813	-56.63683623271393	65.25953549496802	320.16765776320847	
2.5450920724497488	540.744466209556	93.73701272124245	-85.82246107942301	93.73701272124268	795.658519860732	56.63145335841562	-85.82246107942355	56.63145335841562	307.7529687836082	
2.5981148239591185	435.284265322367	89.60417508862879	-90.18473653621982	89.60417508862896	650.3485628156044	50.78908991563572	-90.18473653622041	50.7890899156358	249.70673171658473	
2.6511375754684883	321.6165787255431	68.80852958072737	-74.88929300812286	68.80852958072751	491.18055648344506	49.574627593407996	-74.88929300812345	49.57462759340813	161.08821117553697	
2.704160326977858	207.9173223020179	36.421622330205096	-52.562885318214214	36.42162233020522	330.06522560035387	51.475009158193764	-52.56288531821481	51.47500915819391	69.08097230374264	
2.7571830784872278	102.07058714221782	-1.8414364507685548	-38.08770304844442	-1.8414364507684837	184.22272202648418	52.287817244539895	-38.08770304844493	52.28781724454	3.009112615054491	
2.8102058299965975	9.948185393521157	-39.20829031878533	-42.84264140567369	-39.2082903187853	71.60409097174934	47.118871005428474	-42.842641405674165	47.118871005428545	-16.417071514068454	
2.8632285815059677	-66.28051525691906	-67.85684758290755	-70.83958133239898	-67.85684758290753	4.976124801116214	32.465543372131606	-70.8395813323993	32.46554337213162	15.764822528966604	
2.9162513330153375	-129.08661787857852	-81.08067792442478	-117.8395145598441	-81.08067792442478	-13.332584328958461	7.4021436312955196	-117.83951455984436	7.402143631295489	88.07663030927	
2.969274084524707	-184.15300963855017	-75.88584046779233	-173.07448644960925	-75.88584046779235	7.079959761665435	-26.36255118817815	-173.07448644960948	-26.362551188178216	178.2115390576664	
3.022296836034077	-236.12746029768135	-54.16169978603143	-222.67397833231325	-54.16169978603143	49.20634027790271	-65.06844941278914	-222.6739783323134	-65.06844941278922	262.204275917301	
3.0753195875434467	-284.8857356576612	-22.01255565445001	-253.7347152136885	-22.01255565445001	95.03232019237153	-103.7549840140026	-253.73471521368862	-103.75498401400272	323.00566147333706	
3.1283423390528164	-324.49980198658534	13.070532161868115	-258.0621993540341	13.070532161868094	130.59831091989906	-137.15984452433767	-258.06219935403414	-137.15984452433779	354.80886468723264	
3.181365090562186	-345.6214278051879	44.7488750492259	-234.51291076166387	44.74887504922589	147.389789726281	-160.6295353229873	-234.51291076166387	-160.6295353229874	361.88436831619384	
3.234387842071556	-340.99211776106534	69.40263576317145	-188.88867294444879	69.40263576317145	140.8970932010111	-171.00206261667873	-188.88867294444876	-171.00206261667884	353.6738902879003	
3.2874105935809257	-310.00547026206345	85.9221346670661	-131.37142700375497	85.9221346670661	109.43377203468964	-167.26693919790267	-131.37142700375492	-167.2669391979028	339.4777209265897	
3.3404333450902954	-260.65029643896276	94.41298980636131	-72.63004293804494	94.41298980636135	54.25978026461013	-150.8452860526076	-72.63004293804484	-150.84528605260772	325.4686982282726	
3.393456096599665	-206.9165599168876	94.7408703977716	-20.440801584939727	94.74087039777169	-18.85611751896603	-125.38753941044175	-20.44080158493962	-125.38753941044189	314.42934589892195	
3.446478848109035	-163.29515570703887	86.10194526259666	21.734437342845233	86.10194526259676	-99.21678980003483	-96.00502452262913	21.734437342845332	-96.00502452262927	306.75230312024	
3.4995015996184047	-138.96984977159184	67.53190441828949	53.890230749562036	67.53190441828959	-172.31813847042704	-68.05363608549524	53.89023074956211	-68.05363608549538	301.06281229736504	
3.5525243511277744	-134.86730531521428	39.460324111222974	77.4014809191563	39.460324111223116	-223.4601461831058	-45.5640869941214	77.40148091915634	-45.56408699412154	294.2927493202458	
3.605547102637144	-144.9367159966126	4.48383603369237	93.01930678495293	4.483836033692512	-241.96657047214217	-29.873158344337597	93.01930678495293	-29.87315834433773	282.24856093390883	
3.658569854146514	-160.31031694562452	-32.68325384656619	100.16835491272842	-32.683253846566075	-224.92166138980116	-19.207221574140824	100.16835491272839	-19.207221574140938	261.23065852330546	
3.7115926056558837	-173.8276864312054	-66.63099126535715	97.80154184010169	-66.6309912653571	-178.18553303334787	-9.724432340874495	97.80154184010168	-9.724432340874596	229.8256569061194	
3.7646153571652534	-182.30088292874345	-92.4665797110614	85.99411602494737	-92.46657971106136	-114.9979864616472	2.2354124258849914	85.99411602494735	2.2354124258849417	189.2930477768279	
3.817638108674623	-185.89827974893217	-106.57521577388694	67.02998694464914	-106.57521577388694	-51.95178585592267	17.687704768967926	67.0299869446491	17.687704768967908	142.21877090512558	
3.870660860183993	-185.87970133029808	-106.78922272106041	45.01912091179223	-106.7892227210605	-4.322470547987834	33.74588610629639	45.01912091179219	33.745886106296396	90.56596062882032	
3.9236836116933627	-181.9218563303961	-92.95754198357466	24.10515909172435	-92.95754198357477	18.419863851551288	44.523215125644846	24.105159091724303	44.52321512564489	35.38896071913679	
3.976706363202733	-171.6253970804231	-67.75253990991406	6.461116043916697	-67.75253990991425	15.372711414458607	44.06845005453575	6.461116043916643	44.0684500545358	-21.249961431787703	
4.029729114712103	-150.83070944559617	-37.0451094402069	-8.544215928671296	-37.04510944020711	-6.211737408922858	30.111250139127623	-8.544215928671363	30.111250139127662	-73.720086748205	
4.082751866221472	-115.76801941296382	-9.035783903210437	-23.2384852363234	-9.035783903210643	-34.00053629658409	6.601490905323585	-23.238485236323484	6.601490905323603	-112.44034107297693	
4.135774617730842	-65.0148050863895	8.317715182784525	-39.430315309362726	8.31771518278444	-56.286604299873225	-16.635727334515956	-39.430315309362825	-16.635727334515963	-126.93488257594741	
4.188797369240212	-1.6923264996354703	10.324784517309922	-56.64133850074279	10.324784517309851	-66.91076073284175	-27.402136749829342	-56.64133850074289	-27.402136749829378	-110.96681394218038	
4.241820120749582	65.9694656677877	-2.3130014764904274	-72.11918929844967	-2.3130014764903137	-67.49340095809058	-16.457756354033243	-72.11918929844973	-16.457756354033293	-66.35725275742926	
4.294842872258951	126.3879301646846	-23.982507743036187	-82.54767224615065	-23.98250774303599	-64.97024174258534	17.824919195599314	-82.54767224615068	17.824919195599264	-2.678588387905915	
4.347865623768321	168.66665728446478	-46.81236529044057	-86.06270983465004	-46.81236529044027	-66.291617925069	68.01612820342486	-86.06270983465002	68.01612820342484	66.97339096898894	
4.400888375277691	187.42751612269686	-64.52148692436182	-83.08029919901588	-64.52148692436148	-72.59614659242958	120.33893480742444	-83.0802991990158	120.33893480742441	131.43320900020845	
4.453911126787061	184.83159190947146	-75.51733015632254	-75.49302859161561	-75.51733015632216	-78.01928294355145	160.48687940411892	-75.49302859161547	160.48687940411892	185.01962695785488	
4.50693387829643	169.80827697304738	-83.60785473884489	-65.11716317822862	-83.60785473884452	-72.68020689243284	179.5671775359013	-65.11716317822844	179.5671775359013	227.690763265976	
4.5599566298058	154.21328143828194	-95.76817944588595	-52.79134468162302	-95.76817944588558	-48.39698764408055	176.9424606725738	-52.79134468162285	176.94246067257382	262.6771159817421	
4.61297938131517	149.6063375551999	-117.71598873468241	-38.78604317643961	-117.71598873468209	-1.822484403563351	158.71258915369924	-38.78604317643945	158.71258915369927	293.64150196238904	
4.66600213282454	165.8406144767845	-150.02994103387414	-24.0850978540597	-150.02994103387388	65.62653317734407	133.1419830984488	-24.08509785405958	133.14198309844883	322.90735864575424	
4.719024884333909	210.40018259905446	-187.39230066037152	-11.402505758933257	-187.39230066037135	150.56205263893497	106.18201286088643	-11.40250575893319	106.18201286088645	350.87460475231893	
4.772047635843279	287.1243512017128	-221.45372312319714	-4.984548021007431	-221.45372312319702	249.1941012375221	79.70533122332637	-4.984548021007406	79.70533122332637	375.82424324840684	
4.825070387352649	393.3931228165299	-245.24367350060518	-9.06771870648928	-245.24367350060518	356.3915140517846	52.8529397021897	-9.067718706489295	52.85293970218968	393.943928473291	
4.878093138862019	518.6958600755412	-256.4696876080734	-25.86158544010214	-256.4696876080735	464.0728412403052	24.671881205198396	-25.86158544010217	24.671881205198346	400.1081216854341	
4.931115890371388	645.5032348249799	-257.2699853745392	-53.99505705589379	-257.2699853745393	561.048502648984	-4.227302451256996	-53.99505705589382	-4.227302451257106	389.9413348777685	
4.984138641880758	753.878085938004	-251.47011664592748	-88.36462801721362	-251.47011664592762	636.2933600020102	-32.07814190202221	-88.36462801721363	-32.078141902022395	362.6215368667848	
5.037161393390128	827.697118127162	-241.17476677876402	-121.43740218955621	-241.17476677876425	682.9391454208366	-57.55152325979468	-121.4374021895562	-57.55152325979493	322.66506017188215	
5.0901841448994976	859.4670132177027	-225.7886255116017	-145.49167481186856	-225.788625511602	700.6237200932917	-80.88738541537818	-145.4916748118685	-80.88738541537845	279.2031659232067	
5.143206896408867	851.1708907078086	-203.30200867645192	-154.9871470014213	-203.30200867645226	693.9277257572711	-103.49053970688996	-154.9871470014212	-103.49053970689022	242.70170707210428	
5.196229647918237	810.4286514365397	-173.09197440653517	-148.30057031681127	-173.09197440653548	668.3323221878886	-126.26092636689565	-148.30057031681113	-126.26092636689583	220.9760785488948	
5.249252399427607	744.9054667578811	-137.57819111128083	-128.3084805121693	-137.57819111128111	627.3301825215184	-148.04197407874335	-128.30848051216907	-148.04197407874338	216.62680880311558	
5.3022751509369765	658.4961723224809	-101.73972010772806	-101.48160079705076	-101.73972010772836	572.2472520800101	-165.34298355618935	-101.48160079705052	-165.34298355618924	227.07287600155738	
5.355297902446346	551.4735700179485	-70.8158875577856	-75.604130432134	-70.81588755778584	504.75488780895597	-173.72807342440314	-75.60413043213373	-173.72807342440296	246.58705111601148	
5.408320653955716	424.8055861177415	-47.91376151514065	-56.821935238923786	-47.91376151514088	428.4698897305811	-170.03771043517187	-56.82193523892348	-170.03771043517162	268.8411947051685	
5.461343405465086	284.93185264509185	-33.0399877564369	-47.17077053793531	-33.0399877564371	348.81183759249325	-154.248156170862	-47.17077053793499	-154.24815617086176	288.6661196775292	
5.5143661569744555	145.69338248249528	-23.90469114490938	-43.844301741942616	-23.904691144909545	270.9287533392562	-130.0459299983369	-43.844301741942296	-130.0459299983367	302.77680847219904	
5.567388908483825	25.528177846388317	-17.2561115494056	-40.64370498654489	-17.256111549405833	198.65131552630805	-103.73848189132546	-40.64370498654454	-103.73848189132532	309.78308932723394	
5.620411659993195	-59.00539573021642	-10.031697750950649	-30.968042873221563	-10.031697750950933	135.21306004437457	-82.04932805170306	-30.968042873221187	-82.04932805170296	309.96869174192096	
5.673434411502566	-99.45190532616931	0.10100519121976959	-10.922152652899353	0.10100519121938589	84.92239940855025	-69.78641862295848	-10.92215265289894	-69.78641862295842	305.0399058593049	
5.726457163011935	-98.51900353908563	14.28153482894733	18.90213021342077	14.281534828946874	53.391065079084825	-68.20340199326252	18.902130213421195	-68.20340199326245	297.6523761842369	
5.779479914521305	-67.70581117030609	31.91618990289544	53.717422525471164	31.916189902894885	45.163391722589495	-74.69233463663619	53.71742252547156	-74.69233463663605	290.59646454628705	
5.832502666030675	-22.221013107948238	50.407262849948204	86.68146201461829	50.40726284994757	60.17963410959952	-83.74926374005118	86.68146201461857	-83.74926374005102	285.87339250307684	
5.885525417540045	25.514371817198054	65.46495752499463	111.79543946588436	65.46495752499389	91.91123399958514	-88.83229862086164	111.7954394658845	-88.83229862086147	284.0165895156723	
5.938548169049414	68.73316804504904	72.41309159552883	126.24686896060297	72.41309159552797	128.40422915207864	-84.63126958627629	126.24686896060288	-84.63126958627615	283.9740008905901	
5.991570920558784	106.05777792716287	67.87180694378367	131.21825314666495	67.87180694378279	156.57345427041548	-68.9315944606971	131.21825314666467	-68.93159446069703	283.5893456260179	
6.044593672068154	138.56504409474536	51.46507912086708	130.93158604458853	51.46507912086621	166.23533379670022	-43.40894978446977	130.93158604458802	-43.40894978446981	280.5226789043145	
6.097616423577524	166.84244693310634	25.891819980249032	130.50963470416258	25.89181998024828	153.76340701164855	-12.866001480484229	130.50963470416195	-12.866001480484398	273.35643560207575	
6.150639175086893	189.75429448911058	-4.048053631373634	133.71279577876498	-4.048053631374145	122.85476045587873	16.763691750464936	133.7127957787644	16.763691750464698	262.31589855622497	
6.203661926596263	204.69931537868595	-33.23609850117623	141.59632954796078	-33.23609850117637	82.78416644406916	40.630965029522116	141.5963295479602	40.63096502952184	249.20411878348074	
6.256684678105633	209.33335330112453	-57.85298393238992	152.53189133060062	-57.85298393238966	45.053416384098455	56.28856432657156	152.53189133060022	56.28856432657132	236.41778373998955	
6.309707429615003	202.94341223809005	-75.97397882407101	163.4753606224096	-75.97397882407044	19.098888368846183	63.7132086336868	163.4753606224094	63.71320863368663	225.53068719147564	
6.362730181124372	187.12243586371653	-87.47525567864268	171.67743457210366	-87.47525567864184	9.301382646674355	64.34571935980773	171.67743457210366	64.3457193598077	216.30730571473177	
6.415752932633742	165.57738148374747	-93.11297768784186	175.9173437665609	-93.1129776878409	14.096245893397267	60.02592261000989	175.91734376656103	60.02592261000997	206.76466325702796	
6.468775684143112	143.42082221174212	-94.18011373651315	176.63384815452469	-94.18011373651214	27.884618017761714	52.44398211418594	176.63384815452494	52.4439821141861	194.314503173488	
6.521798435652482	126.30463859644036	-91.9593821096801	175.01645924627184	-91.9593821096791	43.73973459495086	43.14948994025231	175.01645924627212	43.14948994025252	177.2754589155025	
6.574821187161851	119.57459576898833	-87.79099986051973	171.74428537412786	-87.79099986051875	55.740171485906856	33.79632412376941	171.7442853741281	33.79632412376963	155.93182029873674	
6.627843938671221	127.53122347084798	-82.78687864032128	166.25471406917825	-82.78687864032042	59.946731289044195	26.130471058722016	166.25471406917836	26.130471058722172	132.55143199357153	
6.680866690180591	152.73694289762798	-77.65566286889808	157.0679010036767	-77.65566286889742	54.75359734842067	21.64657377516327	157.06790100367664	21.646573775163336	110.37221522314879	
6.733889441689961	195.16186445589844	-72.47548823383099	142.8530620366102	-72.4754882338305	40.74113530991015	20.979750253657468	142.85306203660994	20.979750253657414	92.11650401102195	
6.78691219319933	251.8988421877809	-66.72916077941883	123.49216051836615	-66.72916077941842	20.71775446506896	23.392027642975556	123.49216051836567	23.392027642975375	78.89194451066368	
6.8399349447087	316.97987494080405	-59.93322679941517	100.39993071046916	-59.93322679941474	-1.444860769509127	26.663371002131907	100.39993071046848	26.663371002131615	70.0940903338188	
6.89295769621807	382.3012282877011	-52.46822425708602	75.86230960267183	-52.46822425708544	-21.551351554035335	27.437472364714715	75.862309602671	27.43747236471434	64.31812559160694	
6.94598044772744	439.1098479517742	-45.79800798710994	51.830042860092504	-45.79800798710903	-36.597372449584014	22.015848179048557	51.83004286009159	22.015848179048113	60.60481219281516	
6.999003199236809	480.1335388712904	-41.88123412303952	28.92537375256505	-41.88123412303821	-44.302122091274114	7.350426265155834	28.925373752564077	7.350426265155358	59.15699367797399	
7.052025950746179	501.45808792230764	-41.80067761036712	6.315402760186451	-41.80067761036557	-42.99580503538601	-18.024022832289745	6.315402760185431	-18.024022832290225	61.03159771153762	
7.105048702255549	503.2526001792194	-44.937598843424475	-17.398223891864703	-44.93759884342282	-30.938862099535072	-53.39721317172098	-17.39822389186574	-53.397213171721425	67.0528444843819	
7.158071453764919	488.83286860886466	-48.91746903973748	-42.751024905486744	-48.91746903973592	-7.289198662921052	-95.84114052278298	-42.751024905487746	-95.84114052278333	76.72762760160659	
7.211094205274288	461.73496976307587	-50.5265539478434	-68.285333826518	-50.5265539478421	26.125905852206074	-140.79922610748045	-68.28533382651892	-140.7992261074807	87.90311569455126	
7.264116956783658	423.4793557070375	-46.734943204030216	-90.54408236108611	-46.73494320402929	63.30120434391502	-183.1439284086204	-90.54408236108692	-183.14392840862052	97.39625048712159	
7.317139708293028	372.7983137455041	-35.0884975504956	-105.36634656251769	-35.088497550495056	94.55843992506097	-218.33933381289378	-105.36634656251834	-218.33933381289376	102.23374584645796	
7.370162459802398	308.18704207703325	-14.429940892560516	-109.80341001876069	-14.429940892560293	109.58874197449077	-243.29866371342587	-109.80341001876114	-243.29866371342573	100.83018653401264	
7.423185211311767	231.86184124865443	14.504348446499051	-103.5477068717727	14.504348446499066	101.99323166434843	-256.722050986358	-103.54770687177297	-256.7220509863579	93.51460666964022	
7.476207962821137	152.38973547021362	48.07492499614392	-89.00410183929496	48.074924996143864	73.2823315766318	-258.9831253251119	-89.00410183929506	-258.98312532511176	82.25006585576581	
7.529230714330507	83.17646768784735	80.17665741841405	-70.05519819945815	80.17665741841395	33.59446915015252	-251.76616862883913	-70.05519819945812	-251.76616862883895	69.72401965085179	
7.582253465839877	36.93537326407066	104.03769151409986	-50.34820541767087	104.0376915140998	-1.8715286721405562	-237.56934808083153	-50.34820541767073	-237.56934808083133	58.310938890307526	
7.635276217349246	19.715442221156223	114.95003042606965	-32.11771314650329	114.95003042606962	-19.333166784858975	-219.18869150037563	-32.11771314650312	-219.18869150037546	49.39368216003388	
7.688298968858616	28.501043100089255	112.32510926939659	-16.009604966277855	112.32510926939663	-11.994783073386483	-199.1443074604951	-16.009604966277696	-199.14430746049482	43.218395080971014	
7.741321720367986	53.840075218082276	99.17607575885165	-1.557861056367384	99.17607575885174	17.749705818323534	-179.17300351443083	-1.5578610563672877	-179.17300351443052	39.22396979021178	
7.794344471877356	85.3806890668606	80.02254140180193	12.25037790784694	80.02254140180204	60.99458006126258	-159.96517162076913	12.250377907846966	-159.96517162076884	36.53406955492626	
7.847367223386725	116.53285217304813	58.01448283055478	26.62954247776702	58.01448283055496	107.46981318962104	-141.2564508633821	26.62954247776697	-141.25645086338187	34.34887883167626	
7.900389974896095	145.20083521177156	33.87858009608518	42.63825722860416	33.87858009608546	149.88563742837255	-122.29314918150818	42.63825722860403	-122.29314918150804	32.11903040434242	
7.953412726405466	171.81544182691795	6.678961123270579	60.61863557847983	6.678961123270925	185.7782287073066	-102.47980812037773	60.61863557847966	-102.47980812037767	29.56028320725682	
8.006435477914835	195.93529523043176	-23.92374459670593	79.6207002346692	-23.923744596705582	215.94521849138278	-81.95290392856006	79.62070023466904	-81.95290392856006	26.61199431378311	
8.059458229424205	215.0684455879387	-55.99680733846415	97.37593151139225	-55.99680733846383	242.29533729392853	-61.754584826577506	97.37593151139214	-61.75458482657751	23.404663026959582	
8.112480980933574	225.0533638118025	-85.3467236328904	111.06989985741313	-85.34672363289019	265.55271055368365	-43.51006588982012	111.0698998574131	-43.5100658898201	20.192750198953423	
8.165503732442945	222.54581877975738	-107.14364356937966	118.53577358830137	-107.1436435693796	285.06005603137044	-28.717863425375533	118.5357735883015	-28.717863425375445	17.254878933376283	
8.218526483952314	207.5361857384168	-118.51908298466171	119.0639736646801	-118.51908298466182	299.5450119394388	-17.974308667720273	119.0639736646804	-17.974308667720102	14.733471190075445	
8.271549235461684	185.01537243619015	-120.21784480460356	113.2417512931994	-120.21784480460383	308.9258226342156	-10.53648944970251	113.24175129319985	-10.536489449702263	12.503081529782198	
8.324571986971053	163.8256337829212	-116.82856402995928	102.00476586467241	-116.82856402995968	314.71048635308597	-4.520729747707829	102.004765864673	-4.520729747707525	10.138612056701582	
8.377594738480424	152.78465056596926	-114.67939490891061	85.66447119640253	-114.67939490891106	319.447431104119	2.268754974063908	85.66447119640316	2.26875497406426	6.992617181162174	
8.430617489989793	155.30633000472778	-119.13342816933937	63.606447329734905	-119.13342816933985	324.4527587499225	11.207906967998355	63.60644732973556	11.207906967998756	2.319989822937074	
8.483640241499163	166.15226763151426	-132.2259198049362	34.86957826245852	-132.2259198049366	328.3790294633695	21.999828582010686	34.86957826245912	21.999828582011144	-4.576532352673022	
8.536662993008532	173.09662304022206	-151.90593199731572	-0.8199150165220672	-151.9059319973161	326.98083665089496	32.60193841588256	-0.8199150165215485	32.601938415883076	-14.187286572257388	
8.589685744517903	162.6373694011889	-172.96743197681832	-42.1463479479862	-172.9674319768186	315.00453205048666	40.090119339032334	-42.146347947985774	40.09011933903291	-26.640465823951402	
8.642708496027272	127.03004842158222	-189.0702384870074	-85.94572482430604	-189.07023848700754	288.5020655792987	42.073132899687025	-85.94572482430573	42.07313289968763	-41.60949858204771	
8.695731247536642	67.51229628273283	-194.77665585432374	-127.7978639482194	-194.77665585432385	246.75394785029272	37.97411433681468	-127.79786394821917	37.974114336815276	-58.34752772594651	
8.748753999046011	-7.187313198332095	-187.2831599334372	-163.25094278216108	-187.2831599334372	192.7487296471087	29.498512338387137	-163.25094278216088	29.498512338387684	-75.81072286151146	
8.801776750555382	-85.51582341316893	-167.10797831977337	-189.22387392173357	-167.10797831977337	132.52491631624764	20.088349238336054	-189.22387392173343	20.088349238336548	-92.8020889494282	
8.85479950206475	-156.8914708179387	-137.7111919901178	-204.93083318468143	-137.7111919901178	73.87647815743068	13.599404109117502	-204.93083318468126	13.599404109117954	-108.0973026139161	
8.907822253574121	-213.21833533826646	-103.83186362352801	-211.88127297991002	-103.83186362352795	24.42308607936514	12.756753119795677	-211.88127297990982	12.756753119796107	-120.60481605968074	
8.96084500508349	-248.59831762244113	-69.64150542213147	-212.89459750963098	-69.6415054221315	-10.310460156641803	17.98519480487655	-212.89459750963078	17.985194804876983	-129.6203810688444	
9.01386775659286	-259.2928495442362	-37.59885354278818	-210.6285749504283	-37.59885354278817	-28.825401847392456	27.022680058353508	-210.62857495042812	27.022680058353956	-135.01516820031927	
9.066890508102231	-244.89962927111904	-8.504422039218017	-206.46300687118926	-8.504422039217909	-34.15055273920041	35.56174280691019	-206.46300687118912	35.56174280691065	-137.2270208295499	
9.1199132596116	-209.14491851059296	17.183368920679523	-200.32355113641216	17.183368920679715	-33.113932326061246	38.76934561329115	-200.3235511364121	38.76934561329162	-136.87622130135216	
9.17293601112097	-159.5310114557987	38.14121383966637	-191.46599017825676	38.141213839666605	-33.78306031212222	33.1458195001582	-191.46599017825673	33.1458195001587	-134.19460973501145	
