# Stress in units of bar (10^5 Pa)
# z	Sxx	Sxy	Sxz	Syx	Syy	Syz	Szx	Szy	Szz
0.0	-261.113305637665	98.3616794394537	90.4763464136872	98.3616794394523	198.1006337497908	-87.64084778001858	90.47634641368782	-87.64084778001842	139.70461660744482	
0.05533585275722738	-222.86619448768056	94.34754085030636	97.07530597503134	94.3475408503053	166.92084424536597	-96.63471705912096	97.07530597503195	-96.63471705912093	121.79436996042458	
0.11067170551445477	-164.923758768853	78.49309634592447	100.4763168784347	78.49309634592373	149.1376095699474	-95.46832566814905	100.47631687843531	-95.46832566814909	105.5871664136176	
0.16600755827168215	-102.8499694433738	58.93372687283744	101.71441113206701	58.933726872837	147.4855340377294	-85.66646563424624	101.71441113206768	-85.66646563424632	91.74691074214752	
0.22134341102890953	-53.902466582171215	43.56508275784521	102.32398898792643	43.565082757844934	158.1322866571885	-70.80448660159331	102.32398898792715	-70.80448660159335	81.47959527259358	
0.27667926378613694	-30.62038797805587	37.52202627351576	104.14262133946048	37.52202627351549	172.30853175084764	-55.42516413065289	104.1426213394612	-55.42516413065287	76.30599640083712	
0.3320151165433643	-36.44226366056998	41.995042728664316	108.75410103235794	41.99504272866394	180.7598342034416	-43.54642404685481	108.75410103235865	-43.54642404685475	77.48299024268644	
0.38735096930059165	-65.60321639360848	54.515504788554246	116.71880720934749	54.515504788553706	178.5729213749786	-37.33094712758556	116.71880720934807	-37.33094712758555	85.33061368271112	
0.44268682205781906	-107.10075665352478	70.21385516519507	127.0298139900153	70.21385516519439	166.90984081679463	-36.42377738510368	127.02981399001571	-36.42377738510381	98.78152718381777	
0.4980226748150465	-150.2834976716241	83.65044594077223	137.21628086354946	83.6504459407715	151.1238948126289	-38.16938525984105	137.21628086354963	-38.16938525984136	115.49542208234756	
0.5533585275722739	-188.97314817281452	90.43478418842257	144.16443013063008	90.43478418842192	135.64651031166662	-38.60124208879931	144.16443013063002	-38.60124208879983	132.46711111025178	
0.6086943803295012	-222.4413759015813	88.72040787844742	145.35624745458162	88.72040787844692	119.76903280486349	-33.838326479791306	145.35624745458136	-33.838326479792016	146.84968179361067	
0.6640302330867286	-253.4978872386719	80.05205504294658	139.9993630557728	80.05205504294636	96.83310079886064	-21.41618425013042	139.99936305577233	-21.416184250131245	156.62362417620318	
0.719366085843956	-285.63308196286647	68.8356296302698	129.58679205844317	68.83562963026995	57.47235389878118	-1.0436614189048736	129.5867920584426	-1.043661418905768	160.9014160729633	
0.7747019386011833	-320.86999011176397	60.50292355973079	117.58061419824378	60.50292355973126	-5.169965319032116	25.437203119767545	117.58061419824314	25.437203119766636	159.81305171283998	
0.8300377913584107	-359.1996075047169	58.990820343033576	108.23958721448905	58.9908203430344	-90.90708541560613	54.73920807288582	108.23958721448841	54.73920807288492	154.28511204546032	
0.8853736441156381	-398.342683663971	64.68553367572085	105.0604655048819	64.68553367572181	-191.16293134269173	82.92552761094518	105.06046550488134	82.9255276109443	145.94290430956016	
0.9407094968728655	-433.6637621567178	74.35393411274971	109.45190348248478	74.35393411275074	-291.62793077781214	105.9444978840409	109.45190348248438	105.94449788404	137.19800967733917	
0.996045349630093	-457.91761311933806	82.70336146279425	120.28604352939082	82.7033614627951	-376.9801545547521	119.94248196039341	120.28604352939064	119.94248196039251	131.33986470118975	
1.0513812023873204	-462.3745339656121	84.81220402629988	134.43412834116498	84.81220402630048	-436.0105095499021	121.82171222616873	134.43412834116506	121.82171222616788	132.18852498965498	
1.1067170551445478	-439.68400602822646	77.89022639471936	147.9266118891607	77.89022639471958	-464.1835841243568	110.2290794989984	147.92661188916102	110.22907949899758	143.12225335046523	
1.162052907901775	-387.55190824300166	61.74193107680438	157.12433083086552	61.74193107680419	-463.3936801526045	86.53078363839214	157.12433083086603	86.53078363839131	165.74877941792687	
1.2173887606590024	-310.6567643979084	37.98823189305672	159.55821249100478	37.98823189305624	-439.12371221481783	54.94228877278511	159.5582124910054	54.94228877278433	198.90759608181526	
1.2727246134162298	-219.84514864808222	9.099484279825614	154.23813006382608	9.099484279824928	-397.0526620064215	21.45946417759947	154.23813006382667	21.459464177598697	238.59813139895246	
1.3280604661734572	-128.0275746789784	-22.289019355170396	141.48371854873267	-22.289019355171106	-341.0537571698005	-7.9696778443383955	141.48371854873318	-7.969677844339158	278.92423014649535	
1.3833963189306846	-45.37753420430539	-53.48276568901079	122.39102711103315	-53.48276568901153	-273.0441589085819	-29.013800886776004	122.3910271110335	-29.01380088677675	313.6277323457981	
1.438732171687912	23.75352355918551	-81.41619216141434	98.250642488324	-81.41619216141495	-194.52684130594957	-39.615175728402654	98.2506424883241	-39.61517572840338	337.7480905524071	
1.4940680244451394	81.06562403493115	-102.44013109567663	70.42854241789892	-102.44013109567707	-107.56739139763121	-39.88002217511465	70.4285424178988	-39.8800221751153	349.1600718874106	
1.5494038772023666	132.94337991387516	-112.59892290576087	40.86935080559789	-112.59892290576114	-14.695350298247288	-31.83476174681831	40.86935080559758	-31.834761746818856	349.68578577155415	
1.604739729959594	187.67045784699775	-108.81512973146087	12.74960527468145	-108.81512973146096	82.8492452178724	-19.319418163747198	12.74960527468102	-19.319418163747635	344.9360507612335	
1.6600755827168214	252.87562645453625	-90.35691541183849	-9.741023319194024	-90.35691541183846	186.16348274498105	-7.6449434493086486	-9.7410233191945	-7.644943449308967	342.3137560717735	
1.7154114354740488	333.17984702038837	-60.26190530993039	-22.949626555108214	-60.26190530993038	298.4059774024019	-2.4107663314301995	-22.949626555108644	-2.410766331430427	347.6225097812897	
1.7707472882312763	428.19540504643174	-24.975149552906487	-25.865552739831777	-24.975149552906515	421.16104699994554	-7.622932731644163	-25.86555273983211	-7.62293273164434	362.29014223559824	
1.8260831409885037	532.3275410960898	7.7484648218945935	-21.243272576002074	7.748464821894473	551.5072465152798	-23.771190464912003	-21.243272576002305	-23.771190464912166	383.2756037987382	
1.881418993745731	636.503027374735	31.918974815443704	-14.57486929606383	31.918974815443498	680.4686292691323	-47.03541003603502	-14.574869296063959	-47.035410036035216	405.68200515332455	
1.9367548465029585	730.9793023561399	45.65135168168204	-11.403846878897486	45.6513516816818	795.9343978662117	-70.18054822298691	-11.403846878897546	-70.18054822298714	425.77390966685766	
1.992090699260186	807.40256232652	51.20365696608339	-14.792099883043715	51.20365696608315	886.5934999831363	-85.02437264256868	-14.792099883043747	-85.02437264256895	441.63619275991243	
2.0474265520174133	859.4816759166813	52.99523313660818	-24.522098265270362	52.99523313660802	944.4278746273615	-85.63861121272294	-24.522098265270408	-85.63861121272325	451.0205148227742	
2.1027624047746407	883.4254712930507	54.9374982454733	-38.18820467508809	54.93749824547321	965.1896121554098	-70.92090932433308	-38.18820467508819	-70.92090932433345	448.80954605729914	
2.158098257531868	878.147177457542	58.179182717475456	-52.818960273311525	58.1791827174754	947.3910835035009	-45.209258495035556	-52.8189602733117	-45.209258495035954	427.3650894946587	
2.2134341102890955	845.4364238735895	60.454549202669426	-65.77735384005672	60.45454920266948	892.2739738407831	-16.30863083626415	-65.77735384005697	-16.308630836264584	380.447788553319	
2.2687699630463225	788.5203907995134	57.08923909710421	-74.71702195210838	57.0892390971043	804.358474286504	8.319727884101372	-74.7170219521087	8.31972788410092	308.37315460940715	
2.32410581580355	710.4005766161278	43.16120675348226	-77.35420391002015	43.16120675348231	691.1324379747883	25.06677249410324	-77.35420391002052	25.06677249410278	220.4979802309282	
2.3794416685607773	612.8886236350578	16.68620747013449	-72.0401133141491	16.686207470134562	561.2027476430058	35.195583979508996	-72.04011331414947	35.19558397950856	132.75330292560315	
2.4347775213180047	498.2108246804767	-18.873197164247966	-58.84665915652879	-18.873197164247912	422.3581656128547	42.76826729784701	-58.84665915652917	42.76826729784664	61.41181313990679	
2.490113374075232	371.97677790086925	-54.92912690623298	-40.12923228375357	-54.92912690623287	281.6521256302667	50.99935750006921	-40.129232283753964	50.999357500068896	16.695415852646818	
2.5454492268324596	244.64827424348306	-81.18137770202358	-19.65310377569988	-81.18137770202344	147.35069633365055	59.667381965848776	-19.653103775700252	59.66738196584856	-0.26538493943578345	
2.600785079589687	129.2946753775203	-90.84472076273894	-0.6625321127175283	-90.84472076273877	30.47897856965612	65.07651253071433	-0.6625321127178623	65.07651253071418	4.120058834556934	
2.6561209323469144	37.5401485827762	-84.24172380223615	15.70223268294199	-84.24172380223602	-56.49903123110562	62.0887918445418	15.702232682941709	62.088791844541724	20.420186903772393	
2.711456785104142	-24.557755313107492	-68.34134616752024	30.33341885200019	-68.34134616752014	-103.43358117722359	46.556634224649	30.333418851999994	46.556634224648974	40.572351343476186	
2.766792637861369	-57.40592060226902	-52.49649904697596	44.57051376740992	-52.496499046975885	-107.08224078326747	16.79287449178279	44.57051376740978	16.79287449178279	59.71964768315024	
2.8221284906185966	-66.7319023668729	-43.401657146816824	58.39163212548719	-43.401657146816774	-73.40278593057064	-25.947197482238934	58.39163212548711	-25.94719748223893	75.17494208109792	
2.877464343375824	-61.54466777002858	-42.04334742280753	69.87913132729378	-42.043347422807486	-16.904461234513455	-77.18262431172641	69.87913132729372	-77.18262431172639	84.25357769471887	
2.9328001961330514	-52.81771260392722	-44.23255289263035	76.34059265025287	-44.23255289263035	44.076133642095435	-129.06371603646815	76.34059265025283	-129.06371603646812	83.27475687440871	
2.988136048890279	-51.4533600244734	-43.75725975873878	76.25293577856559	-43.75725975873881	93.7972886814959	-171.32829213065077	76.25293577856556	-171.3282921306507	68.93545238788643	
3.0434719016475063	-65.49264834899033	-36.26292714888645	70.53724860461196	-36.26292714888652	124.45218370862341	-194.12034041794777	70.53724860461192	-194.12034041794774	41.06102566071005	
3.098807754404733	-97.35920077832608	-21.19809442589155	62.14264534347914	-21.198094425891618	136.41604459162826	-191.9516004460324	62.14264534347908	-191.95160044603233	4.77105616050567	
3.1541436071619606	-141.96472310350717	-1.745775374023598	54.28423437757346	-1.7457753740236637	134.56382862953265	-166.34398732004485	54.28423437757342	-166.3439873200448	-29.8420095966852	
3.209479459919188	-188.14211395820593	17.32130677136786	48.47318518600732	17.321306771367787	122.44508183828691	-125.25031311087298	48.47318518600729	-125.25031311087292	-50.72602096301735	
3.2648153126764154	-223.6467545596525	31.887736432706056	43.70585110776137	31.887736432705985	99.66267804426104	-79.30380300605496	43.70585110776136	-79.30380300605489	-48.34069843649371	
3.320151165433643	-241.01444892272312	40.07913225763599	37.39797181628129	40.079132257635926	63.60047007972288	-37.2639319397777	37.397971816281306	-37.26393193977765	-19.504447581737132	
3.3754870181908703	-241.29902657759453	42.37406321127399	27.398374523661712	42.37406321127389	13.900660589778088	-3.4368058633228493	27.39837452366175	-3.4368058633227996	31.109640874915637	
3.4308228709480977	-232.9569533920943	41.2205689749767	13.70526526239206	41.22056897497659	-43.97395754386852	21.825963097565193	13.705265262392112	21.825963097565225	92.71135321547919	
3.486158723705325	-226.7756628128085	40.07833466308064	-1.1555991126360787	40.07833466308051	-98.94791559454232	39.56580176547095	-1.1555991126360166	39.565801765471	152.78999073475615	
3.5414945764625525	-229.4039528784322	42.167904967794804	-13.182326027964464	42.167904967794655	-138.0042932736378	49.871630317813654	-13.182326027964407	49.871630317813725	202.1404526555486	
3.59683042921978	-239.81706562320136	48.865485713531626	-18.67185582442836	48.86548571353147	-151.0069138834158	51.494948410405016	-18.671855824428302	51.4949484104051	238.07592272428712	
3.6521662819770073	-249.77217364745522	58.136956221426786	-15.803396889378634	58.13695622142666	-134.63193287778603	43.51696260947625	-15.80339688937859	43.51696260947633	263.9884879106872	
3.7075021347342347	-248.12449395675682	64.75652405888574	-5.442195854807842	64.75652405888562	-93.30167362427491	27.664961905803377	-5.442195854807828	27.66496190580349	285.6383528016	
3.762837987491462	-226.29144406730742	62.30884859973154	9.204059407861283	62.30884859973143	-37.810109908398545	9.209884849356397	9.204059407861276	9.209884849356504	306.5671076313612	
3.8181738402486896	-182.2628933043625	46.640636982734	23.76915455798171	46.64063698273392	18.293127662517648	-4.490838962510708	23.769154557981715	-4.490838962510608	325.6733492685171	
3.873509693005917	-121.44476697730879	18.737928710935975	34.263170826459906	18.737928710935932	61.97860217404512	-7.017151336334663	34.26317082645991	-7.017151336334585	338.4694376109796	
3.9288455457631444	-53.60900634778359	-14.897781712350728	38.33828288239158	-14.89778171235072	83.81516830215791	4.411623603182029	38.33828288239161	4.411623603182097	341.10619211814446	
3.984181398520372	11.092134369683215	-44.54191578124746	35.833461001757115	-44.54191578124745	79.57854929249343	28.06622349352988	35.833461001757186	28.066223493529936	334.44224944085033	
4.039517251277599	65.70275780732405	-61.009205593048414	28.48265016358404	-61.009205593048364	51.58485691144425	58.79337753498645	28.482650163584132	58.79337753498652	325.36345077479194	
4.094853104034827	107.51990401698959	-59.08440404732491	18.944567294465106	-59.084404047324824	8.630388172772058	89.99580169958104	18.94456729446521	89.99580169958112	324.31198443874933	
4.150188956792054	136.70319146393626	-39.22553008682618	9.480975888386876	-39.225530086826055	-35.97529212123624	115.47437177820908	9.480975888386983	115.47437177820916	340.32514492116445	
4.205524809549281	154.09542190212548	-6.9943870837314535	0.8744997880340222	-6.994387083731297	-68.77568425209091	130.78270977698975	0.8744997880340932	130.7827097769898	376.4412178462886	
4.260860662306508	159.20646719443306	29.21377250359428	-7.851802605038692	29.21377250359446	-81.30351866593699	133.981194934538	-7.851802605038657	133.98119493453802	428.05146487243724	
4.316196515063736	150.42489439329455	61.333222903042476	-18.481102798234936	61.333222903042646	-73.98353985518685	125.90760807691036	-18.481102798234936	125.90760807691038	485.0389878164875	
4.371532367820963	126.77627291082315	84.3092288944709	-31.94967737936591	84.30922889447102	-56.229029107414846	109.64296576760728	-31.94967737936593	109.64296576760725	536.2330387690897	
4.426868220578191	90.96660043058586	95.84225967439184	-47.06208014640271	95.84225967439191	-39.8911191979106	89.28500703830142	-47.06208014640274	89.28500703830133	573.8405327354783	
4.482204073335418	51.70353932181396	94.91979088308952	-60.657829838915845	94.91979088308955	-31.465340888033538	68.70607614225456	-60.65782983891585	68.70607614225449	595.8622175877676	
4.537539926092645	22.72398232245655	80.49503542282191	-69.35490313453091	80.49503542282191	-27.54708748794374	51.03429486406577	-69.35490313453091	51.034294864065664	605.8568762850014	
4.592875778849873	19.656993315747854	50.09651599205039	-71.55965650009826	50.096515992050364	-13.540941354634597	39.025098587244024	-71.55965650009823	39.0250985872439	610.5202299482937	
4.6482116316071	53.81029800267993	3.610576280845173	-68.54171997965156	3.610576280845123	25.314392162839994	35.65829893269081	-68.54171997965149	35.65829893269065	616.419670360785	
4.703547484364328	126.0493476743459	-51.169678134454685	-63.87614512530369	-51.169678134454784	88.14038882987361	44.09870616071216	-63.876145125303616	44.098706160711934	627.0738515337534	
4.758883337121555	223.82508901412345	-94.76287095974274	-61.45368309449885	-94.76287095974297	148.06500270810704	66.72841042432987	-61.45368309449878	66.72841042432955	641.4694628550164	
4.8142191898787825	324.7447775315276	-100.76303621030385	-63.40431556300072	-100.76303621030416	159.8971181367802	103.71255475673107	-63.40431556300066	103.71255475673064	654.542460434237	
4.8695550426360095	406.12644716140056	-50.50669312890801	-69.00763843601791	-50.50669312890852	89.63477175911305	152.17153983356255	-69.00763843601788	152.171539833562	659.3722750590333	
4.924890895393237	455.8440684927902	49.93837287634631	-75.20156276758073	49.93837287634574	-51.154823625551444	206.5973433445375	-75.20156276758073	206.59734334453685	650.0314724284356	
4.980226748150464	477.161390038772	164.28356330099052	-78.32542248684202	164.28356330098995	-195.4087686926814	260.2085087248802	-78.32542248684207	260.2085087248795	623.6227561386211	
5.035562600907692	482.64838484147447	241.33829397747377	-76.0892862473195	241.33829397747257	-252.02169413730542	306.29445519390134	-76.08928624731966	306.2944551939007	580.6961112948941	
5.090898453664919	482.8947529508374	243.37937950501015	-68.6513679190131	243.37937950500907	-163.20416149690223	338.71239030389984	-68.65136791901334	338.7123903038994	524.3033484356887	
5.146234306422147	479.00018745770194	167.81365086533378	-58.352286689655834	167.81365086533265	54.90137812087937	351.72490525047357	-58.35228668965614	351.7249052504733	458.7664347265003	
5.201570159179374	465.37649047789847	46.29528057061293	-48.31097681246631	46.29528057061202	320.03863452439555	340.2312182262556	-48.310976812466635	340.2312182262555	388.84208104963506	
5.256906011936602	438.61277849157034	-76.10419884975448	-40.85353669675828	-76.10419884975548	533.8947286458867	301.33405897787657	-40.853536696758596	301.3340589778767	319.5535236610099	
5.312241864693829	402.6014822302427	-164.62757987907386	-36.63498522649037	-164.62757987907477	634.6881116232914	236.79586202654033	-36.634985226490635	236.79586202654065	256.1835285751828	
5.367577717451056	366.19949609261624	-205.92771860974378	-34.726058890783705	-205.92771860974452	617.9844255570217	154.70169164179265	-34.72605889078389	154.70169164179305	203.91219273972106	
5.422913570208284	336.35403685103074	-204.9411725670592	-33.352987370180536	-204.94117256705977	520.565387526413	68.4871188943895	-33.35298737018064	68.48711889438997	166.9056308746968	
5.4782494229655105	314.49417445938957	-175.59938702744014	-30.901829809280944	-175.59938702744063	388.6193100527969	-6.90515277309855	-30.901829809280997	-6.905152773098095	146.98825664230648	
5.533585275722738	298.2150181102572	-133.3352093327798	-26.866003980227454	-133.33520933278024	254.89245376301676	-60.08900569816826	-26.866003980227468	-60.08900569816783	142.61265308639298	
5.588921128479965	285.39867456232787	-91.44410014904116	-22.51379966689018	-91.44410014904149	133.30019573544317	-86.93944804833737	-22.51379966689015	-86.93944804833694	148.8735729407793	
5.644256981237193	276.2785878068591	-59.46057337385413	-20.95195207924217	-59.460573373854395	26.463931429789586	-91.05292050709235	-20.951952079242105	-91.05292050709195	158.96057931427708	
5.69959283399442	272.2163018088061	-41.992132284673964	-26.25444785283735	-41.99213228467414	-64.7332446540641	-81.08490914635482	-26.254447852837266	-81.08490914635443	166.66763479717852	
5.754928686751648	273.14383677530805	-38.09957282839579	-41.6130120581959	-38.099572828395885	-136.54995666033972	-66.58019609837493	-41.6130120581958	-66.58019609837451	169.0293147777673	
5.810264539508875	276.4304347918673	-41.57606829227891	-67.29818298873701	-41.57606829227886	-184.6926713959543	-54.463201768135455	-67.29818298873691	-54.463201768135	167.71644528107197	
5.865600392266103	278.49090624806934	-43.70208817449078	-99.63069382613973	-43.70208817449063	-207.12115936318128	-47.54716529098303	-99.63069382613968	-47.54716529098253	168.42241144124142	
5.92093624502333	277.3607471309269	-36.83157328242552	-131.92167365379046	-36.83157328242527	-206.26623245788326	-45.10926541710069	-131.92167365379046	-45.10926541710015	178.26886616880975	
5.976272097780558	273.3159169374299	-16.50465271418169	-157.2469035320828	-16.504652714181425	-190.22230842003995	-44.52857504158335	-157.2469035320829	-44.528575041582805	202.2759128653297	
6.031607950537785	268.3008551742057	15.743518421037109	-171.55032286588303	15.743518421037336	-167.30965452360905	-42.87715358150946	-171.55032286588317	-42.87715358150899	240.50645366130973	
6.0869438032950125	263.52179621564335	53.24161503667771	-175.30708156441437	53.24161503667782	-142.40702775395846	-37.973225955673115	-175.3070815644146	-37.973225955672774	287.40377424006	
6.1422796560522395	258.2523428625646	86.82698831759349	-172.7703704483715	86.8269883175935	-114.61218635612548	-28.86968085539665	-172.77037044837175	-28.869680855396474	333.7088972800584	
6.197615508809466	250.09371849701262	108.7174581314953	-169.19700765822355	108.71745813149528	-77.71815417782628	-16.01025912193778	-169.19700765822378	-16.010259121937786	370.0496022027806	
6.252951361566694	237.0501293478981	115.80036016358278	-167.96390547388137	115.80036016358278	-23.830040728165734	-1.0727205957733574	-167.96390547388148	-1.0727205957735122	390.5564985311568	
6.308287214323921	218.67093244890174	110.67607260011586	-169.19496690145505	110.67607260011592	53.095916133268986	13.684392801430374	-169.19496690145508	13.684392801430128	394.7727634315378	
6.363623067081149	195.54117420491187	100.31210704109455	-170.39044675424444	100.31210704109479	154.00488774180383	26.446150063353	-170.39044675424438	26.446150063352697	387.1414420361045	
6.418958919838376	168.1101397648389	92.48727510374171	-168.24336008604496	92.4872751037422	273.5153889009195	36.69217735192302	-168.24336008604485	36.6921773519227	374.5528703473742	
6.474294772595604	135.46016808953294	92.1580128139226	-160.31718136759235	92.15801281392335	400.2400659220509	45.30634016329763	-160.31718136759218	45.3063401632973	363.2695778927435	
6.529630625352831	96.88067071820035	99.34419411057141	-145.76637499804352	99.34419411057243	518.4802350046092	53.86839462669104	-145.76637499804343	53.8683946266907	356.6110841938546	
6.584966478110059	53.91834039568478	109.55189154966638	-125.16561901125431	109.55189154966756	611.0315837662197	63.539750555283604	-125.16561901125431	63.53975055528325	354.32719733252054	
6.640302330867286	11.842853092775721	116.20916736095678	-99.98552319153657	116.20916736095795	663.0279012562962	74.32998825629889	-99.98552319153669	74.32998825629855	353.53589442577254	
6.695638183624514	-21.28665235345555	113.67089522394787	-72.23365198850107	113.67089522394895	666.1515236773191	85.1921143351084	-72.23365198850128	85.1921143351081	350.6056962377897	
6.7509740363817405	-38.05946600613845	99.04401831822553	-44.328736325315575	99.04401831822639	621.5708182434889	94.79919994577835	-44.32873632531589	94.79919994577818	342.9524622825363	
6.806309889138968	-35.198980815254885	72.83721141241662	-19.02490689976639	72.83721141241722	540.203864263492	102.4227705196983	-19.024906899766748	102.42277051969829	329.9756155090115	
6.861645741896195	-15.143642295429515	38.20547785937167	0.8832507680233359	38.205477859372024	439.70237481578977	108.3857377405002	0.8832507680229948	108.38573774050033	312.96616560126216	
6.916981594653423	15.51836854191167	0.054888069522768035	13.084710843621561	0.05488806952296699	339.4933928439524	113.86824008833155	13.084710843621304	113.86824008833187	294.27099004690314	
6.97231744741065	49.25956704560417	-35.774491294988444	16.38134356403275	-35.77449129498825	255.61751816356767	120.2947229049066	16.381343564032612	120.29472290490709	276.434121312037	
7.027653300167878	80.66146287459425	-63.2417828865331	11.190334573531375	-63.241782886532754	196.81905696098062	128.76816216439184	11.190334573531358	128.76816216439246	261.77413445369103	
7.082989152925105	106.91347800922466	-77.07847791602961	-0.313480873803317	-77.07847791602906	162.6631138363422	139.8624851685302	-0.31348087380322465	139.86248516853104	252.4064632012182	
7.138325005682332	126.63202555337887	-74.08850391141863	-14.554120792473924	-74.08850391141786	144.56692947905296	153.7434780135087	-14.554120792473746	153.74347801350967	250.3105824901605	
7.19366085843956	137.85293798394704	-54.352525829200204	-27.365490040322882	-54.352525829199266	129.55438769410378	170.29123988813853	-27.36549004032264	170.29123988813964	257.0258933836464	
7.248996711196787	137.79925387369062	-21.685159376519756	-35.03794557606808	-21.6851593765187	106.0355693757875	188.945325677234	-35.037945576067806	188.9453256772351	272.8641524977141	
7.304332563954015	124.31071008066456	17.439099323609035	-35.25744862290278	17.439099323610115	69.41372860656334	208.33066195390376	-35.257448622902466	208.3306619539048	296.1890985244768	
7.359668416711242	98.27321570803716	55.84043450699772	-27.643740640418613	55.840434506998754	24.512372804526095	226.04194962218483	-27.643740640418272	226.04194962218574	323.3968053374602	
7.4150042694684695	65.0345518336008	87.80233291804639	-13.764196327072574	87.80233291804728	-16.597316857004287	239.00813592759226	-13.76419632707222	239.008135927593	349.85467150245955	
7.470340122225696	33.64708176697525	110.17339632098295	3.2640504846552565	110.1733963209837	-40.72287049019508	244.52946344774767	3.264050484655588	244.52946344774824	371.4571679682508	
7.525675974982924	13.967523405483618	122.28556189016106	19.380791582087596	122.28556189016172	-40.41078820477688	241.54422539360274	19.380791582087852	241.54422539360317	385.95575480657783	
7.581011827740151	13.295029732368107	124.96974328139646	30.392372303550758	124.96974328139707	-17.946647635444492	231.40621400183824	30.392372303550893	231.40621400183846	393.26666594758296	
7.636347680497379	33.73843813475555	119.56437927406063	32.98438974347023	119.56437927406128	16.269464053964015	217.60550470237524	32.9843897434702	217.60550470237538	394.57745979971503	
7.691683533254606	71.93326329625503	107.54150591667852	25.845873839823813	107.54150591667931	49.280781975781736	204.38761781068283	25.84587383982361	204.38761781068288	390.87258166926347	
7.747019386011834	120.59320045440248	90.50772804776645	10.423549740927351	90.50772804776744	72.32878506049822	194.9260964605292	10.423549740926987	194.92609646052924	381.9085172602836	
7.802355238769061	171.40671628881074	70.6708575118307	-9.281313819946778	70.6708575118319	84.25390406473403	189.9842129966521	-9.281313819947263	189.98421299665205	366.36795954406955	
7.857691091526289	218.21905229144727	50.73313871900846	-28.035630764376705	50.7331387190098	90.74526343294224	187.80945587522277	-28.035630764377263	187.80945587522262	343.13101735152713	
7.913026944283516	258.4932343552749	33.61476303961796	-41.29064169731116	33.61476303961938	99.9992436993866	185.30978319739788	-41.29064169731175	185.3097831973977	312.8163803047839	
7.968362797040744	292.6412099133491	21.64720647004978	-46.7576876376681	21.647206470051188	118.25004755217321	179.86492298195998	-46.75768763766865	179.86492298195972	278.54388745688965	
8.02369864979797	321.0801854263824	15.738614836300506	-44.93673248563771	15.738614836301814	146.60048729478115	170.7172592812048	-44.93673248563822	170.7172592812044	245.3906058653366	
8.079034502555198	340.74173796492	14.814416972988504	-38.487203001846694	14.81441697298973	180.01125821578023	159.20424884112776	-38.48720300184713	159.20424884112725	218.75889404095255	
8.134370355312425	344.3780268532912	15.859809575804086	-30.919891832145005	15.859809575805237	208.32824433711096	147.76102424825348	-30.9198918321453	147.76102424825285	202.5064521697271	
8.189706208069653	323.00995146618243	14.714377037776512	-25.282914482320418	14.71437703777763	218.99052438286552	138.40459326151193	-25.282914482320546	138.40459326151125	197.7058285543451	
8.24504206082688	271.13669416850826	7.715318527200019	-23.335723420839	7.715318527201141	201.53034645750697	131.6169134098531	-23.335723420838885	131.61691340985234	202.52922240021712	
8.300377913584107	191.07050504149606	-6.713172890919857	-25.44956217538168	-6.713172890918742	152.00381765957133	126.28916439924858	-25.449562175381285	126.28916439924777	213.2076395563942	
8.355713766341335	93.98355215123794	-27.239596275925138	-31.162411010060133	-27.239596275924036	76.19230390117667	120.66971574791877	-31.162411010059436	120.66971574791789	225.49185560698785	
8.411049619098563	-3.299517251761216	-50.18439690929385	-39.956933957794845	-50.18439690929283	-11.148701486686079	113.59600147556372	-39.95693395779389	113.59600147556277	235.91790852997633	
8.466385471855789	-83.98398367428206	-71.35206132212896	-51.69509029833566	-71.35206132212805	-90.79489319597317	105.24869207472682	-51.695090298334534	105.2486920747258	242.35415902017866	
8.521721324613017	-136.7675298002717	-88.07967619777622	-66.32114931049931	-88.07967619777546	-145.8810275314526	96.97243323001382	-66.32114931049813	96.97243323001271	243.8272019487689	
8.577057177370245	-158.205721764941	-100.30442800363056	-82.98008959073914	-100.30442800363	-167.64482768750247	90.41643732861435	-82.98008959073807	90.4164373286132	240.13717832183983	
8.632393030127472	-151.9543160127508	-110.12947429819289	-99.27279559652372	-110.12947429819255	-157.25662335925733	86.56595351954886	-99.2727955965229	86.56595351954765	231.8053832530121	
8.687728882884699	-125.29122886287574	-120.46803401089828	-111.33458702316887	-120.46803401089814	-123.68693937182597	85.18421122114567	-111.33458702316835	85.18421122114442	220.36792020632154	
8.743064735641926	-85.30184418745793	-133.68115131521733	-114.9369921199399	-133.6811513152174	-78.86839182131786	84.91663967442628	-114.9369921199397	84.91663967442504	208.55047326961483	
8.798400588399154	-36.63848931926867	-150.9013327664386	-107.1321163687519	-150.90133276643877	-33.379821038484806	83.87867477276353	-107.13211636875197	83.87867477276232	199.80305629262753	
8.853736441156382	18.777065924177414	-172.1300451094359	-87.67923434062493	-172.1300451094361	6.13601909313177	80.41722247501369	-87.67923434062519	80.41722247501258	197.13206811650906	
8.909072293913608	80.0615838720031	-196.6463878079716	-59.59938873391124	-196.64638780797173	37.69979282282494	73.73253529424261	-59.599388733911525	73.73253529424164	201.9109811679936	
8.964408146670836	144.8829078800655	-223.028741170334	-28.60064026022067	-223.02874117033411	63.60236648713779	64.19798010311109	-28.60064026022087	64.19798010311031	213.4139134390017	
9.019743999428064	207.36951795372107	-249.16559948475623	-1.4727807241152	-249.16559948475617	89.08552722798106	53.3249301829387	-1.4727807241152568	53.32493018293808	229.30238695220825	
9.07507985218529	257.9042788160578	-272.1761193890202	16.11334559554852	-272.1761193890201	119.51685730846204	43.35813025730081	16.11334559554866	43.35813025730029	246.58728688779564	
9.130415704942518	285.5750641946575	-288.43512487131557	21.61453421482389	-288.4351248713153	157.2853454587053	36.53327833756764	21.61453421482421	36.53327833756717	262.4268731358669	
9.185751557699746	282.40439090072255	-294.18524223711273	16.578961474251543	-294.18524223711256	199.90018224301076	34.1457970011246	16.578961474252008	34.14579700112411	274.4656048988876	
9.241087410456974	246.7777684922062	-286.14501820108	6.0275640614931065	-286.14501820107995	240.8976862653385	35.80550145768132	6.027564061493661	35.805501457680805	280.9244188400172	
9.2964232632142	184.1689475055564	-262.6070878592965	-3.5998018330395922	-262.60708785929666	273.908266614737	39.25034513755936	-3.599801833038992	39.25034513755884	280.7233810394797	
9.351759115971428	104.54699442861936	-223.9534616833082	-6.981343811342985	-223.95346168330877	295.7570234284416	40.95829925703956	-6.981343811342374	40.95829925703912	273.68555219474285	
9.407094968728655	18.406854476523762	-172.8513563962785	-1.7137275246790473	-172.85135639627947	307.2837146299651	37.35971220517313	-1.7137275246784114	37.35971220517284	260.6067788066375	
9.462430821485883	-65.81607510581412	-113.70059951909849	11.36738355584525	-113.70059951909982	310.6449123588582	26.147433573451472	11.367383555845914	26.14743357345139	243.00102577332913	
9.51776667424311	-142.26204475892382	-52.1022539226081	29.253472680195216	-52.10225392260972	306.3934163665656	7.1268477961040695	29.25347268019592	7.12684779610419	222.6386400245878	
9.573102527000337	-205.88589998785207	5.669857744875635	48.37952363619312	5.669857744873823	292.8783167513546	-17.692750956238015	48.379523636193845	-17.692750956237745	201.1217366033031	
9.628438379757565	-250.87702180265862	53.21026603541282	65.88479185497181	53.210266035411	268.5305100074239	-44.65110670579595	65.88479185497252	-44.65110670579562	179.66763099635443	
9.683774232514793	-270.8029658440001	85.05620290130064	80.11407735743046	85.05620290129897	234.92356358401474	-69.34677542446967	80.11407735743114	-69.3467754244694	159.05867934856477	
