# Stress in units of bar (10^5 Pa)
# z	Sxx	Sxy	Sxz	Syx	Syy	Syz	Szx	Szy	Szz
0.0	-147.36719339402939	25.80930440363855	75.30927720982197	25.809304403637483	216.19298515931817	-50.117463287101586	75.30927720982262	-50.11746328710154	151.66479495315815	
0.05533585275722738	-148.45795286271016	39.4613824862077	83.34600307602267	39.461382486206716	204.26636495649973	-55.901139899391566	83.3460030760233	-55.90113989939154	138.65447824471173	
0.11067170551445477	-144.65424296860843	48.890906470832476	90.62922868781804	48.890906470831574	193.0660087179425	-59.176653833260474	90.62922868781865	-59.17665383326047	127.52064993205909	
0.16600755827168215	-138.60715410875812	54.993304276605144	97.17373886597416	54.99330427660435	182.88154252680442	-59.96081947038704	97.17373886597476	-59.96081947038705	118.73879860842618	
0.22134341102890953	-133.13277618897553	58.828727002231275	103.04593914968757	58.82872700223054	173.57294094057298	-58.482051077063524	103.04593914968811	-58.48205107706358	112.61831801115693	
0.27667926378613694	-130.6819733938379	61.341604429890666	108.3303554694841	61.341604429890054	164.50470337078653	-55.09280969306467	108.3303554694846	-55.092809693064765	109.28708280301097	
0.3320151165433643	-133.01396720688157	63.28182684261712	113.0652482913755	63.28182684261657	154.69883810142926	-50.153586980369276	113.06524829137588	-50.15358698036945	108.65913091017438	
0.38735096930059165	-141.13513364499352	65.07421543956917	117.21011927827628	65.07421543956869	142.94465920423903	-43.93776866743574	117.21011927827662	-43.93776866743596	110.43653766554479	
0.44268682205781906	-155.13036756279982	66.85547955645904	120.68324972251153	66.85547955645866	127.98099805574098	-36.58404477245936	120.68324972251175	-36.584044772459656	114.14301066158643	
0.4980226748150465	-174.45624773932076	68.53712900948369	123.3753675343296	68.53712900948338	108.57366188123248	-28.093794390037345	123.3753675343297	-28.093794390037736	119.15502144401334	
0.5533585275722739	-198.0254631233692	69.9572962311932	125.21197274780778	69.95729623119298	83.73529350461779	-18.409622996946165	125.21197274780776	-18.409622996946638	124.7994906457811	
0.6086943803295012	-224.39602398816007	70.93725221516316	126.21501269116375	70.93725221516303	52.758532452812005	-7.516652125392073	126.21501269116365	-7.5166521253926275	130.4739004975963	
0.6640302330867286	-251.95842865168217	71.38309037986355	126.53979725308372	71.38309037986355	15.562520442511925	4.443078845514023	126.53979725308352	4.443078845513391	135.74148023361136	
0.719366085843956	-279.04018012256574	71.22783506877465	126.45145851570433	71.2278350687748	-27.355080614089452	17.091786585801334	126.4514585157041	17.09178658580063	140.40979379130786	
0.7747019386011833	-303.7685936441694	70.42101266587237	126.27857913822425	70.4210126658726	-74.68526834725705	29.785865690970716	126.27857913822398	29.785865690969967	144.57155934730383	
0.8300377913584107	-324.39148142400444	68.86347912147059	126.32152571187913	68.86347912147089	-124.38766797348119	41.65951701856113	126.32152571187888	41.65951701856034	148.6040538751411	
0.8853736441156381	-339.03151746931326	66.34404761800425	126.76159359295151	66.34404761800461	-173.82920725581204	51.7304562354852	126.7615935929513	51.73045623548438	153.10949825819424	
0.9407094968728655	-345.92070351301027	62.51608029535867	127.59156863366061	62.51608029535904	-219.86732829950225	59.053982264478094	127.59156863366047	59.05398226447727	158.8246099586133	
0.996045349630093	-343.52841325475225	57.03622808836194	128.56371213830573	57.03622808836225	-259.28530055112316	62.88007003679779	128.56371213830562	62.88007003679695	166.46573398308922	
1.0513812023873204	-330.9237748316027	49.527584923519285	129.208221666738	49.52758492351953	-289.0681091758334	62.820346614558716	129.20822166673798	62.82034661455788	176.57427466162395	
1.1067170551445478	-307.6098852669321	39.824097658772146	128.9082979448991	39.82409765877233	-306.8163660202833	58.926191680303695	128.90829794489915	58.926191680302885	189.4078715447073	
1.162052907901775	-273.8214538019492	27.970738146668268	127.00520843561719	27.97073814666831	-310.7174185908321	51.69267743680187	127.0052084356173	51.69267743680108	204.8430828943958	
1.2173887606590024	-230.5572079076457	14.412809206763178	122.92129769184041	14.412809206763097	-300.0318099319159	41.966262751450884	122.92129769184055	41.96626275145012	222.40124474392488	
1.2727246134162298	-179.18168417553255	-0.09195235592883932	116.27490441338605	-0.09195235592900985	-274.6040176857787	30.838546416702144	116.27490441338621	30.83854641670139	241.32370384585977	
1.3280604661734572	-121.27171367774828	-14.529424375093093	106.97285864187566	-14.52942437509332	-235.00215313382526	19.422815665889544	106.97285864187579	19.422815665888834	260.7042220906963	
1.3833963189306846	-58.4890583031744	-27.71303551991348	95.23832140415429	-27.713035519913774	-182.28451857062421	8.687826946814992	95.23832140415439	8.687826946814319	279.6615442005189	
1.438732171687912	7.823966858978665	-38.45708767345054	81.5848108019797	-38.45708767345084	-117.87340607294055	-0.7133772880624747	81.58481080197974	-0.7133772880630964	297.49835497661286	
1.4940680244451394	76.68815186312185	-45.729455897851864	66.7406389170692	-45.72945589785214	-43.41809394639175	-8.503543621818386	66.74063891706918	-8.503543621818956	313.7924685924626	
1.5494038772023666	147.47414056828512	-48.871441860257036	51.53670955853152	-48.87144186025729	39.37701448267083	-14.762940916651289	51.53670955853144	-14.762940916651814	328.42092553771187	
1.604739729959594	219.66490771084287	-47.661430492088876	36.783046827651944	-47.66143049208913	128.4775030316305	-19.84464784556317	36.7830468276518	-19.844647845563653	341.4896935511666	
1.6600755827168214	292.72918263811175	-42.34536342143664	23.141247748398996	-42.34536342143683	221.59529432352963	-24.200496362708087	23.14124774839882	-24.200496362708527	353.1817486197085	
1.7154114354740488	365.7555654708068	-33.61714811320857	11.037222635883932	-33.61714811320878	316.0566383183321	-28.19218254875994	11.03722263588373	-28.192182548760325	363.6053191216323	
1.7707472882312763	437.37624386333874	-22.546925000625553	0.6154187138591141	-22.54692500062571	408.82935957148015	-31.96361466218757	0.6154187138588938	-31.963614662187922	372.61267170790916	
1.8260831409885037	505.61108394954636	-10.309459517405426	-8.238103582364733	-10.309459517405575	496.48840840704776	-35.381547781443416	-8.238103582364957	-35.38154778144378	379.7030092610256	
1.881418993745731	568.0136538912262	1.8350665461715465	-15.797863945794754	1.8350665461713973	575.277457154913	-38.04783807056074	-15.797863945794983	-38.0478380705611	384.0163992706789	
1.9367548465029585	621.7729800348193	12.750621664055375	-22.397115096912867	12.750621664055274	641.4979783307629	-39.402595004888184	-22.397115096913076	-39.402595004888525	384.4172432450213	
1.992090699260186	664.0882144124726	21.521648647375685	-28.307055029664227	21.52164864737558	691.6944064236105	-38.86716155990173	-28.307055029664443	-38.86716155990209	379.6784810727822	
2.0474265520174133	692.4252759934116	27.47360386948774	-33.63503154338268	27.473603869487643	723.0796670668511	-36.03583838402159	-33.63503154338288	-36.03583838402194	368.7421171139757	
2.1027624047746407	704.8835749603155	30.175355693490754	-38.28074000883302	30.17535569349071	733.7586368608831	-30.798049369630313	-38.28074000883325	-30.798049369630668	350.9810848542652	
2.158098257531868	700.3322997160712	29.46404647517536	-41.95011609442695	29.464046475175337	723.163617594782	-23.39766427009308	-41.95011609442719	-23.39766427009345	326.4174912603087	
2.2134341102890955	678.6528218560761	25.441301202418003	-44.220787013996954	25.44130120241799	691.9376387571831	-14.42176893545781	-44.22078701399721	-14.421768935458168	295.8444122581651	
2.2687699630463225	640.8080590648897	18.45893879066817	-44.658453497028674	18.458938790668142	642.2474591199716	-4.711910686041218	-44.658453497028944	-4.711910686041566	260.8254459143931	
2.32410581580355	588.7493534770483	9.101353184697402	-42.908293566949084	9.101353184697423	577.3435296857044	4.739918556227167	-42.908293566949375	4.739918556226819	223.5184578760103	
2.3794416685607773	525.259100508256	-1.761388518973476	-38.78908857392091	-1.7613885189734333	501.6613477755136	12.871784938513304	-38.78908857392122	12.87178493851297	186.37234490012486	
2.4347775213180047	453.83715435019013	-13.171991231569487	-32.33200480955698	-13.171991231569425	420.2039613464916	18.676696588994922	-32.332004809557276	18.676696588994638	151.76851891709657	
2.490113374075232	378.36295193572766	-24.10493331799908	-23.808508325391223	-24.104933317999016	338.2087415902679	21.280495107319624	-23.80850832539153	21.280495107319375	121.64322552478443	
2.5454492268324596	302.6473904332953	-33.60778532741912	-13.696090416425434	-33.607785327419066	260.7190405991854	20.001613291764734	-13.69609041642573	20.00161329176453	97.20458695365733	
2.600785079589687	230.16631622588804	-40.98953552058282	-2.5939864779807618	-40.98953552058273	192.05751744475901	14.447171236320067	-2.5939864779810424	14.447171236319889	78.80790939591624	
2.6561209323469144	163.70141162136588	-45.82164001552057	8.81812187553502	-45.8216400155205	135.42775128770555	4.593491932823557	8.818121875534775	4.5934919328234365	65.9815922515081	
2.711456785104142	104.98323856629263	-47.98774966413105	19.858543193556336	-47.987749664131	92.60507680487969	-9.124714112005902	19.85854319355611	-9.124714112005988	57.59815956299148	
2.766792637861369	54.766027684720825	-47.627386297837724	29.915663877973742	-47.62738629783766	63.84526284229608	-25.773474777229364	29.915663877973547	-25.77347477722942	52.197841965771964	
2.8221284906185966	12.741571836034481	-45.06419396100023	38.47623155965919	-45.06419396100017	47.88396929809197	-43.96281467567752	38.476231559659034	-43.96281467567755	48.300469465007	
2.877464343375824	-22.197798571269054	-40.61517772112457	45.15983102939926	-40.61517772112451	42.32649156353397	-61.94623355009098	45.15983102939912	-61.946233550091	44.7385921880328	
2.9328001961330514	-51.61856704220446	-34.68035336971403	49.73410335144328	-34.680353369714005	43.906419590286404	-77.84532370149945	49.73410335144319	-77.84532370149944	40.88891606426173	
2.988136048890279	-77.0945854408996	-27.5755036747902	52.12725595923313	-27.57550367479019	49.046169771114165	-89.91616926759662	52.127255959233054	-89.9161692675966	36.80331797634993	
3.0434719016475063	-100.06015711625949	-19.592980097252052	52.39603216593066	-19.592980097252035	54.4239721083908	-96.80927633969645	52.396032165930606	-96.8092763396964	33.20146516305899	
3.098807754404733	-121.32447292254263	-11.075019615994458	50.726776087694084	-11.075019615994483	57.24470390932233	-97.79576557238028	50.726776087694056	-97.79576557238025	31.28071112463708	
3.1541436071619606	-141.2560429496123	-2.334619690851528	47.397742808017945	-2.334619690851552	55.7342318302656	-92.87516271546659	47.397742808017924	-92.87516271546653	32.43352925494132	
3.209479459919188	-159.75167623646695	6.27055326850429	42.761181820753336	6.270553268504248	48.99514816426324	-82.777010659371	42.761181820753315	-82.77701065937096	37.94745933192353	
3.2648153126764154	-176.321757925182	14.375530188936256	37.209138163305695	14.375530188936203	37.35184419161693	-68.7937261023618	37.2091381633057	-68.79372610236175	48.72982115111572	
3.320151165433643	-190.28672539621783	21.667956884474222	31.182230198003534	21.667956884474144	21.911862732322227	-52.572332108981975	31.182230198003555	-52.57233210898192	65.08032305929869	
3.3754870181908703	-201.06559170064264	27.86514835479433	25.163581769122096	27.86514835479424	4.588700444987365	-35.82382444927815	25.163581769122114	-35.823824449278106	86.60616651478038	
3.4308228709480977	-208.14058325722658	32.77710038866828	19.627855948502162	32.77710038866819	-12.505928073184975	-20.06644981728734	19.627855948502194	-20.066449817287282	112.31872109231107	
3.486158723705325	-210.86760956648956	36.14516024732919	15.007689522101717	36.145160247329095	-27.064369737979874	-6.406430135485294	15.007689522101758	-6.406430135485213	140.78341544134588	
3.5414945764625525	-208.90820929132292	37.83358999636357	11.645151271468468	37.83358999636347	-37.444193319810545	4.547646844118052	11.64515127146852	4.547646844118129	170.3820148380101	
3.59683042921978	-201.83065386807976	37.69490852862716	9.718493761004114	37.69490852862706	-42.53936163523113	12.76379201783474	9.718493761004165	12.763792017834813	199.56265065714146	
3.6521662819770073	-189.28459546432805	35.655144150782505	9.205119878327757	35.655144150782405	-42.24945399448341	18.700838326838173	9.205119878327801	18.700838326838255	227.06003108185834	
3.7075021347342347	-171.1875593935534	31.767728691053215	9.864406833279315	31.767728691053126	-37.28726664891888	23.174040133810358	9.864406833279368	23.174040133810443	252.04829452806936	
3.762837987491462	-147.7401684300172	26.325640553590006	11.272041804629023	26.325640553589942	-29.203417222207626	27.172174202013714	11.272041804629069	27.172174202013807	274.1978306104163	
3.8181738402486896	-119.66296328674345	19.817827301461655	12.877420799582536	19.817827301461605	-19.939032607566915	31.62166071546916	12.877420799582586	31.621660715469243	293.65473518925995	
3.873509693005917	-88.06934851466734	13.082806204723198	14.088290188777751	13.08280620472317	-11.382595738870613	37.20751926620399	14.088290188777801	37.20751926620407	311.0045351583686	
3.9288455457631444	-54.712090395049	7.318726218988811	14.369045635044685	7.318726218988793	-5.634754086338063	44.21328867896416	14.369045635044733	44.21328867896424	327.1706018939293	
3.984181398520372	-21.421513362485605	3.372157937183907	13.320743395116956	3.372157937183914	-3.368106008213502	52.472525671169905	13.320743395117018	52.47252567116998	343.22920878167946	
4.039517251277599	9.997994849215734	1.7617029955349217	10.732022582875336	1.761702995534943	-4.167644617813449	61.41809100064738	10.73202258287539	61.41809100064744	360.2467014316574	
4.094853104034827	37.68862452394558	3.1051760726678888	6.560206667362001	3.105176072667928	-7.953461839471771	70.2223235614609	6.560206667362061	70.22232356146094	379.0887247467999	
4.150188956792054	60.43032710124666	7.1500401601163475	0.9331989499128568	7.150040160116404	-13.276775298133458	77.9861127202036	0.9331989499129154	77.98611272020364	400.23964939853664	
4.205524809549281	77.71661490024736	13.202350789717585	-5.867035282293628	13.202350789717642	-18.63907060379878	83.92661009322453	-5.867035282293568	83.92661009322453	423.71940450962035	
4.260860662306508	89.9048579514633	20.078918049977073	-13.497638454526244	20.078918049977148	-22.610346169369564	87.57951773890191	-13.497638454526195	87.57951773890194	449.0654888408515	
4.316196515063736	98.07240462958447	26.48408329882957	-21.540147968590414	26.484083298829624	-24.083891512369675	88.95621821295886	-21.54014796859037	88.95621821295885	475.4009982735431	
4.371532367820963	104.09297945388784	31.22154243293353	-29.57754240870302	31.221542432933564	-22.503675043348792	88.55009107284846	-29.57754240870299	88.55009107284842	501.62632495508416	
4.426868220578191	110.31635886654122	33.45394567548094	-37.23355005561772	33.45394567548093	-17.87429413917809	87.29307417950598	-37.23355005561769	87.29307417950591	526.5974413344968	
4.482204073335418	119.07875133875135	33.0191781712849	-44.18897549335622	33.01917817128484	-10.793267328549305	86.43373272913959	-44.18897549335618	86.43373272913949	549.2660595550808	
4.537539926092645	132.56117831470675	30.463734861403996	-50.21117586672683	30.463734861403907	-2.3708493321910993	87.3314059870033	-50.21117586672682	87.33140598700314	568.7636692565518	
4.592875778849873	152.0839393269115	26.944882263343153	-55.18671021236519	26.94488226334296	6.070301493560862	91.23899600327627	-55.186710212365156	91.23899600327607	584.414268059211	
4.6482116316071	178.15489012053902	24.01387903678431	-59.09886108147931	24.013879036784083	13.325407997850576	99.11803410733093	-59.0988610814793	99.11803410733069	595.6586891842312	
4.703547484364328	209.99778027222402	23.12660552041598	-62.00501037581181	23.126605520415666	18.75162009440247	111.40310292370538	-62.0050103758118	111.4031029237051	601.9904857987035	
4.758883337121555	245.87813030935584	25.160666205132447	-63.97159406998308	25.16066620513216	22.590869766489917	127.88487567801798	-63.971594069983055	127.88487567801768	602.8756282910957	
4.8142191898787825	283.39760775579407	30.09126181863087	-65.07208511372538	30.091261818630286	26.260906955211546	147.66940093239305	-65.0720851137254	147.66940093239273	597.7650950564434	
4.8695550426360095	319.74631452490297	36.76733923674968	-65.35629807228655	36.76733923674908	32.2119218260338	169.19457959720233	-65.35629807228659	169.19457959720197	586.1790065489754	
4.924890895393237	352.2848740371126	43.145555356458146	-64.82581118894866	43.14555535645758	43.382473018739574	190.36910029237617	-64.82581118894872	190.3691002923758	567.8234505011702	
4.980226748150464	378.8968934974606	46.71434225251727	-63.48241457362093	46.7143422525167	62.44870477470863	208.7951701706276	-63.482414573621014	208.79517017062727	542.7637763355457	
5.035562600907692	398.1545973838443	45.13676233133856	-61.35469462875945	45.13676233133802	90.65641756543948	222.0754768305547	-61.35469462875956	222.07547683055438	511.5107279709622	
5.090898453664919	409.5100026328382	36.99478500794207	-58.53425440512987	36.99478500794142	127.34783136818456	228.16157124903197	-58.53425440513	228.16157124903174	475.0930390846537	
5.146234306422147	413.1842234746406	22.15471939693873	-55.188802107343136	22.154719396937992	169.34592770414326	225.64516413361736	-55.18880210734328	225.6451641336172	435.0122487439271	
5.201570159179374	409.9692404828909	1.9373296940964337	-51.55787916620234	1.937329694095638	211.57131481675697	214.0111237390079	-51.55787916620249	214.01112373900781	393.1375097372544	
5.256906011936602	401.18859924870685	-21.194728979523028	-47.94496311691542	-21.19472897952369	247.92392773341825	193.7502715102709	-47.94496311691556	193.7502715102709	351.4911054315121	
5.312241864693829	388.3556987582842	-44.21820243986387	-44.689949103023395	-44.21820243986442	272.4832133125559	166.3173830295861	-44.68994910302352	166.31738302958627	312.0427394905471	
5.367577717451056	373.0413634927006	-64.22112928221506	-42.171630960250916	-64.2211292822156	280.91074329473565	133.93938684509058	-42.17163096025103	133.93938684509078	276.50402807608515	
5.422913570208284	356.74285982620484	-78.99527039261787	-40.78342332706996	-78.99527039261841	271.1747864748087	99.2929113704594	-40.78342332707006	99.29291137045965	246.16790104318923	
5.4782494229655105	340.6948527224853	-87.39148096926021	-40.921806129305445	-87.39148096926066	243.97914339155622	65.11977168261447	-40.92180612930551	65.11977168261478	221.81971408195085	
5.533585275722738	325.83340793655975	-89.32995108016729	-42.939274090483835	-89.32995108016758	202.32777943556422	33.81895232508208	-42.939274090483885	33.818952325082414	203.74397397688858	
5.588921128479965	312.7851559141303	-85.60105180328719	-47.13026700418255	-85.60105180328745	150.99785594021728	7.176798110994781	-47.13026700418257	7.176798110995186	191.82991538880242	
5.644256981237193	301.76173743551715	-77.45625937194258	-53.66927016296207	-77.45625937194278	95.38809225567263	-13.791287177330233	-53.669270162962064	-13.791287177329814	185.69852484080042	
5.69959283399442	292.7945993439147	-66.2081432243433	-62.520833472449155	-66.20814322434349	40.861747272185305	-28.828445951781745	-62.52083347244914	-28.828445951781326	184.84718738494877	
5.754928686751648	285.4777040292509	-52.98550821476997	-73.41436195372644	-52.98550821477006	-7.9700324028339224	-38.31209179231196	-73.41436195372643	-38.31209179231155	188.7611405867426	
5.810264539508875	279.4420527979364	-38.54879819933631	-85.84399847070647	-38.54879819933636	-47.635995531267966	-43.01626686110838	-85.84399847070645	-43.016266861107965	196.95743540010238	
5.865600392266103	274.06471249696915	-23.365086850606986	-99.10012230374988	-23.365086850606986	-75.80357579032768	-43.88425403032719	-99.10012230374988	-43.88425403032679	208.95656436085417	
5.92093624502333	268.71572883118193	-7.69263782526626	-112.35374358660256	-7.6926378252662175	-91.25446363733147	-41.824679925066825	-112.3537435866026	-41.82467992506645	224.19604764123835	
5.976272097780558	262.8374490593144	8.191726676055852	-124.77027139458463	8.191726676055907	-93.54840980140222	-37.58240648293247	-124.77027139458468	-37.58240648293214	241.94916512026026	
6.031607950537785	255.7717086514802	23.957117395227634	-135.62271229327186	23.957117395227726	-82.81274108154888	-31.717715928871236	-135.6227122932719	-31.717715928870966	261.28496565059874	
6.0869438032950125	247.05718135350156	39.1514533332091	-144.34965055449788	39.151453333209226	-59.60784745378541	-24.599480997285806	-144.34965055449794	-24.5994809972856	281.10272637730407	
6.1422796560522395	236.27242627420478	53.18262226864443	-150.5831686433779	53.18262226864459	-24.69926174519594	-16.480834592343694	-150.58316864337797	-16.480834592343566	300.1986959894097	
6.197615508809466	223.12091005233032	65.38437715540874	-154.12536809061527	65.38437715540894	20.9858651020067	-7.556485102918236	-154.12536809061532	-7.556485102918171	317.42768041676993	
6.252951361566694	207.36152423047497	75.59382886704618	-154.9066132643456	75.59382886704645	75.31573210204219	1.9891279496267986	-154.90661326434565	1.989127949626787	331.86583137821316	
6.308287214323921	188.94995710434083	83.6252519740336	-152.92747463095137	83.62525197403396	135.7855396205	11.97354963078563	-152.9274746309514	11.973549630785556	342.9200725457499	
6.363623067081149	168.42159677146955	89.05674592568822	-148.2166472858469	89.05674592568862	200.14664203389634	22.20392060290911	-148.21664728584696	22.20392060290898	350.3604264212142	
6.418958919838376	146.26163907756035	92.07394081583753	-140.86489482353576	92.07394081583803	264.298683074382	32.50201789599019	-140.8648948235358	32.50201789599002	354.2997186116293	
6.474294772595604	123.40418938476358	92.68371732781097	-131.0421223906652	92.68371732781154	324.2670855294077	42.733447683370734	-131.0421223906653	42.73344768337054	355.0802391068405	
6.529630625352831	100.96054924423733	90.87429419078629	-119.01779774834817	90.87429419078691	375.94282777464014	52.79289844021534	-119.01779774834823	52.79289844021515	353.1735297341177	
6.584966478110059	80.32463015332864	86.5482593030352	-105.2567075754024	86.54825930303592	415.74426137573886	62.61517610478402	-105.25670757540249	62.615176104783856	349.0854362798023	
6.640302330867286	62.77357941530323	79.6483553810974	-90.3830985158416	79.64835538109813	441.0382255164716	72.19021478729515	-90.3830985158417	72.19021478729503	343.264550719467	
6.695638183624514	49.44634132320441	70.23721037276906	-75.16078800373828	70.2372103727698	450.4937163941307	81.55299335756655	-75.16078800373839	81.55299335756648	336.12225027025863	
6.7509740363817405	41.09977914482697	58.61793434713848	-60.4368906020985	58.61793434713918	444.3863213222911	90.77873033134082	-60.43689060209862	90.77873033134085	328.0742698397903	
6.806309889138968	37.939477869350114	45.4513373084074	-47.0257337064009	45.451337308408085	424.38391832297236	99.98826777615736	-47.02573370640103	99.98826777615747	319.57644863653184	
6.861645741896195	39.657627758837826	31.711045100731305	-35.59510011663415	31.71104510073196	393.2457820558175	109.33503384402795	-35.59510011663428	109.33503384402816	311.162918426288	
6.916981594653423	45.29827096647692	18.6444542189086	-26.569445040801526	18.64445421890924	354.3146471322083	118.96887491172467	-26.569445040801618	118.96887491172502	303.4740883255718	
6.97231744741065	53.5839782417637	7.622472206463652	-20.065482255043023	7.622472206464288	311.0752256494884	129.02012513398878	-20.065482255043072	129.0201251339892	297.19379944942017	
7.027653300167878	62.97287840093409	-0.09497350675497529	-15.881236411573077	-0.09497350675431449	266.60696762784283	139.55094906815805	-15.881236411573084	139.5509490681586	292.9954342954434	
7.082989152925105	71.92439337295363	-3.563989450577262	-13.53436249044692	-3.5639894505766136	223.35701112760296	150.51040636415394	-13.534362490446878	150.51040636415453	291.4198446426076	
7.138325005682332	79.18164818404965	-2.3295495620279496	-12.364573782805174	-2.3295495620272533	183.01666674273687	161.71084868216874	-12.364573782805085	161.71084868216943	292.7854272649014	
7.19366085843956	83.94958952224545	3.4534508513932707	-11.669854786118938	3.4534508513940025	146.68184900872006	172.83091064986365	-11.669854786118812	172.83091064986436	297.11660844964007	
7.248996711196787	86.01623065517411	13.100521389968751	-10.851721908133063	13.100521389969519	114.95671792832486	183.4237426471587	-10.85172190813291	183.42374264715937	304.0900906597414	
7.304332563954015	85.84980939343154	25.41408231173275	-9.51909539376216	25.41408231173355	88.30096497577946	192.97261135382237	-9.51909539376199	192.97261135382308	313.0651277508339	
7.359668416711242	84.47257174099036	38.93540281229689	-7.561977152874861	38.9354028122977	66.9105447366151	200.96927332024018	-7.561977152874692	200.96927332024083	323.1313550573246	
7.4150042694684695	83.29440430398127	52.109078406474595	-5.171549488833967	52.10907840647544	51.12464380817896	206.99613442901082	-5.171549488833819	206.99613442901142	333.21115406867057	
7.470340122225696	83.94161877466038	63.560998760171344	-2.772378348198941	63.5609987601722	41.01802003928606	210.7889710797624	-2.7723783481988256	210.78897107976292	342.1901441707424	
7.525675974982924	87.81224851110753	72.20800491826813	-0.8954294700172589	72.20800491826898	36.548710015239266	212.27858359249691	-0.8954294700171892	212.2785835924973	349.02816202158675	
7.581011827740151	96.00300981528665	77.38222849452329	-0.049564528908669914	77.38222849452418	37.360441623528175	211.59161918392817	-0.04956452890865748	211.59161918392851	352.86068748987725	
7.636347680497379	108.88749122085417	78.899219059661	-0.5845726673467517	78.8992190596619	42.811142344825214	209.01102372901283	-0.5845726673468192	209.01102372901306	353.09737706656165	
7.691683533254606	126.19951320849765	76.94657385506467	-2.6062420782498172	76.94657385506562	52.01608006092549	204.90350817819686	-2.606242078249945	204.90350817819697	349.47141687334084	
7.747019386011834	146.915404889975	72.08684132475841	-5.958255041965959	72.08684132475942	63.91268312332254	199.65417323913184	-5.95825504196616	199.65417323913192	342.0639496303361	
7.802355238769061	169.34762954692476	65.00913436938512	-10.262333778626271	65.00913436938617	77.33685868792787	193.6077527468154	-10.262333778626518	193.6077527468154	331.3026287190152	
7.857691091526289	191.3600035355874	56.49121949759327	-15.014502622418899	56.49121949759435	91.08713552194723	187.02324644393704	-15.014502622419181	187.02324644393693	317.92670336295134	
7.913026944283516	210.56695861089125	47.17089490049459	-19.711610671228506	47.17089490049571	103.87997399923495	180.07832286935272	-19.711610671228797	180.07832286935252	302.9087795796286	
7.968362797040744	224.61634666286528	37.52942214693571	-23.97409266977349	37.52942214693687	114.42096034541551	172.8778982360875	-23.974092669773754	172.8778982360872	287.35280946511546	
8.02369864979797	231.4653378302899	27.834420779165132	-27.617060233765496	27.834420779166294	121.2602468334397	165.4966114049277	-27.617060233765717	165.4966114049273	272.3677041702826	
8.079034502555198	229.49970630438722	18.066176930322833	-30.685712049053638	18.06617693032399	123.19892159892385	157.99635819686097	-30.68571204905378	157.99635819686046	258.925515743149	
8.134370355312425	218.0241715780187	8.085386828812961	-33.422751655837956	8.085386828814116	119.15033663123997	150.444877192004	-33.422751655838	150.44487719200342	247.7344141073795	
8.189706208069653	197.2458269576133	-2.3516724729471346	-36.18847053444928	-2.3516724729460297	108.63874179759611	142.92702541304186	-36.1884705344492	142.9270254130412	239.1613589244532	
8.24504206082688	168.31422492469991	-13.467071987853565	-39.35668248222636	-13.4670719878525	91.81301482466367	135.5306199176758	-39.35668248222617	135.53061991767512	233.201581142159	
8.300377913584107	133.5445273229269	-25.43779447916933	-43.21150665816967	-25.43779447916832	69.74174488874758	128.34474769060864	-43.21150665816936	128.34474769060785	229.51649029106156	
8.355713766341335	95.86329457567089	-38.30567831520331	-47.858532133781615	-38.30567831520235	44.33547399311394	121.44337554425043	-47.85853213378118	121.44337554424959	227.53990051645934	
8.411049619098563	58.72356243952854	-51.99771730928904	-53.174123644937715	-51.997717309288184	18.10566536455805	114.8845734271065	-53.1741236449372	114.88457342710558	226.60541996789635	
8.466385471855789	25.59451848833048	-66.41535970691413	-58.792240456974234	-66.41535970691336	-6.150055634900788	108.7034287773576	-58.79224045697367	108.70342877735662	226.09325758209116	
8.521721324613017	-0.49477212039563057	-81.42117307304125	-64.13817177530424	-81.42117307304059	-25.85249533227207	102.90486116692134	-64.13817177530368	102.90486116692031	225.54610063140953	
8.577057177370245	-17.25128969087902	-96.8813066326189	-68.5168017290179	-96.88130663261835	-38.86840049946217	97.45867048518771	-68.51680172901736	97.45867048518667	224.75143433292402	
8.632393030127472	-23.463837851656805	-112.7750571035449	-71.21587429916977	-112.77505710354447	-44.03491002580852	92.29545398994483	-71.21587429916929	92.29545398994378	223.75579801915458	
8.687728882884699	-19.0070264012583	-129.01231655871962	-71.64432274721956	-129.01231655871928	-40.953741352046656	87.31793224992313	-71.64432274721914	87.3179322499221	222.82519443282095	
8.743064735641926	-4.901352706429876	-145.5236209725176	-69.45364348215108	-145.52362097251734	-30.145891678242457	82.41082189547669	-69.45364348215074	82.41082189547566	222.35134249772835	
8.798400588399154	16.886867373467616	-162.05875986994144	-64.61336227534042	-162.05875986994124	-12.704771982191998	77.47475139366428	-64.61336227534015	77.4747513936633	222.73709335663986	
8.853736441156382	43.63819193069181	-178.20568670771334	-57.43402635362281	-178.20568670771323	9.957454308503248	72.43860743494031	-57.4340263536226	72.43860743493937	224.28216641069724	
8.909072293913608	72.14964715556542	-193.2758764265676	-48.52388264304168	-193.27587642656752	36.360479421379466	67.28513862463095	-48.5238826430415	67.28513862463008	227.0830925527521	
8.964408146670836	98.97107858259773	-206.390304205878	-38.673908335814694	-206.39030420587798	65.08556327562306	62.03922826160192	-38.67390833581454	62.039228261601124	230.9860602953714	
9.019743999428064	120.8691527547121	-216.4530568437226	-28.6924114715222	-216.45305684372263	94.85921394091415	56.74306909814742	-28.692411471522007	56.7430690981467	235.57485698730267	
9.07507985218529	134.98595464070632	-222.33187012014892	-19.244377453636076	-222.33187012014895	124.58050879010311	51.418644251108915	-19.24437745363586	51.418644251108255	240.23341043857107	
9.130415704942518	139.24533869353732	-222.95933769477006	-10.731429208378298	-222.9593376947702	153.21344114226955	46.022434460822716	-10.731429208378032	46.02243446082213	244.22034100502313	
9.185751557699746	132.5329525113304	-217.53811109786096	-3.2347899357230414	-217.53811109786116	179.8101728116567	40.41453091332181	-3.234789935722713	40.4145309133213	246.77599307895525	
9.241087410456974	114.89766590150984	-205.6608383530114	3.4631445467264452	-205.6608383530118	203.41149554149897	34.356856858997375	3.463144546726843	34.35685685899694	247.23573322702842	
9.2964232632142	87.53855179112378	-187.4657764637459	9.78047935030676	-187.4657764637464	223.1018418151739	27.56574348754847	9.780479350307218	27.56574348754811	245.11859514335785	
9.351759115971428	52.69800807326304	-163.6697790312058	16.200488885934046	-163.66977903120642	238.16729731249086	19.77526522508971	16.200488885934565	19.775265225089434	240.17568752574533	
9.407094968728655	13.399606141519769	-135.53927432379496	23.126687213598604	-135.53927432379578	248.0959772083929	10.832755349310483	23.126687213599165	10.832755349310274	232.41209651463043	
9.462430821485883	-26.948536107383056	-104.7694871444953	30.796126508809465	-104.76948714449628	252.71025882200766	0.7726233131409277	30.796126508810072	0.7726233131407945	222.0793394551557	
9.51776667424311	-64.88800991696026	-73.30526880211923	39.22605176358221	-73.30526880212028	252.22822539124707	-10.130038693971564	39.22605176358284	-10.130038693971638	209.62912520385888	
9.573102527000337	-97.4794218022438	-43.06953541325182	48.22650083466346	-43.06953541325292	247.2996667431663	-21.36683300792678	48.226500834664094	-21.3668330079268	195.65999914347853	
9.628438379757565	-122.60200245543471	-15.766685023101537	57.47647357982399	-15.766685023102667	238.85272383651238	-32.261846412722804	57.47647357982463	-32.26184641272279	180.85873885120105	
9.683774232514793	-139.16681184906457	7.413867920870505	66.61191898868294	7.413867920869378	228.08834850506514	-42.07162062224299	66.61191898868358	-42.07162062224295	165.9563951318861	
