# Stress in units of bar (10^5 Pa)
# z	Sxx	Sxy	Sxz	Syx	Syy	Syz	Szx	Szy	Szz
0.0	474.91804604137326	383.571739796835	-152.91717235578085	383.571739796834	607.0982100068857	-87.33323151881723	-152.9171723557814	-87.33323151881555	304.23642679009197	
0.05163858622436402	415.33384176999357	383.0079245480183	-140.42293599950312	383.00792454801774	494.3238132609388	-5.498392832547488	-140.42293599950392	-5.49839283254607	301.44183187825735	
0.10327717244872804	330.2023192357359	350.57798437999764	-148.30162433748472	350.5779843799976	313.7675668341597	68.29070331242448	-148.30162433748563	68.29070331242555	306.0353848064501	
0.15491575867309207	352.4686963999849	299.81109700938714	-163.88400733969831	299.8110970093874	114.32732868741297	100.33422404418684	-163.8840073396994	100.33422404418778	330.94581578417785	
0.20655434489745608	532.8555211229333	225.50194816007127	-170.38094281681526	225.50194816007172	-66.91249731090512	86.38268086794378	-170.38094281681657	86.38268086794476	376.10885348007656	
0.2581929311218201	773.3902881094091	108.52850129433537	-160.39351392437476	108.52850129433575	-229.50784785599438	47.79305880630318	-160.3935139243763	47.79305880630425	426.48669169475403	
0.30983151734618414	892.4417689917843	-53.10375708698645	-138.99909148591397	-53.1037570869861	-394.36374800162685	11.971611286435895	-138.99909148591553	11.971611286436897	459.448488508337	
0.36147010357054815	779.6186201073522	-226.5808298177934	-115.87216984188589	-226.58082981779302	-555.5315948416709	-4.839179329659815	-115.87216984188714	-4.839179329659147	456.9610015730492	
0.41310868979491217	484.22829974561654	-363.4867918741329	-98.3760483329936	-363.4867918741324	-664.6212107032235	-3.8530503550178006	-98.3760483329943	-3.8530503550176225	414.66502545543756	
0.4647472760192762	148.16572004597487	-432.96780072423496	-91.47095169893574	-432.9678007242342	-678.6878611878387	1.4330337413799583	-91.47095169893585	1.43303374137969	342.79080599769304	
0.5163858622436402	-122.51509721248783	-436.59707260433885	-97.86775271389256	-436.59707260433777	-611.8378703774861	-1.4440096166741299	-97.86775271389224	-1.4440096166746468	260.6668109003914	
0.5680244484680043	-311.1879391720524	-400.3360374940046	-114.54858221667892	-400.3360374940031	-528.4937382294914	-12.602008764695439	-114.5485822166784	-12.602008764695942	189.71580462478946	
0.6196630346923683	-450.52821591827285	-356.8873445284179	-131.9212419077281	-356.8873445284162	-488.0138242271124	-21.16714788192077	-131.92124190772745	-21.167147881921068	147.34923069963673	
0.6713016209167323	-562.6191329897257	-332.8622070549046	-139.97708319883026	-332.8622070549031	-491.8840683117148	-17.955744687482976	-139.9770831988296	-17.95574468748305	141.23146830696402	
0.7229402071410963	-640.8930586380229	-340.2344307415007	-136.5489234895365	-340.2344307414998	-482.804661739621	-6.760438808179128	-136.54892348953592	-6.760438808179096	165.35521451843564	
0.7745787933654603	-674.7994462332165	-365.78119745243674	-130.60234397270688	-365.7811974524365	-398.6576285972023	-2.7720357667663222	-130.60234397270636	-2.772035766766326	202.37565562921887	
0.8262173795898243	-678.1329079895338	-372.5995789995514	-137.10012341717103	-372.59957899955174	-229.73941451781724	-18.477256177879532	-137.1001234171705	-18.477256177879585	233.1727506817461	
0.8778559658141883	-686.202400526159	-325.7277203346109	-164.3237592824255	-325.7277203346115	-30.471996671785206	-51.01354276299887	-164.32375928242487	-51.01354276299885	247.3234446615142	
0.9294945520385524	-722.6197262877756	-218.79793310810473	-203.2351326989625	-218.79793310810564	116.71139241985519	-85.94058261892164	-203.23513269896188	-85.94058261892144	246.689149194398	
0.9811331382629164	-767.1630185159737	-73.49144288599405	-231.786357555849	-73.49144288599553	158.98537678581081	-113.84808328644327	-231.7863575558486	-113.84808328644289	240.43114326038813	
1.0327717244872805	-768.5063099904544	81.00956517843065	-233.07612085267345	81.00956517842856	107.94938266833248	-139.36555337230834	-233.07612085267343	-139.36555337230783	236.5241007602655	
1.0844103107116445	-698.1737089969159	221.4712667564205	-209.67789953248086	221.47126675641815	25.358906060296306	-172.40674096282783	-209.67789953248115	-172.4067409628273	237.47914446399125	
1.1360488969360085	-576.4093072947451	331.9155622820509	-180.7026367708623	331.91556228204877	-21.842324968658744	-214.0803528644064	-180.70263677086263	-214.08035286440588	244.67964559470312	
1.1876874831603725	-437.92707058772305	401.4305281574053	-165.30222879565773	401.4305281574036	5.428945270412498	-252.14662086191674	-165.3022287956577	-252.14662086191623	267.31841735362445	
1.2393260693847366	-287.1771095916961	420.0362809860071	-166.0930111509375	420.036280986006	110.1142297051502	-266.9704173891542	-166.09301115093706	-266.97041738915357	324.58871328295675	
1.2909646556091006	-95.91804848283343	378.989865933484	-165.59686234984682	378.9898659334829	262.7861779170897	-242.76623076825848	-165.59686234984608	-242.76623076825788	433.676770299329	
1.3426032418334646	165.9964371095294	285.014057413767	-140.8569621049445	285.0140574137657	406.74885132973236	-180.05600074124047	-140.85696210494362	-180.0560007412399	592.0475778616448	
1.3942418280578286	503.5306256723983	168.84648050937983	-84.69550936916596	168.84648050937824	475.8651410350602	-100.04633391281126	-84.69550936916511	-100.04633391281081	771.0820390017998	
1.4458804142821926	886.3935314785715	66.33152678528481	-12.176550447862978	66.33152678528302	437.7067747608767	-29.35628899132068	-12.17655044786212	-29.35628899132037	926.7216567164274	
1.4975190005065566	1247.366506172401	-5.807668759927353	52.92853047352015	-5.8076687599290295	332.85900309350205	25.51138382269672	52.928530473521036	25.511383822696743	1018.8965130146778	
1.5491575867309206	1499.133440700873	-48.94715015313527	94.1293421946533	-48.94715015313646	258.5236825803716	82.13066724174868	94.12934219465427	82.13066724174838	1030.221939017441	
1.6007961729552846	1579.1915630057679	-62.802056809287265	108.4561145970502	-62.80205680928779	297.4717117438587	152.25968955587916	108.45611459705128	152.25968955587854	974.1308771559377	
1.6524347591796487	1479.2405142538164	-37.268527912270514	108.06542912325766	-37.268527912270486	452.6945846119649	213.9357986706141	108.06542912325867	213.93579867061322	881.8953843939203	
1.7040733454040127	1220.4954830690983	36.976415127102655	116.32605595875816	36.97641512710277	646.2186108926102	226.79091016791864	116.32605595875889	226.79091016791773	772.3404146455321	
1.7557119316283767	830.7844508468888	156.8145365303896	147.75208007127918	156.81453653038932	786.9515876389753	176.50697781969382	147.75208007127952	176.506977819693	631.6141880248078	
1.8073505178527407	372.11565348154977	300.3004725234287	183.94599241597552	300.30047252342797	844.4769761345534	95.41160515367663	183.9459924159755	95.41160515367595	429.72040253135816	
1.8589891040771047	-49.96168633027871	425.73216442531816	177.75527211136875	425.732164425317	852.9223907492133	37.23520172190178	177.7552721113686	37.23520172190129	163.93744228228329	
1.9106276903014687	-342.2086132889765	484.72783607084125	89.1064138608908	484.72783607084017	852.3835914604482	35.670203734482	89.1064138608907	35.67020373448167	-115.4367061433239	
1.9622662765258327	-464.55032125257264	450.1500449690086	-83.87873898070228	450.15004496900764	851.1166930467233	85.57938348229646	-83.87873898070228	85.57938348229634	-326.83393802205967	
2.0139048627501968	-414.4007208754116	340.2184972996144	-303.4641707719335	340.2184972996138	848.016621035524	155.51137667035027	-303.4641707719335	155.5113766703504	-405.82996559975277	
2.065543448974561	-226.6992020365111	218.1440658350246	-510.6416596303485	218.14406583502426	854.1034229111465	212.21871745377763	-510.6416596303485	212.218717453778	-338.6978347463462	
2.117182035198925	4.197147763686246	156.6389860885795	-648.8978561364227	156.6389860885795	868.9157163325852	236.31893393928775	-648.8978561364227	236.31893393928817	-164.9413402347201	
2.168820621423289	159.9437635999388	179.84558904712983	-688.7480453858045	179.8455890471302	854.5265276778456	224.23871623257654	-688.7480453858043	224.23871623257702	42.73143196592638	
2.220459207647653	183.09769419263853	236.237542888125	-639.1207345486876	236.23754288812572	758.8912298156229	183.39382623689306	-639.1207345486873	183.3938262368934	211.19312672773142	
2.272097793872017	116.92296493043402	244.300695324218	-531.8088447905047	244.30069532421874	568.4243950175287	127.09383476439709	-531.8088447905044	127.09383476439727	301.45730761778714	
2.323736380096381	69.88576770187495	163.07600896058727	-395.4105310996549	163.07600896058807	343.9028093458052	69.56722563350823	-395.4105310996546	69.56722563350833	326.15015564467853	
2.375374966320745	135.80940067811775	9.303039093966134	-248.34563383494572	9.303039093966731	194.3271070387152	18.545800324019385	-248.34563383494546	18.545800324019414	335.98741892751525	
2.427013552545109	309.5959666767206	-168.64684001585414	-107.95451583624546	-168.64684001585374	180.72067794001552	-32.12186554854762	-107.95451583624518	-32.12186554854766	381.16355590769354	
2.478652138769473	476.9050757525982	-313.1228238641802	10.642216151877497	-313.1228238641801	247.52476630406568	-96.9376861486001	10.64221615187783	-96.9376861486002	472.5029406034921	
2.530290724993837	517.7728324069252	-372.19990279941027	105.45977230088839	-372.1999027994104	288.6753890109816	-175.4328852790219	105.45977230088863	-175.43288527902206	573.6652613191965	
2.581929311218201	419.8070048455712	-324.4729621755487	182.4606000727274	-324.4729621755489	275.14100941887	-235.758568012379	182.46060007272746	-235.75856801237916	634.8489305820119	
2.633567897442565	274.3039724993156	-197.98983801906456	236.1044786344849	-197.98983801906482	263.3366677897659	-234.48251854386825	236.10447863448476	-234.48251854386845	633.6360179811118	
2.685206483666929	184.62095147365628	-51.932196089231496	248.97942984112092	-51.93219608923167	288.8671020370886	-157.541056535042	248.97942984112052	-157.54105653504226	578.6385405717417	
2.736845069891293	190.54554862376213	68.88924532650137	218.82708144693046	68.8892453265014	314.8740763971498	-34.355861860423985	218.82708144692998	-34.35586186042434	483.7532112900455	
2.788483656115657	253.03247576591693	155.188011110614	176.9991675830002	155.18801111061413	294.0824079281582	90.1093993548672	176.99916758299972	90.1093993548668	359.57913581509047	
2.840122242340021	292.37466765028364	213.75624878325107	169.35006336341297	213.75624878325112	235.74106626766968	185.70265186842573	169.35006336341263	185.70265186842528	231.91086467488503	
2.891760828564385	255.81833560456158	250.08966234647602	216.03475554909147	250.08966234647625	189.69098676039744	234.6970091386158	216.03475554909127	234.69700913861539	145.09950994328685	
2.943399414788749	160.63930082832752	269.5580082489299	291.7466192364679	269.55800824893015	190.8254173390254	215.8460372782973	291.74661923646784	215.84603727829693	125.72691531154618	
2.9950380010131132	74.39142634591332	270.1404012471069	346.1666785997546	270.14040124710715	240.71252483213948	113.90615056094016	346.1666785997546	113.90615056093982	144.63072606093598	
3.046676587237477	57.05931157173728	234.56779709143586	342.9361020760325	234.5677970914361	319.90010291111673	-51.64495789708595	342.9361020760326	-51.64495789708619	133.20532795687814	
3.0983151734618413	113.75573267859397	150.7081786409261	281.23204313453095	150.70817864092623	389.87248166279426	-224.49098745675602	281.232043134531	-224.4909874567562	53.15138475597852	
3.149953759686205	190.9696862314099	36.23888577999991	188.76836136731873	36.23888578000008	405.439735013745	-350.9862755635529	188.76836136731885	-350.986275563553	-50.411724297776445	
3.2015923459105693	216.73567876303056	-72.66115242835676	101.10112996558402	-72.66115242835649	351.39673650656334	-416.4465906026107	101.10112996558414	-416.4465906026108	-78.07062898607509	
3.253230932134933	154.93379404699522	-150.40376552062992	41.64371616357307	-150.40376552062958	256.4365201986877	-434.44434862914045	41.643716163573224	-434.44434862914045	35.28175954630472	
3.3048695183592973	33.00325062624209	-191.37807244524174	10.643531010452705	-191.3780724452414	160.87845110016008	-410.2311617801123	10.643531010452861	-410.2311617801123	263.8515242770629	
3.3565081045836616	-73.98122997561998	-199.2217074913237	-8.815750849475073	-199.22170749132334	87.4778950396456	-333.9419490687368	-8.815750849474952	-333.9419490687369	517.6823482216489	
3.4081466908080253	-95.58540404688759	-178.10384252805875	-32.317879658801616	-178.10384252805846	51.83949829863272	-212.33415242689622	-32.317879658801544	-212.33415242689622	710.2889425803967	
3.4597852770323896	-29.78054142904236	-133.74346970708078	-62.50232892226876	-133.74346970708058	66.42934910271143	-90.23928055108162	-62.502328922268745	-90.23928055108156	798.8906212077381	
3.5114238632567534	42.1331079163881	-81.00240212527476	-92.84308777866887	-81.00240212527464	105.17472177559341	-25.596640146237284	-92.84308777866892	-25.596640146237185	787.0344977965324	
3.5630624494811176	30.200230851768296	-45.72002522883473	-113.72660069714674	-45.72002522883465	85.9163409222496	-41.21408111222176	-113.7266006971468	-41.21408111222167	717.7921823247319	
3.6147010357054814	-67.75433698243788	-48.38631428562519	-110.19530654539551	-48.38631428562515	-67.28661238266501	-103.2166949306369	-110.19530654539554	-103.21669493063683	657.876948362761	
3.6663396219298456	-165.46446392156096	-82.00681244632531	-60.123095834102706	-82.0068124463253	-337.9865626566673	-146.47083202898355	-60.12309583410273	-146.47083202898344	658.6462103848503	
3.7179782081542094	-182.6182898333343	-112.95076115198191	52.40395092343816	-112.9507611519819	-621.028942033086	-120.93934751326421	52.403950923438224	-120.93934751326415	718.5752354307228	
3.7696167943785737	-117.25577577292124	-104.94945176242516	214.1653258542179	-104.94945176242518	-818.6772437068366	-18.021266899666	214.165325854218	-18.021266899665985	788.934371801239	
3.8212553806029375	-31.032493864449748	-41.423914790424625	376.55532104857855	-41.42391479042472	-910.6886566096407	138.84708172979455	376.5553210485788	138.84708172979455	818.3070704202759	
3.8728939668273017	6.758061917216708	65.44834137763854	479.74561936599616	65.4483413776384	-927.4246898050103	318.44136781564174	479.7456193659963	318.4413678156417	787.9712885275198	
3.9245325530516655	-40.602723139220416	178.4328049494345	489.1394968684152	178.43280494943434	-889.717439626394	491.27154476252764	489.1394968684154	491.27154476252764	709.1640883597742	
3.9761711392760297	-160.08600727551024	255.9905771604469	415.13495953899644	255.99057716044672	-798.2969739381981	623.8663845147378	415.13495953899655	623.8663845147378	601.0350470016301	
4.0278097255003935	-289.08665547894213	282.1456109059303	303.23315254561277	282.14561090593	-657.2486454551961	684.4914335423282	303.2331525456128	684.491433542328	482.5216477144395	
4.079448311724757	-345.6648604195582	278.71882464498293	202.21798333667232	278.71882464498265	-474.3845441717922	668.0629993321711	202.21798333667235	668.062999332171	384.4379252677514	
4.131086897949122	-286.86832940923466	281.28842329006216	134.55463811077132	281.2884232900619	-249.78330386735672	607.4662582002243	134.55463811077138	607.466258200224	353.59379754909304	
4.182725484173486	-144.14630960508384	300.74183726441316	92.40148282757109	300.7418372644129	5.013744478865057	545.8834236442106	92.40148282757119	545.8834236442103	422.16042831544326	
4.23436407039785	8.103231469363102	314.254381461728	56.03550782593895	314.2543814617279	242.1865844232512	498.79000718228576	56.03550782593908	498.7900071822856	561.5340795762779	
4.286002656622213	115.47894645223043	293.7848525376987	10.792307491016729	293.7848525376987	402.08168848292337	450.0164896598169	10.792307491016938	450.01648965981667	677.4525437130185	
4.337641242846578	162.9017069966005	230.94354300277325	-45.74333018343751	230.9435430027732	466.00325760641226	377.62378892033064	-45.74333018343723	377.6237889203306	672.4033658923311	
4.389279829070942	142.85030198891607	133.88781664925438	-99.690412764546	133.88781664925438	466.497276139389	274.22959999883193	-99.6904127645457	274.22959999883176	525.8019735601035	
4.440918415295306	35.73267253756629	23.01912729243569	-126.98185912105582	23.01912729243569	437.60707826033513	149.83754825409784	-126.98185912105555	149.83754825409773	313.591751141494	
4.492557001519669	-160.6211687193497	-59.38901465589626	-114.71930874843149	-59.389014655896275	370.1571701036671	26.200603598549364	-114.71930874843125	26.200603598549215	148.9141528544749	
4.544195587744034	-386.2123363075044	-58.37228382822286	-73.12967545207815	-58.37228382822278	232.25681225201865	-75.10897531966549	-73.12967545207792	-75.1089753196657	104.63361937637205	
4.595834173968398	-527.4058946507973	47.482549425252	-18.235159616266653	47.48254942525206	33.89386241634685	-146.22300713144605	-18.235159616266454	-146.22300713144628	182.09833034567373	
4.647472760192762	-498.4592960278019	208.76534041249334	48.552870503044	208.7653404124935	-140.77487910808873	-192.43414028271079	48.552870503044154	-192.434140282711	326.3978949630886	
4.6991113464171255	-324.6653097626872	333.3586738339196	131.30552919728396	333.35867383391974	-178.15090916662206	-217.55544629553296	131.30552919728405	-217.55544629553313	453.9029064129744	
4.75074993264149	-129.65612644074383	357.10035377413465	217.83503933977502	357.10035377413465	-26.24928314099128	-219.54115955416137	217.8350393397751	-219.54115955416148	485.9739793626827	
4.802388518865854	-14.624209176432089	283.16304635181257	281.0150525236804	283.16304635181245	259.21815541992186	-207.15505550755665	281.01505252368054	-207.15505550755668	397.13309155879904	
4.854027105090218	50.24453228234677	167.00999609419193	297.651783070755	167.0099960941918	579.0952428046304	-211.1212120404626	297.6517830707553	-211.12121204046264	246.6483480303132	
4.9056656913145815	188.9804957814926	81.41689717148024	257.2077836825031	81.41689717147999	891.2065862871152	-262.91162583473533	257.2077836825033	-262.91162583473533	143.76525726892578	
4.957304277538946	475.04586914769754	77.10096980578163	164.03639387270653	77.10096980578152	1207.2156780273374	-359.21499345721327	164.03639387270687	-359.2149934572132	159.30445070817052	
5.00894286376331	858.0346703239395	151.1922409524666	49.73256963166699	151.192240952467	1494.0804484677396	-456.22269451733894	49.73256963166733	-456.2226945173388	268.40522977421085	
5.060581449987674	1222.5458646778907	255.3286580750456	-25.54047139738133	255.32865807504646	1646.9734203780426	-504.0335566985746	-25.540471397380976	-504.0335566985745	383.2934239365012	
5.1122200362120385	1462.507676660425	339.358183451341	-12.268118120702894	339.3581834513425	1593.4462409267135	-484.33252080056167	-12.268118120702567	-484.3325208005615	437.21916677045454	
5.163858622436402	1507.8303955015253	379.6917760040169	78.92588473999102	379.69177600401866	1389.180700896858	-416.9300766441865	78.92588473999147	-416.93007664418644	432.1182637431974	
5.215497208660766	1346.5940958646186	367.8239655217818	179.56869868758207	367.82396552178363	1179.5918989006816	-338.5959568514481	179.56869868758264	-338.59595685144825	413.5318494100781	
5.26713579488513	1038.1906122551563	296.7747741824055	220.9469859293892	296.77477418240665	1071.8703438912369	-277.74865706084415	220.94698592938994	-277.7486570608444	415.52786580653594	
5.3187743811094945	683.4488278995556	184.54889767289498	186.4034096654391	184.5488976728954	1054.185177032985	-241.3722927189973	186.40340966543994	-241.37229271899758	434.09652851539687	
5.370412967333858	379.95753915789066	95.29458292392599	113.15102236757852	95.29458292392556	1035.2897961759588	-219.2667779049778	113.15102236757934	-219.2667779049782	438.9773060703871	
5.422051553558222	193.2719064970664	92.82110018950769	55.38506887201174	92.82110018950678	943.6849637717169	-198.50432105687662	55.38506887201248	-198.50432105687707	396.530447273307	
5.473690139782586	122.71138001080678	168.13910916979384	45.33858554232401	168.13910916979296	772.7076429794478	-173.2228797823314	45.33858554232465	-173.22287978233203	287.9577524534534	
5.525328726006951	84.02836733002044	243.85015129295056	77.2209411577502	243.85015129295004	554.3627583766341	-145.03274904954446	77.22094115775069	-145.0327490495452	124.08030784702592	
5.576967312231314	-24.743267436889653	258.43307781837024	119.74274252443192	258.4330778183703	328.58681537569464	-120.2140420893697	119.74274252443215	-120.21404208937045	-51.93892711979043	
5.628605898455678	-211.9665175404055	230.24412236999237	142.22312441699995	230.24412236999277	137.65790936832468	-104.98360433538734	142.22312441699984	-104.98360433538788	-184.90148638739004	
5.680244484680042	-376.31434140237286	226.7812779839526	129.11136999239076	226.78127798395303	18.39807888065738	-98.74001031865093	129.1113699923904	-98.74001031865117	-238.25346749166962	
5.731883070904407	-414.15193723960397	276.46796693614624	77.09607365478593	276.46796693614635	-23.37654734674888	-93.15832603923643	77.09607365478546	-93.1583260392365	-210.0003135493215	
5.78352165712877	-322.8234962331016	329.09540539442844	-7.654161396456743	329.0954053944281	-23.868894645746607	-80.49904102063734	-7.654161396457091	-80.4990410206374	-125.02724781713599	
5.835160243353134	-195.23794965460257	317.37524936546373	-104.46208301922141	317.375249365463	-36.26639244738766	-60.863759451182304	-104.46208301922155	-60.863759451182446	-15.570558745097014	
5.886798829577498	-129.6682500337913	242.3533903546636	-179.72296530455984	242.3533903546628	-90.63275512983273	-38.553137454093594	-179.7229653045598	-38.55313745409358	92.74770920052931	
5.938437415801863	-148.8288643548587	174.37625546266136	-205.08827647423672	174.37625546266077	-176.97303129876227	-12.847564326388701	-205.08827647423675	-12.847564326388207	182.3383484884528	
5.9900760020262265	-193.6954268106861	175.87767276503408	-179.26698066054092	175.87767276503365	-255.01597422007262	22.394664436464108	-179.2669806605412	22.394664436465252	240.42443371049512	
6.04171458825059	-191.44734958703702	246.65214774270675	-130.85551516776113	246.6521477427065	-280.8533415352161	65.47908632844138	-130.8555151677616	65.47908632844296	260.70579681574173	
6.093353174474954	-128.1848357592752	343.86106917877083	-96.444669410569	343.86106917877066	-242.61858704023348	95.74196867012117	-96.44466941056955	95.74196867012273	246.82512023258192	
6.144991760699319	-56.136595419112496	427.9505024813719	-93.63846060888255	427.9505024813721	-177.41135005733548	84.64191970676032	-93.63846060888307	84.64191970676144	209.37792060139097	
6.1966303469236825	-44.699219079995146	472.7497630538944	-111.40095530232631	472.7497630538951	-143.5927508888727	21.544287380880544	-111.40095530232675	21.544287380881038	158.1689050036203	
6.248268933148046	-129.23648811088765	453.83596139676547	-120.44153404112586	453.8359613967666	-172.5794215390854	-76.96305142614219	-120.44153404112633	-76.96305142614219	98.16237990013214	
6.29990751937241	-295.77481469054965	360.7181888587513	-93.65358244797919	360.7181888587527	-246.19032130940727	-184.12126899245752	-93.6535824479799	-184.12126899245777	31.061396986484056	
6.351546105596775	-499.4164682732049	218.67408813500853	-25.770196303816398	218.6740881350097	-314.30923818703764	-281.3933188671483	-25.77019630381742	-281.39331886714854	-41.61370226415576	
6.403184691821139	-695.3494955013678	77.66483877825793	61.75606530457478	77.66483877825858	-336.3021881593363	-358.91313352318014	61.756065304573646	-358.91313352318025	-115.68869192313485	
6.454823278045502	-856.8096179136951	-19.83687597187793	138.87733740216854	-19.836875971877788	-315.4366073666522	-408.8898000280513	138.87733740216757	-408.88980002805124	-182.51079714094095	
6.506461864269866	-971.0093246981469	-51.75872600646789	190.84240549762058	-51.75872600646785	-294.1266958537826	-427.01720038214665	190.84240549762012	-427.0172003821465	-231.14694638209278	
6.558100450494231	-1027.1661565550926	-8.19497090252176	220.34734278824996	-8.194970902521362	-309.6337423081619	-417.86917907373527	220.34734278825016	-417.8691790737351	-254.33746870264008	
6.609739036718595	-1018.3297599515442	108.1518299777554	230.6151132892909	108.15182997775644	-353.01646781106945	-393.9829394287575	230.61511328929163	-393.9829394287574	-252.32490950929147	
6.661377622942958	-952.6785021080352	270.51381507746027	218.3922292796601	270.51381507746163	-374.75677701785884	-369.1877962120336	218.39222927966105	-369.1877962120335	-231.33897692303805	
6.713016209167323	-853.3639538209511	428.79359167677285	185.73826767086973	428.7935916767739	-326.20980869946	-353.12658391619823	185.7382676708707	-353.1265839161982	-200.1418093493632	
6.764654795391687	-749.8613334097271	531.3419995136115	148.48233569167581	531.3419995136115	-192.02000879880362	-349.5399281325577	148.4823356916767	-349.53992813255786	-168.12101118441197	
6.816293381616051	-672.4120429609442	548.4855020750407	126.61649961043919	548.4855020750392	4.807386069318483	-356.58167668036214	126.61649961043993	-356.5816766803623	-144.28902323712933	
6.8679319678404145	-645.4480191244038	479.57318638657546	129.05508363482022	479.57318638657296	210.79304042585306	-369.1615779700502	129.05508363482085	-369.16157797005025	-134.85208325695947	
6.919570554064779	-665.5877276725428	349.5850519327453	149.5933126850328	349.58505193274226	361.17004121381484	-383.27124746712076	149.59331268503325	-383.2712474671207	-138.78212121150358	
6.971209140289143	-687.6646383165136	201.17961391165326	174.53722310582774	201.17961391165073	412.0845587679109	-397.8867429403918	174.53722310582816	-397.88674294039157	-144.8515075076611	
7.022847726513507	-655.3154604557062	77.57703289129945	192.0390491896771	77.57703289129776	362.2511750650584	-410.7753799665362	192.03904918967737	-410.775379966536	-135.85104524639866	
7.0744863127378705	-554.1658092307066	-0.4366992533791674	195.6157071579368	-0.4366992533798282	239.9565538028893	-413.6179016074891	195.61570715793687	-413.61790160748893	-100.38700208740886	
7.126124898962235	-421.1362395566739	-44.04563937748186	182.355783624486	-44.04563937748165	80.36048933613192	-395.3939552669067	182.35578362448575	-395.3939552669066	-43.282144912118866	
7.177763485186599	-300.08033853498705	-80.7536365360441	152.61814441402254	-80.75363653604325	-69.63787046368188	-352.92226381966657	152.61814441402208	-352.92226381966634	15.887834171918389	
7.229402071410963	-204.67805841540874	-124.45363901754808	114.46980073272442	-124.45363901754706	-147.0138467411301	-297.1260858662409	114.46980073272405	-297.1260858662405	56.66764967921985	
7.281040657635327	-130.02953187852097	-158.43868695281344	84.91616453529213	-158.43868695281265	-110.03760624108324	-246.6076989874808	84.91616453529208	-246.60769898748026	73.19522942873475	
7.332679243859691	-75.11864865818188	-151.43606773820977	79.48039929913288	-151.43606773820954	21.68801773286907	-213.3941088052601	79.48039929913314	-213.39410880525966	78.3109910365519	
7.384317830084055	-34.541411680985675	-90.94380814336641	97.66450309671825	-90.94380814336682	182.25968716553442	-194.9647393311219	97.66450309671855	-194.96473933112156	92.69163423201987	
7.435956416308419	13.378844576072765	1.5297709813451696	121.45377960379989	1.5297709813445008	310.9925871000324	-180.89261701812268	121.45377960380004	-180.8926170181224	129.0418989304684	
7.487595002532783	84.89447278015359	84.71186892483465	130.03430519024317	84.71186892483419	388.15077898047593	-165.98762956960158	130.03430519024317	-165.98762956960127	184.96981621304684	
7.539233588757147	170.3067764489836	121.78535347896941	114.79499124421477	121.7853534789695	431.1894992739002	-154.76381586543954	114.79499124421474	-154.76381586543917	247.53860379802592	
7.590872174981511	251.19728682801804	97.26974817785923	80.4458756130695	97.26974817786008	460.63125864931703	-153.20277089043208	80.44587561306962	-153.20277089043185	301.486201526886	
7.642510761205875	326.1095507605164	20.241703905780184	35.90984940189651	20.241703905781833	468.9433964180039	-157.96685112241315	35.909849401896786	-157.96685112241312	335.0027003773259	
7.694149347430239	406.9711058321244	-82.9276308788617	-12.149017730950174	-82.92763087885942	430.5818790895343	-154.46924943799374	-12.149017730949815	-154.4692494379939	343.2403589474724	
7.745787933654603	496.02252519537024	-178.70849868950927	-59.262104272978036	-178.70849868950665	343.6762264934408	-125.84293509990337	-59.26210427297771	-125.84293509990358	329.3059081269919	
7.797426519878967	577.3170931149333	-236.8310252645795	-102.84447183346927	-236.8310252645771	246.78710077575244	-65.59820182192232	-102.84447183346909	-65.59820182192252	301.54974032383353	
7.849065106103331	634.661654113325	-239.7937842877873	-143.00123566728752	-239.79378428778566	181.97953938064379	15.706850515482321	-143.00123566728752	15.706850515482206	269.6932768872432	
7.900703692327695	664.2388025724533	-189.45543556378954	-179.20276196041306	-189.4554355637889	149.03534591550095	94.89287813809626	-179.20276196041317	94.8928781380962	242.51358679899647	
7.952342278552059	655.4023851543548	-104.04215144994706	-206.27732838281707	-104.0421514499474	111.7935554821245	149.0793371176262	-206.2773283828174	149.0793371176261	226.01579240685075	
8.003980864776423	577.4556079348142	-7.658527671940902	-219.09499764031594	-7.65852767194184	47.15527264235513	167.99754561736327	-219.09499764031654	167.99754561736304	221.1817125381163	
8.055619451000787	415.56755741324986	76.7723189749118	-221.33656530922508	76.77231897491029	-23.974333851852535	155.93027818744366	-221.33656530922582	155.93027818744335	223.56658855823645	
8.10725803722515	210.0879424307736	131.77926833191188	-223.91924281182224	131.77926833190978	-52.08955417210518	122.17044580832149	-223.91924281182295	122.17044580832118	226.96751737677533	
8.158896623449515	42.130139638941145	155.78593046612326	-232.99774755758568	155.78593046612048	4.65329045166331	71.0151489778311	-232.99774755758617	71.01514897783098	229.6985446991662	
8.210535209673878	-15.215549167031838	170.66151537330643	-242.5196543265765	170.66151537330336	150.83255292833053	3.609238969757147	-242.51965432657664	3.6092389697573974	237.1468190490085	
8.262173795898244	65.14647446239914	206.7370112498076	-239.8734155700669	206.73701124980465	345.21667673914897	-70.24779595470088	-239.87341557006687	-70.24779595470011	255.09291071532732	
8.313812382122608	241.97462378294045	272.0352938067161	-218.19342902955967	272.0352938067137	520.8040107607384	-125.86582851961742	-218.19342902955967	-125.86582851961612	279.79657282508765	
8.365450968346972	412.38730156927267	342.0565826829699	-183.78323476095824	342.0565826829682	617.8987466250286	-134.82083568900023	-183.78323476095844	-134.8208356889986	298.90389421422594	
