# Stress in units of bar (10^5 Pa)
# z	Sxx	Sxy	Sxz	Syx	Syy	Syz	Szx	Szy	Szz
0.0	270.4430961187261	-18.1329648521709	89.08954945176275	-18.132964852170097	189.2150400735302	-46.19266435659478	89.08954945176313	-46.192664356596005	91.65566213782806	
0.05506502410883078	251.7343071696527	-42.67278309209011	79.46275165855434	-42.67278309208953	168.76146552567877	-79.35236274888008	79.46275165855464	-79.35236274888142	82.18371440704165	
0.11013004821766156	227.6835177166508	-58.413494077264865	65.68451423942525	-58.41349407726449	130.4066362049811	-112.25415452657984	65.68451423942533	-112.25415452658123	75.48651823527439	
0.16519507232649233	202.30090938933336	-65.04614253340026	50.375889229882254	-65.04614253339999	79.03680867426242	-140.46326965613468	50.37588922988199	-140.46326965613605	67.96502590475723	
0.22026009643532313	179.30379419769434	-64.95807883695396	35.622004146703915	-64.95807883695369	20.53773291363541	-159.63599747087613	35.6220041467033	-159.63599747087738	56.349914091440986	
0.2753251205441539	161.59910442878612	-62.09454683000805	22.620200120613358	-62.09454683000768	-38.63277707195704	-166.66061172551485	22.620200120612402	-166.66061172551593	39.60669869330656	
0.33039014465298466	150.0358983395056	-60.119362088268815	11.695622294962234	-60.11936208826829	-92.45055400974834	-160.59601658408252	11.695622294961026	-160.59601658408337	19.73088949012917	
0.38545516876181546	142.42628318146353	-60.539182740475766	2.681779557043652	-60.53918274047514	-136.92250198003723	-143.01891668244065	2.681779557042295	-143.01891668244127	1.1149022115857337	
0.44052019287064625	134.41251784289148	-62.66402728785721	-4.601734036571339	-62.664027287856456	-170.9327198912951	-117.63733176328988	-4.601734036572733	-117.63733176329028	-11.107393128666814	
0.49558521697947705	122.60334841455794	-64.67939370822577	-10.048429878557771	-64.67939370822492	-195.46386382122643	-89.23771751435072	-10.048429878559109	-89.23771751435095	-12.900492789683195	
0.5506502410883078	107.20906666848506	-65.30341944237944	-13.272644391078682	-65.3034194423786	-211.74311584943666	-62.26602850222459	-13.272644391079908	-62.26602850222473	-2.498468897968589	
0.6057152651971386	92.48238342409579	-64.34296589692127	-13.79323311869134	-64.34296589692039	-219.0342209882536	-39.590701410848084	-13.79323311869243	-39.590701410848204	19.45152235460279	
0.6607802893059693	83.93834984455039	-62.03481361035497	-11.285677549379143	-62.03481361035415	-214.05268999102486	-21.99285772094313	-11.285677549380114	-21.99285772094334	50.557530025352	
0.7158453134148002	84.73308750890908	-58.131557411153025	-5.757165570723022	-58.13155741115225	-192.3354915016037	-8.579543128157239	-5.757165570723908	-8.579543128157587	87.61871642453795	
0.7709103375236309	93.26467319552606	-51.98540397059675	2.406623624859898	-51.985403970596124	-151.29058271047393	2.158050577453117	2.4066236248590855	2.1580505774526095	127.31342653141046	
0.8259753616324618	103.61307004862485	-43.50750599517984	12.47373917935425	-43.50750599517943	-92.98813617546743	11.30090941840067	12.473739179353515	11.300909418400021	166.40796579671542	
0.8810403857412925	107.88145196298943	-34.35846171924592	23.575330604179676	-34.358461719245824	-25.223193766484783	19.221453363118055	23.575330604179044	19.2214533631173	201.73085712549857	
0.9361054098501232	99.22215678551127	-27.654810388465926	35.0119735396225	-27.65481038846616	40.236729804317534	26.158118600621982	35.011973539622005	26.158118600621172	230.30687818856325	
0.9911704339589541	74.01880034847623	-26.91782345788316	46.50921387298091	-26.917823457883713	90.86115988088847	33.08008458802129	46.50921387298055	33.080084588020455	249.8368842558525	
1.0462354580677848	32.82265001158588	-34.44684453040602	58.24318671857274	-34.44684453040684	116.8861603374462	41.929277736636266	58.24318671857252	41.92927773663543	259.3808091255545	
1.1013004821766157	-20.13928024856733	-50.89730516088602	70.47018754139253	-50.89730516088703	114.04471812383325	54.83379951784634	70.47018754139239	54.83379951784553	259.7135159554922	
1.1563655062854463	-78.49162531103897	-75.42050918453718	82.99066430798798	-75.42050918453828	84.5600847084557	72.7128069377151	82.99066430798788	72.71280693771432	253.09572090962675	
1.2114305303942772	-135.92940925124145	-105.92577297408275	94.87772912447826	-105.92577297408384	36.78740009208211	94.24295342126663	94.87772912447817	94.24295342126585	242.66388827589196	
1.266495554503108	-188.3248698223383	-139.3537540543246	104.76175298561667	-139.3537540543256	-16.503450380361222	116.01073158124782	104.76175298561654	116.01073158124706	231.94088433428354	
1.3215605786119387	-234.4059113965135	-171.97581756098938	111.51372844494703	-171.9758175609903	-61.704261775963516	133.8222996535352	111.5137284449469	133.8222996535344	224.86977387522742	
1.3766256027207695	-274.8277101799339	-200.15783761377656	114.86778949164281	-200.15783761377747	-88.2381002066335	144.3532860893595	114.86778949164267	144.3532860893587	226.02633901724047	
1.4316906268296004	-310.02301209659925	-221.22936523186527	115.40620144375417	-221.22936523186618	-91.36471979185993	146.14686880609798	115.40620144375401	146.1468688060972	240.24661886367642	
1.4867556509384312	-337.73217033919707	-233.95745107427456	113.9063408334577	-233.95745107427564	-72.88714359434192	139.501199521481	113.90634083345756	139.50119952148017	271.1038133839608	
1.5418206750472618	-351.89099447538905	-237.63361247190926	110.47211004081352	-237.63361247191057	-39.14240322562443	125.55390217259945	110.47211004081342	125.55390217259867	318.75574155882714	
1.5968856991560927	-344.0465042124652	-231.2922036688775	103.94284667664347	-231.29220366887887	1.9772305228158586	105.43744377032189	103.94284667664341	105.43744377032118	378.4600367774042	
1.6519507232649235	-306.01858016614676	-213.57539918684768	92.07463499181952	-213.5753991868491	44.46025285932225	80.19485722676961	92.07463499181958	80.19485722676899	441.0285505927433	
1.7070157473737542	-232.91251831711338	-184.0744752743001	72.6131962851816	-184.07447527430148	86.49276976967286	51.29702838468583	72.61319628518173	51.29702838468528	495.3116205188502	
1.762080771482585	-124.65163953562734	-145.32685577314928	44.94896467749314	-145.3268557731505	130.8678648642103	20.943822436904966	44.948964677493365	20.943822436904526	531.4663975346641	
1.8171457955914159	14.389840295682205	-103.30913880826202	11.450439161808934	-103.30913880826301	183.5135304432127	-8.550392259028705	11.45043916180926	-8.550392259029053	543.7219429709702	
1.8722108197002465	176.08484148405162	-65.54139225658955	-22.59500661244932	-65.54139225659029	249.5664537982235	-36.09454841879761	-22.595006612448913	-36.09454841879787	531.8232164674382	
1.9272758438090773	348.6038847070821	-37.85669625814337	-50.89808811630118	-37.856696258143856	329.55845894415523	-62.734985069223086	-50.8980881163007	-62.73498506922325	500.98724542931194	
1.9823408679179082	515.8695629963813	-21.714162997156365	-69.06334435152722	-21.714162997156684	417.6347097504341	-91.12806020905586	-69.06334435152674	-91.12806020905593	460.52134647790194	
2.037405892026739	658.3379451969919	-14.240441303785175	-76.70468821369505	-14.240441303785374	502.9743884353203	-123.43375444730084	-76.7046882136946	-123.43375444730083	420.9215054596845	
2.0924709161355697	756.1018437683858	-10.809565051912244	-77.49001809743915	-10.809565051912386	573.9791471512859	-158.92651536229104	-77.49001809743874	-158.92651536229096	389.8234725764956	
2.1475359402444005	794.5257165132224	-8.28709000572519	-77.10995362304357	-8.287090005725304	621.6684883620181	-192.86678437079593	-77.10995362304321	-192.86678437079584	368.26356966781225	
2.2026009643532314	768.9710805441101	-6.325742121832491	-80.29122416463684	-6.325742121832548	640.8689614651813	-217.67123200664292	-80.29122416463659	-217.67123200664284	349.47063018896995	
2.2576659884620622	685.9787732863036	-6.221055340166558	-88.35097229140783	-6.221055340166629	628.9137187663159	-226.097982802986	-88.35097229140769	-226.09798280298597	321.54869516493216	
2.3127310125708926	560.9590638844693	-8.549028828530911	-98.12509549740889	-8.549028828530949	584.4947308230485	-214.70497604555692	-98.12509549740881	-214.704976045557	273.25792907135116	
2.3677960366797235	412.834075824715	-11.233356072660271	-102.66184208244874	-11.233356072660335	508.12510508832054	-185.54574580823606	-102.6618420824487	-185.54574580823612	200.12303112785963	
2.4228610607885543	259.4547164068942	-9.638678276309577	-93.68260107717796	-9.638678276309648	404.0194954871053	-144.9145560584633	-93.68260107717798	-144.91455605846338	107.86781424023755	
2.477926084897385	114.88892496713801	2.0905180478359426	-64.99231705061625	2.0905180478359284	281.19439170109007	-99.81500255834673	-64.99231705061626	-99.81500255834683	11.514666492592713	
2.532991109006216	-10.796691097061853	28.221852730438854	-15.59468629525692	28.221852730438798	153.08124897940544	-54.399857193191764	-15.594686295256935	-54.39985719319186	-69.56146633209812	
2.588056133115047	-110.3816848729099	68.75524858320203	49.0744222770541	68.75524858320199	34.67769124034204	-8.644469247500481	49.074422277054104	-8.644469247500531	-118.57388515670067	
2.6431211572238773	-178.93325525095284	118.27979288826636	118.44681565735988	118.27979288826627	-60.764812524772424	39.91344780163184	118.4468156573599	39.913447801631854	-127.47828632379458	
2.698186181332708	-214.42008688359715	167.52202291938696	180.0748998593348	167.5220229193868	-123.97304134489961	92.67216805972035	180.07489985933483	92.67216805972038	-99.68859389692875	
2.753251205441539	-218.55426727673495	206.9652205791286	223.20117398398332	206.9652205791284	-150.67583311120396	146.9933596050064	223.20117398398338	146.99335960500645	-48.0142411946954	
2.80831622955037	-196.47949586915922	230.87643532493948	241.37588192208221	230.87643532493922	-141.00635300815256	195.5792105984759	241.37588192208221	195.57921059847592	11.370168350436934	
2.8633812536592007	-155.33139010148625	239.07426132703114	233.61543766109935	239.07426132703085	-98.66173276581209	228.51636995356012	233.61543766109932	228.51636995356017	65.93669526834138	
2.9184462777680316	-102.00761060766823	235.25893645652968	204.3618362697416	235.2589364565294	-30.804153143974368	237.0956397403375	204.36183626974156	237.09563974033756	111.03320193414649	
2.9735113018768624	-41.765868123609295	223.96302571102487	162.5545614017696	223.96302571102464	51.903041729611076	217.55008117443037	162.5545614017696	217.55008117443043	149.24066698915993	
3.028576325985693	21.129405355397964	207.57352093613437	119.59608091348274	207.57352093613412	135.2689430730723	173.0069668673953	119.5960809134827	173.0069668673953	185.82148126054204	
3.0836413500945237	81.9443808015094	185.91472740167532	86.30714859049273	185.91472740167512	204.00976297624084	112.66362200996764	86.3071485904927	112.66362200996767	223.44563029293275	
3.1387063742033545	133.29672814422315	158.20115911843533	69.54955924327031	158.20115911843516	245.50368093230657	48.53904189884533	69.54955924327028	48.539041898845355	259.4071264760882	
3.1937713983121854	164.78225722442414	125.37548963439372	70.10509012483648	125.37548963439359	253.69324156710925	-8.487788736455219	70.10509012483647	-8.487788736455187	286.3089473334495	
3.2488364224210162	165.08998936202835	90.74410297452026	83.0210066563459	90.74410297452013	230.43302986056193	-51.51106666928003	83.0210066563459	-51.51106666928	295.354115301349	
3.303901446529847	126.26988762782075	58.67630349302972	100.37095970779464	58.67630349302962	183.6557791146945	-78.15889972057232	100.37095970779464	-78.15889972057226	280.20380399755334	
3.3589664706386775	48.11029328291746	31.902528263515478	114.78994093761831	31.902528263515407	123.32341247018121	-89.18800134725768	114.78994093761833	-89.18800134725764	239.64139783244502	
3.4140314947475083	-59.61455764212827	10.342029016297495	121.95029522423293	10.342029016297406	58.50278519431539	-86.54552877632209	121.95029522423295	-86.54552877632206	178.20718103379966	
3.469096518856339	-179.33754700491093	-7.816684684847537	121.16458130763101	-7.81668468484763	-3.9733865217554936	-72.19644814650951	121.16458130763104	-72.19644814650947	104.73487746584135	
3.52416154296517	-291.00950413237143	-23.64419748442271	114.5914605512809	-23.644197484422765	-58.71738177233677	-48.31188543885888	114.5914605512809	-48.31188543885885	29.585447357285027	
3.579226567074001	-377.8552528895269	-36.27806364236022	105.89012063550194	-36.27806364236029	-101.36960404753296	-18.217091263378883	105.89012063550196	-18.21709126337887	-38.37261440312517	
3.6342915911828317	-429.7381069733522	-43.66143350085386	98.84817416922388	-43.66143350085392	-128.4980733981818	12.995264729700141	98.84817416922388	12.995264729700144	-93.81743137967308	
3.6893566152916626	-443.76008658810275	-44.97011273437114	96.13546159604402	-44.970112734371185	-137.99627381264474	39.069479016308115	96.13546159604402	39.06947901630812	-135.40576603393677	
3.744421639400493	-422.9090473032262	-42.156296617652124	98.48077199974642	-42.156296617652146	-128.62312134109237	54.43612624726618	98.48077199974642	54.43612624726616	-164.55026182545606	
3.799486663509324	-374.82964595362773	-39.44773839266228	104.69829581089587	-39.44773839266229	-99.45741121590287	56.29093102985581	104.69829581089587	56.29093102985579	-183.2238701293222	
3.8545516876181547	-310.0985749042325	-41.18861238298546	112.46236595156184	-41.18861238298546	-49.920256252374	45.61351911101306	112.46236595156185	45.613519111013034	-191.79807040156297	
3.9096167117269855	-239.73173746143854	-49.38360477790137	119.30461648495123	-49.38360477790137	18.774405981469172	26.34096622740864	119.30461648495125	26.340966227408625	-188.1748621331601	
3.9646817358358164	-172.0334839271494	-62.759982138808134	123.02391953497497	-62.75998213880815	101.93147961302321	3.035587364099813	123.023919534975	3.0355873640998094	-168.90253157841508	
4.019746759944647	-110.42499796019385	-77.53110078877333	121.61044604797496	-77.53110078877336	190.33783722236615	-21.55150721763219	121.61044604797502	-21.55150721763215	-131.94774718521117	
4.074811784053478	-54.55063362878451	-88.95653858916533	113.41898450532523	-88.95653858916538	271.36273973467104	-47.505836453248975	113.41898450532528	-47.505836453248904	-79.58020247679467	
4.129876808162309	-3.8223595509375983	-92.60794636139894	98.22047917602872	-92.60794636139903	332.14892265502203	-76.59549248349046	98.22047917602876	-76.59549248349033	-19.485944058024224	
4.184941832271139	39.04034789238335	-85.30312757520117	78.70882035526631	-85.30312757520127	363.54854738024363	-109.61754016240165	78.70882035526635	-109.61754016240153	36.84155941714655	
4.24000685637997	67.53593641308383	-65.80325994489607	61.095967507771604	-65.80325994489615	363.0343990544681	-143.82266071366368	61.09596750777163	-143.82266071366357	77.96738821560896	
4.295071880488801	74.37673393203534	-35.602892301068536	53.453728828663984	-35.602892301068664	335.1204356646267	-172.30775231881634	53.45372882866401	-172.3077523188162	96.94410026345344	
4.3501369045976315	55.804264031473544	0.37309675951455645	61.89136140139758	0.37309675951442145	288.93013714278993	-186.18097339313138	61.891361401397646	-186.1809733931313	94.32348145904646	
4.405201928706463	14.357842082193685	34.30609889103185	86.3907980776746	34.30609889103171	234.76963313314607	-178.61117980749293	86.39079807767467	-178.61117980749287	78.31735950755069	
4.460266952815293	-40.90833185625466	57.61916045765551	118.96464009699001	57.61916045765535	181.7203196113189	-148.3762948861193	118.96464009699008	-148.3762948861193	61.98147680679232	
4.5153319769241245	-96.91976577769765	63.952185716098526	145.9111848523814	63.95218571609836	137.6034819536859	-100.82597087080526	145.9111848523815	-100.82597087080526	58.438194589354666	
4.570397001032955	-139.8115096687654	51.43770533288008	153.3125012043699	51.43770533287992	110.83250960231372	-45.76966734374776	153.31250120437005	-45.769667343747784	76.07715921546999	
4.625462025141785	-157.90462382669452	23.278057412644817	133.11539524003223	23.27805741264464	111.32991910989016	6.312770144314143	133.1153952400324	6.312770144314161	115.66337977474457	
4.680527049250617	-143.98303392678685	-13.800372791846748	86.55365075596303	-13.80037279184694	147.79885536193427	47.38234693320989	86.55365075596322	47.38234693320993	170.49412323168931	
4.735592073359447	-96.17331131503147	-51.866687014789775	23.378703601110253	-51.86668701479	223.12745481878085	73.12276090834264	23.378703601110413	73.12276090834267	229.44904328434663	
4.790657097468278	-18.031562287911186	-83.7202332203729	-42.24127170295451	-83.72023322037313	330.7091740755363	82.66434144129317	-42.24127170295437	82.66434144129323	281.52641364965984	
4.845722121577109	83.24043965136755	-104.16700086412683	-96.75167121417708	-104.16700086412709	455.71997826048613	77.94808318674484	-96.75167121417704	77.9480831867449	319.8179854652785	
4.90078714568594	199.22498256993507	-110.96796495036386	-130.86109140604617	-110.96796495036408	580.7423705005028	63.411433925138475	-130.86109140604617	63.411433925138496	343.1049652616734	
4.95585216979477	321.65212716799283	-105.39663983647466	-140.7751163517529	-105.39663983647475	691.872688232465	45.533332097383465	-140.775116351753	45.53333209738344	354.4878843163121	
5.010917193903601	441.8934081877343	-92.8203213266657	-127.47757626016457	-92.82032132666568	780.7390545915173	31.37072250616957	-127.47757626016472	31.370722506169525	358.08550458889613	
5.065982218012432	549.1298236939522	-81.68083208914476	-95.24399428877908	-81.6808320891446	842.7761931746558	26.035299422247537	-95.24399428877926	26.035299422247434	356.091727058714	
5.1210472421212625	630.2870883825796	-81.16915449118474	-50.2454311823887	-81.16915449118443	874.0785118785595	30.421948490249342	-50.245431182388884	30.421948490249164	348.0354855316849	
5.176112266230094	672.9625304575305	-97.95762232639646	0.5537415675817066	-97.957622326396	871.3266786009134	40.65717283098148	0.5537415675815609	40.65717283098129	332.5317912563567	
5.231177290338924	670.8817619906828	-133.46988430515987	50.36582658078791	-133.46988430515935	834.7093382219998	49.94717098951365	50.36582658078784	49.94717098951344	309.9925817453376	
5.286242314447755	628.5710263511161	-183.13117639629687	93.48402608759102	-183.1311763962963	771.4275018629287	51.87081616992344	93.484026087591	51.87081616992322	284.2629969376219	
5.341307338556586	561.0187056479307	-237.49076275038584	125.9759522167353	-237.49076275038527	695.534626587699	43.36390570915672	125.97595221673532	43.36390570915651	261.9586242879451	
5.396372362665416	487.98370277739303	-285.01097421394354	145.86231455997768	-285.010974213943	623.8464535176204	25.869504473543678	145.86231455997768	25.869504473543493	249.97151636317312	
5.451437386774248	426.07887741049234	-314.9065142416181	152.77657207908118	-314.90651424161763	569.1236262677102	4.2220927460192605	152.77657207908115	4.22209274601909	252.50756388292413	
5.506502410883078	382.81845193406764	-319.8386117259196	147.4783435557676	-319.83861172591924	534.6892285890622	-15.854812521141522	147.4783435557675	-15.8548125211417	269.2680084609595	
5.561567434991909	356.28317540306944	-297.9102913081233	131.5655986858981	-297.91029130812313	513.5373156762479	-30.1796851007546	131.56559868589792	-30.179685100754824	295.5535541899504	
5.61663245910074	338.89736777801716	-253.69123535558504	107.63897090345549	-253.691235355585	492.3655331055565	-37.442417507322226	107.63897090345517	-37.44241750732255	324.03978071735855	
5.67169748320957	322.6540237412842	-197.39156406061267	79.61554435667786	-197.39156406061275	458.4126294215312	-39.10888377011131	79.61554435667747	-39.10888377011178	347.19545659154306	
5.726762507318401	301.989210470494	-141.7345310602691	52.67423596610189	-141.73453106026946	405.36262171989006	-38.29098590281774	52.67423596610145	-38.290985902818385	359.17498023682214	
5.781827531427232	274.1980699147907	-97.5167957286673	32.44104822641086	-97.51679572866786	334.89177268840217	-38.28182502641481	32.44104822641038	-38.28182502641564	356.56530875896567	
5.836892555536063	237.92038213564717	-69.72799854888615	23.44595957042486	-69.72799854888689	254.0338500735878	-41.34335083699825	23.445959570424456	-41.34335083699925	338.06715219066996	
5.8919575796448935	192.9195330606784	-56.20581598250902	27.44802185051209	-56.205815982509904	171.1054055058213	-48.08391804312846	27.448021850511818	-48.0839180431296	303.95005651909185	
5.947022603753725	140.830615957007	-49.419834924495895	42.63049937748308	-49.41983492449694	93.33589619830488	-57.56121160862132	42.630499377483	-57.561211608622486	256.10645655936514	
6.002087627862555	86.31693215212216	-40.630080317987364	64.24110310700424	-40.63008031798843	26.96316575760153	-67.98186240182147	64.24110310700438	-67.98186240182257	198.80719680330648	
6.057152651971386	36.6794382592623	-23.958660050677736	86.67085950446211	-23.958660050678844	-21.590297295616576	-77.59669216005776	86.67085950446248	-77.59669216005868	139.37144093601654	
6.112217676080217	-1.542658235947897	1.60172170067416	105.93643628291449	1.6017217006730862	-46.691818238665476	-85.41079695874689	105.93643628291511	-85.41079695874757	87.59879801194441	
6.167282700189047	-25.563515870335834	32.45360301427239	121.18540024159594	32.45360301427137	-45.90597564832628	-91.40081572694054	121.18540024159678	-91.40081572694095	53.59963936410454	
6.222347724297879	-37.70184610823975	62.766327545693514	134.42286175092062	62.76632754569259	-22.256280677965826	-96.33125822145813	134.42286175092156	-96.33125822145831	44.655250310301454	
6.277412748406709	-43.21347134773805	87.00324573295919	148.69492579774342	87.00324573295838	16.062089746813623	-101.31417345989682	148.69492579774442	-101.31417345989684	62.52982159638489	
6.33247777251554	-46.42373238024359	101.65255305876616	165.84056937564094	101.65255305876552	58.85738078158689	-107.19298586561624	165.84056937564196	-107.19298586561618	102.5749727350602	
6.387542796624371	-48.01519234248889	106.15138339233451	185.14828609701675	106.15138339233403	97.74711610899354	-113.82924829136401	185.14828609701775	-113.82924829136385	155.00201938292662	
6.442607820733201	-45.540238325580276	102.69412030164006	203.67139696647752	102.69412030163977	128.1251784101467	-119.61354591278773	203.67139696647854	-119.61354591278752	207.77586225470924	
6.4976728448420324	-36.46299866665625	95.8956256526752	217.84975341858268	95.89562565267516	148.84285696481945	-121.68996617809697	217.84975341858373	-121.68996617809668	249.89355675518289	
6.552737868950863	-21.173536728279984	91.97844463790054	225.36549474280713	91.97844463790076	160.6831194625792	-117.00711665038713	225.36549474280827	-117.00711665038678	273.858703365128	
6.607802893059694	-4.478907860443712	97.53927118901771	226.1699114038555	97.5392711890182	165.16383144054151	-103.89652185758754	226.16991140385682	-103.89652185758715	276.7642610020659	
6.662867917168525	6.258696192814995	117.58697786795757	222.21896564211696	117.58697786795831	164.646079376574	-83.18143788238734	222.21896564211838	-83.18143788238694	259.98031726365343	
6.717932941277355	4.6752722537335885	153.47380278480915	216.31688456747744	153.47380278481012	162.65792905329224	-58.19239571197827	216.3168845674789	-58.19239571197795	227.9286484908697	
6.772997965386186	-11.203281954948054	201.68321376001683	210.82916824052887	201.68321376001796	163.1687607898726	-33.66746119495088	210.82916824053035	-33.66746119495066	186.52906056341814	
6.828062989495017	-38.39236110547402	254.14658925210014	206.93201920846712	254.14658925210145	168.51534158516915	-14.14877857297837	206.93201920846852	-14.148778572978262	141.7715609390467	
6.883128013603848	-71.37554620613737	300.4157959865422	204.6640599439057	300.41579598654357	177.41763690109627	-2.6372018745820824	204.66405994390698	-2.6372018745820682	98.69808672632816	
6.938193037712678	-106.15049862983668	330.3761045572428	203.56060454233014	330.37610455724433	184.7398495087213	0.1020841773963248	203.5606045423313	0.10208417739624132	60.912359067096325	
6.99325806182151	-142.44517267477116	336.69869685860726	203.4028400733424	336.69869685860874	184.20221025515752	-4.485327947078302	203.40284007334344	-4.485327947078433	30.573556122783877	
7.04832308593034	-182.45823657940906	315.9807308434106	204.66597644107904	315.9807308434121	172.57088805603505	-13.420637766677881	204.66597644107998	-13.420637766678047	8.72020603887121	
7.1033881100391705	-226.8068151127004	269.1122170594114	208.3436089687894	269.1122170594128	152.0040889914962	-23.28889555963036	208.3436089687903	-23.288895559630507	-4.296301300340766	
7.158453134148002	-271.54945733157984	201.31338447668557	215.29147260749576	201.3133844766868	129.03248151401755	-31.372643236757835	215.29147260749656	-31.37264323675795	-8.483906784705605	
7.213518158256832	-307.6956544809206	121.54549773773675	225.456111737712	121.54549773773769	110.55117199954421	-36.35031321889117	225.4561117377128	-36.35031321889123	-4.040340053900329	
7.2685831823656635	-324.69643493040803	41.199718166146624	237.40701312164765	41.199718166147136	100.3424847254758	-38.251466286632755	237.40701312164845	-38.251466286632734	8.634095430071714	
7.323648206474494	-314.6809629636098	-28.55439868789278	248.37699733576528	-28.554398687892753	98.1084452770265	-37.827629853762296	248.37699733576608	-37.82762985376219	28.720035800650138	
7.378713230583325	-275.5290610975983	-79.9427395324371	254.84025547455312	-79.9427395324376	101.81684391601652	-35.77723762970835	254.84025547455397	-35.77723762970816	54.62452676464352	
7.433778254692156	-211.99152941926343	-110.73546551432561	253.48855336460167	-110.73546551432662	109.78273587528493	-32.316183824568284	253.48855336460258	-32.31618382456798	83.70677501391667	
7.488843278800986	-134.23419676039262	-124.42755655972064	242.37513585602807	-124.42755655972206	121.4765143623543	-27.2891585706543	242.37513585602898	-27.289158570653882	112.41488296497872	
7.543908302909817	-55.54516421676171	-128.1001790453114	221.86099999373693	-128.10017904531313	135.91486062973289	-20.63490416208076	221.86099999373778	-20.634904162080225	137.04367602413717	
7.598973327018648	11.202009205835477	-129.1479720742353	194.93548121259806	-129.14797207423712	149.88450019729328	-12.829624364938674	194.93548121259886	-12.829624364938054	154.9892608051303	
7.654038351127479	56.62257211467555	-132.4145415043528	166.64438766199615	-132.4145415043546	157.46844659357532	-4.960058857398649	166.64438766199683	-4.960058857397977	165.91849731879898	
7.709103375236309	77.2931308616009	-138.87656884177716	142.70397898945077	-138.87656884177875	151.58034487326915	1.6211417285948806	142.7039789894514	1.6211417285955396	172.12730876302817	
7.76416839934514	75.64307503564042	-146.43333259291347	127.76806028439348	-146.43333259291472	127.28578472167051	5.781246650236385	127.768060284394	5.78124665023698	177.7569876379697	
7.819233423453971	58.82378723068095	-151.9631979184633	123.91677912325943	-151.96319791846415	84.97136016602734	6.933964250784385	123.91677912325986	6.933964250784862	187.07069508469903	
7.8742984475628015	36.0071316431487	-153.63407999446193	130.00281595665606	-153.6340799944624	32.34123152646866	5.069835708871282	130.00281595665646	5.069835708871609	202.58223370955716	
7.929363471671633	15.807647501833817	-151.89869019854467	142.10970575102152	-151.8986901985448	-17.24607985705555	0.5989299783276825	142.10970575102192	0.5989299783278694	223.84630212223385	
7.984428495780463	4.498059733569335	-148.89760067582958	155.0355626351909	-148.89760067582947	-48.93947937220758	-5.797462952027396	155.03556263519133	-5.7974629520273	247.4556844895859	
8.039493519889295	4.632750690124951	-146.60331420019182	164.23011089513847	-146.6033142001916	-52.07960647121976	-13.25614407120922	164.23011089513892	-13.256144071209143	268.28468971134134	
8.094558543998126	15.399319592672057	-145.44268252997867	167.3340234182653	-145.4426825299784	-24.058964090614783	-20.833373067596376	167.3340234182658	-20.833373067596217	281.40002118737647	
8.149623568106955	33.82818829886328	-144.1045625264535	164.58071389949868	-144.10456252645326	29.246788161144895	-27.680404796609935	164.58071389949916	-27.68040479660962	283.81870465779826	
8.204688592215787	57.29629121760425	-140.90862864919018	157.93061688881957	-140.90862864919018	96.34378042883617	-33.22212559314487	157.93061688882005	-33.222125593144355	275.4196191148957	
8.259753616324618	85.1541818296234	-135.2822786086903	149.52987616891502	-135.2822786086905	164.23012632362506	-37.177575077588344	149.5298761689154	-37.17757507758765	258.68745124558586	
8.314818640433447	118.58007288934188	-128.29238037236354	140.51064858082324	-128.2923803723639	221.74059059269553	-39.37936774184956	140.51064858082353	-39.37936774184872	237.6422908840455	
8.369883664542279	158.02652115783474	-121.88372374156901	130.82732207233215	-121.88372374156953	261.24561628413494	-39.48184931697959	130.8273220723323	-39.48184931697871	216.54905764918612	
8.42494868865111	200.1211120543677	-117.21896094804562	120.05872924452373	-117.21896094804613	279.23577191772756	-36.742256116712355	120.0587292445237	-36.74225611671156	198.9572303996337	
8.48001371275994	237.0639794691147	-113.65080254511062	108.3862271415314	-113.65080254511103	276.6181792041069	-30.081580485946034	108.38622714153128	-30.081580485945427	187.22473013311014	
8.53507873686877	259.64553424150256	-109.08126140788237	96.8826325507093	-109.08126140788254	258.4746565378553	-18.45837189306055	96.88263255070916	-18.458371893060214	182.41917344736646	
8.590143760977602	262.67928503284804	-101.29788447355342	86.87894328685005	-101.29788447355327	233.37594958617024	-1.4357535180540406	86.8789432868499	-1.4357535180539802	184.38028848161466	
8.645208785086433	248.66673540116582	-89.65227964262016	78.96907536025071	-89.65227964261962	210.8024090993585	20.25813879638367	78.96907536025066	20.25813879638351	191.84245295462773	
8.700273809195263	226.76464697771527	-75.7199216507079	72.44957092927751	-75.71992165070702	197.67506015786046	44.44753513145668	72.44957092927757	44.44753513145642	202.55717601177747	
8.755338833304094	207.4695146666177	-62.404581491918265	65.5500484012633	-62.404581491917085	194.71582954450366	67.75241285551922	65.55004840126347	67.752412855519	213.4181441618288	
8.810403857412926	196.55061226976267	-52.256118857694474	56.23014255889845	-52.256118857693124	195.3916613684232	86.44932302429399	56.23014255889868	86.44932302429388	220.68638994736042	
8.865468881521755	192.2125045372382	-45.76565990715717	42.982349455372976	-45.765659907155744	188.54191492020485	97.68391574420514	42.98234945537323	97.68391574420524	220.60596629287295	
8.920533905630586	187.22904429004262	-40.83607740046746	25.29484102351232	-40.83607740046608	163.64939741694923	100.49054851166417	25.29484102351258	100.4905485116644	210.54532555374527	
8.975598929739418	173.74818253428188	-33.705113303109066	3.829263534758228	-33.705113303107815	116.32643405239929	96.10969631310859	3.8292635347584705	96.10969631310883	190.39448981396342	
9.030663953848249	148.2883145925719	-20.727875268814017	-19.484587992970006	-20.727875268812987	50.740539825132736	87.385204313499	-19.484587992969814	87.3852043134992	163.4830166662132	
9.085728977957078	113.93473334132044	-0.14151082949354077	-41.45215416593242	-0.14151082949277338	-21.530579434478742	77.58043381386304	-41.45215416593232	77.58043381386305	136.15012116966275	
9.14079400206591	79.5085262453249	26.961766616459254	-57.98022923843901	26.961766616459737	-85.8058467991695	69.20148090249316	-57.98022923843905	69.20148090249295	115.67762946856102	
9.195859026174741	56.12480074989375	56.896354341321526	-64.99779871939154	56.896354341321796	-128.64790688037158	63.33726547313113	-64.99779871939177	63.337265473130685	107.33490621449063	
9.25092405028357	52.781646527985146	84.5909876901905	-59.81472398215154	84.59098769019064	-141.69793013282447	59.680000496847086	-59.81472398215195	59.680000496846475	111.95733009168816	
9.305989074392402	72.8738131547605	105.14785244721814	-42.32190809744881	105.14785244721834	-122.95234179489972	57.013154145513255	-42.32190809744935	57.013154145512544	125.46315039097145	
9.361054098501233	112.74324174613793	115.06148759509452	-15.352084568563374	115.06148759509486	-76.99049630105095	53.800433872527115	-15.352084568563953	53.800433872526355	140.60568556238687	
9.416119122610064	163.1924461651309	112.77478933511551	16.076540792366963	112.77478933511611	-13.382841699945239	48.56417431841143	16.07654079236646	48.564174318410664	150.12252334273538	
9.471184146718894	212.7673849731649	98.78614158394646	46.303709250618525	98.78614158394726	55.592684370231865	39.9847637496897	46.30370925061821	39.98476374968892	149.71111412903474	
9.526249170827725	251.60356552384928	75.11890852457762	70.59442193595751	75.11890852457859	117.82951792909677	26.874757097405023	70.59442193595743	26.87475709740418	139.42262126371264	
9.581314194936557	274.0517904871243	45.02240474266771	86.08819882530095	45.022404742668755	163.86389680498607	8.259914683352035	86.0881988253011	8.259914683351095	123.00221111561481	
9.636379219045386	279.3696330447359	12.46790968443971	91.96593936244565	12.467909684440698	188.13537154973676	-16.299342313776627	91.96593936244598	-16.2993423137777	105.69393489089948	
