# Stress in units of bar (10^5 Pa)
# z	Sxx	Sxy	Sxz	Syx	Syy	Syz	Szx	Szy	Szz
0.0	2.327175107334437	-344.6431871182078	124.21811809399621	-344.64318711820476	99.84934181470358	10.380042591972968	124.21811809399738	10.380042591969852	-18.489443015781024	
0.05506502410883078	500.7392745288162	-27.73899166424543	125.11891153804442	-27.738991664246434	521.8251692531096	-58.33687774695999	125.11891153804886	-58.33687774696079	39.25605677083125	
0.11013004821766156	-514.2162710945604	-248.03057274450768	116.2780409169887	-248.03057274450873	-733.4447536776697	-130.51477337258225	116.2780409169888	-130.51477337258524	68.65931096061067	
0.16519507232649233	1162.015664968625	-58.08221482845466	-39.54364834850189	-58.08221482845524	1022.7026891849392	-231.59175409466488	-39.54364834850522	-231.59175409466616	184.31952106974393	
0.22026009643532313	-41.68642065233511	-280.1958619187377	-7.857982392356924	-280.1958619187391	-72.71014745193682	-202.05268074170007	-7.857982392356094	-202.05268074170252	111.59377806139503	
0.2753251205441539	192.9898133950218	112.36506924234912	4.755318445186579	112.36506924235017	91.09212390021212	-284.94467895344616	4.755318445185979	-284.9446789534467	160.4704760465342	
0.33039014465298466	-647.6119510734819	301.8626690800815	62.97845211615575	301.8626690800816	-1000.3807334030132	-277.1352083876078	62.9784521161531	-277.13520838760775	53.99089247839919	
0.38545516876181546	157.554618477411	-427.15722400391076	-0.5619988080348242	-427.15722400390996	346.34114969981334	-180.36074897379984	-0.5619988080384005	-180.36074897380163	-158.24006474395262	
0.44052019287064625	873.2331659865694	376.57837428717653	-32.564450285901636	376.5783742871808	-235.9095969320438	-129.91972642838428	-32.56445028590181	-129.91972642838536	-93.91328271589202	
0.49558521697947705	151.37480404157702	-639.7323811591715	-4.0124956575135435	-639.7323811591714	-394.4881253034116	-62.058409181419684	-4.012495657515774	-62.05840918141875	-91.18895539926453	
0.5506502410883078	318.0943154766035	6.33133979550297	-46.330084045263355	6.331339795501578	33.42914236573232	19.49689435306173	-46.33008404526554	19.49689435306349	-70.51985739975844	
0.6057152651971386	-580.111121798914	-27.560390434496806	-29.16953539691392	-27.560390434494526	-476.0983335581461	29.823690560440387	-29.16953539691399	29.82369056044102	-63.568352609005395	
0.6607802893059693	139.66003412536065	265.16531034719515	-7.249447754145264	265.1653103471944	151.3571563115968	28.692390791759163	-7.249447754145653	28.69239079175796	90.55279908999027	
0.7158453134148002	181.36800237495578	-5.356901296006714	-33.831909091446704	-5.3569012960059466	-613.6351493682855	-20.730169125261497	-33.83190909144669	-20.73016912526185	75.9163216155002	
0.7709103375236309	-314.5723950024503	-589.7637381602749	-39.38562007642254	-589.7637381602725	-530.834778222805	-85.43506565087219	-39.38562007642302	-85.43506565087073	167.23350687118727	
0.8259753616324618	544.6576721165037	110.06123581511099	47.08277468915028	110.06123581511524	-112.1469899028336	-10.706752643277948	47.082774689148636	-10.70675264328094	102.98361264846744	
0.8810403857412925	-109.27784985835778	-273.02886477747506	-5.391241270617317	-273.0288647774758	-234.35054360660357	14.42311215833505	-5.3912412706193376	14.423112158333483	207.2596724391341	
0.9361054098501232	712.925241291392	617.3229751485051	62.35732601727214	617.3229751485007	716.7291580354542	171.06882548788303	62.35732601727047	171.06882548788238	315.73329567625643	
0.9911704339589541	-415.8402115601267	-317.2574809125448	66.03933951135211	-317.25748091254184	-136.8992879070151	119.91816462490185	66.0393395113525	119.9181646249014	371.81542214597783	
1.0462354580677848	652.9722999500101	75.89475337835418	79.35413389706108	75.89475337834999	704.685914310697	-87.31020735531108	79.35413389706355	-87.31020735531149	308.51812379900514	
1.1013004821766157	-336.77929827336607	-65.84455192203983	32.102114745097744	-65.84455192204037	-368.31415235001197	-68.71723793502119	32.102114745097566	-68.71723793502225	352.38840293664026	
1.1563655062854463	308.2232797283402	-32.7193572020868	36.83031196425714	-32.719357202087245	671.1427935133282	16.46867101324629	36.83031196425613	16.46867101324498	225.04234970595655	
1.2114305303942772	-863.5248957956869	-40.36214847127322	-6.406745041912721	-40.36214847127639	538.0584284119936	37.77531496527701	-6.406745041912904	37.775314965276266	136.7433841177706	
1.266495554503108	330.64089810448496	-178.1967084592092	267.4422456316949	-178.19670845921138	-593.873798784408	220.91428830196398	267.4422456316946	220.91428830196327	235.92987708200408	
1.3215605786119387	-797.5618814196735	66.50179851015321	294.47711342549934	66.50179851015325	-265.09415265957284	260.92075990263214	294.47711342549945	260.92075990263197	309.72688707962385	
1.3766256027207695	14.809033920727966	-430.2184482868452	-34.44744546296989	-430.2184482868433	-501.53750760237483	131.0965656186348	-34.44744546296884	131.09656561863383	216.05757710666697	
1.4316906268296004	-90.6068705255856	-762.6100692670798	95.04274127132408	-762.6100692670813	138.94196615030538	299.1197765459268	95.04274127132244	299.11977654592874	175.471610964025	
1.4867556509384312	-645.5028656426531	282.9892324759505	114.56789003875353	282.98923247595025	-173.13718601116162	154.97158250395162	114.56789003875258	154.97158250394654	17.0335824550511	
1.5418206750472618	24.503016080935407	-558.7901374887298	122.21784913836784	-558.7901374887304	-316.77593847595523	4.425171558213125	122.21784913836895	4.425171558211528	27.158203785983822	
1.5968856991560927	-1077.9511533226776	572.3648761172806	239.12436683600086	572.3648761172784	-121.7239979791078	51.89623998099517	239.1243668360009	51.89623998099666	337.2722833503705	
1.6519507232649235	-211.8204166304578	-1351.6603768839866	-99.89282174796115	-1351.660376883991	1289.3905428720318	255.99626125654066	-99.89282174796227	255.99626125654007	588.7111444747075	
1.7070157473737542	-643.090552519334	-18.31851037863285	106.78620522160278	-18.318510378634908	-1465.8446944245152	256.7164116787119	106.78620522160332	256.7164116787111	774.4355460199424	
1.762080771482585	-489.0502715065209	7.798090864276859	359.74518372731734	7.798090864274394	1040.6456621627733	-80.98781892716738	359.7451837273171	-80.98781892716791	722.8611916595189	
1.8171457955914159	18.06920713034964	-231.9694359240525	202.3082907052177	-231.96943592405225	688.4176907270073	-198.208904281839	202.30829070521858	-198.2089042818397	557.8704926008713	
1.8722108197002465	975.5879580115804	-350.1991331828327	-192.8116066721399	-350.1991331828321	-1234.1168313877158	-120.34721726689772	-192.81160667213862	-120.34721726689763	611.1809643962616	
1.9272758438090773	-196.82210238941423	918.0022729576013	-293.412900801915	918.0022729576008	554.8366078305937	-48.29707372514723	-293.4129008019152	-48.29707372514689	704.9122701037957	
1.9823408679179082	-997.6088988080108	74.32807631719822	-378.1793533848658	74.32807631719841	353.8123516050919	10.720753069033663	-378.17935338486495	10.720753069032813	670.7761308249126	
2.037405892026739	2417.0672651401737	-610.238631361249	-4.820022900750629	-610.238631361249	766.5146122554279	67.62049161895659	-4.820022900750575	67.62049161895563	243.90511451524424	
2.0924709161355697	1703.5363932543294	376.1795140430167	152.21947430877273	376.1795140430154	1433.800049962319	-138.83328551431657	152.21947430877398	-138.83328551431498	-87.0765642382317	
2.1475359402444005	-116.95883130670215	-1248.1668537983212	-155.72721321367945	-1248.166853798321	-7.950363062709229	-219.84276903748705	-155.7272132136789	-219.842769037486	43.26776328825531	
2.2026009643532314	2392.2213413375457	1417.721709524521	-36.55739892175336	1417.7217095245232	1226.0715929451105	-230.26500286049964	-36.55739892175308	-230.26500286049972	565.8098303234773	
2.2576659884620622	65.99000914758591	77.97002845110406	-19.559836100838467	77.97002845110208	-24.770753394144826	-569.446684124505	-19.55983610083845	-569.4466841245052	787.8461123273237	
2.3127310125708926	1039.5015607381442	-752.4057616346743	50.520783345562805	-752.4057616346746	1075.8612005416933	-531.2031405228647	50.52078334556259	-531.2031405228649	312.54952440819875	
2.3677960366797235	404.62301105227664	-103.91290390270511	-149.30084457473978	-103.91290390270521	1643.002338101028	-291.7350245947894	-149.30084457474018	-291.73502459478925	614.3272344749712	
2.4228610607885543	-226.93093314254747	877.9639432220616	-283.690963865253	877.9639432220616	-385.5382053462077	-3.4232821828914743	-283.6909638652535	-3.423282182892685	347.2932077352604	
2.477926084897385	-423.3449561503781	-626.484874111617	-456.73642567557914	-626.484874111617	361.2450199975383	272.187122434575	-456.73642567557874	272.1871224345749	-311.8241462044149	
2.532991109006216	1095.1191588836246	-43.09088937068529	-215.6658150858341	-43.09088937068461	761.6514726868392	-36.00805242234578	-215.66581508583386	-36.00805242234551	-323.2362457377359	
2.588056133115047	-516.4859003752887	-391.3942190111898	88.49108049716855	-391.39421901118976	-869.0681778526074	-125.83640827960905	88.49108049716796	-125.83640827960977	-444.4444572369621	
2.6431211572238773	-1216.059919301323	65.85054053156527	268.86314996827144	65.85054053156502	147.96263408952956	-274.0948873440281	268.8631499682714	-274.0948873440273	-519.7755566730065	
2.698186181332708	61.09139382291922	524.3729668447922	344.39976993682313	524.3729668447924	-774.8454605216494	126.75189536151629	344.39976993682365	126.75189536151625	-547.050546509067	
2.753251205441539	-258.1477186016766	775.126117664876	423.9624242248306	775.1261176648757	46.414039179422964	182.24619044614516	423.962424224831	182.2461904461458	-29.9925943941674	
2.80831622955037	-767.473132498291	-44.81167464626655	324.405644132142	-44.81167464626718	-457.40909198403784	138.60895775662914	324.405644132142	138.60895775662883	625.228141384212	
2.8633812536592007	879.0717698479962	440.4079444079026	377.38031730439997	440.4079444079022	-34.04049336820965	388.38930785291984	377.38031730440025	388.38930785291984	500.26205320203877	
2.9184462777680316	-1316.5375135202266	105.4827191727425	380.8298566084155	105.48271917274205	-280.47089450059906	591.3562832946891	380.8298566084149	591.3562832946888	-75.90678123932858	
2.9735113018768624	636.670545246004	154.01195226112935	192.6169719559032	154.01195226112975	-232.08206794536702	570.2166591502001	192.61697195590315	570.2166591502004	-122.32314950857153	
3.028576325985693	248.65585175730553	281.16837528721726	127.96245856678038	281.1683752872163	225.54859037463396	276.54990045594263	127.96245856678051	276.54990045594286	55.82761637948234	
3.0836413500945237	-622.8715038622853	-1.7385204967269179	-163.72789017268028	-1.7385204967269179	520.1689352203404	-19.93849055850903	-163.72789017268067	-19.938490558508533	166.88598680699863	
3.1387063742033545	496.04878198048056	341.58006900007126	-295.46450285454785	341.58006900007126	707.5530842126846	-67.41175184699004	-295.4645028545473	-67.41175184699097	370.52558565467683	
3.1937713983121854	85.65611220366235	809.3168951904047	-199.558521763245	809.3168951904047	516.6202674718018	-223.8534768710865	-199.55852176324504	-223.85347687108631	388.2193050639635	
3.2488364224210162	617.6511615032888	-206.07122728659388	366.5110596717369	-206.07122728659388	532.5710345072008	-179.2215589610353	366.51105967173675	-179.22155896103504	495.77431769142436	
3.303901446529847	500.35480455068915	-710.538355224614	361.1554386345953	-710.5383552246142	-188.61477716789946	-78.80186658143064	361.15543863459504	-78.80186658143056	442.4892201342832	
3.3589664706386775	380.2507488938474	173.78502005952217	142.0239658218476	173.78502005952151	-171.77485671629466	-13.83446454972553	142.0239658218478	-13.834464549725316	495.66726319307617	
3.4140314947475083	373.34601435303495	304.33452572700827	1.3938489290340503	304.33452572700844	205.49912956555949	-206.82137692785568	1.3938489290340579	-206.8213769278557	346.4254828818301	
3.469096518856339	-541.4331360027761	17.78823429155659	75.08999051435805	17.788234291557046	427.96841162960544	-115.3634783723236	75.08999051435818	-115.36347837232368	-48.811578580340765	
3.52416154296517	-1139.1244769515718	149.77114874477468	330.5996508779444	149.7711487447745	111.28844498726185	-164.61206722980762	330.59965087794444	-164.6120672298077	-189.4463431620682	
3.579226567074001	-185.10555306835928	-175.84492683777722	185.16571977313546	-175.84492683777728	-1282.8577070794738	9.95907197891144	185.16571977313546	9.959071978911425	-54.417568644808725	
3.6342915911828317	-491.28645247682255	-547.4451740779574	-26.031100214280023	-547.4451740779579	227.30908633902698	-123.53662932854952	-26.03110021428004	-123.53662932854945	-135.9855928492737	
3.6893566152916626	-936.3334295455478	417.54981720087005	-186.6932851675254	417.54981720087005	-82.28865841744863	106.89181938235983	-186.69328516752563	106.89181938236015	-283.8762150780704	
3.744421639400493	-15.355092916500709	-448.39027558901233	84.04963963494785	-448.3902755890125	286.9465497453001	439.56511220393577	84.04963963494812	439.5651122039357	-278.39498609528533	
3.799486663509324	-794.8649015609864	-95.89342504475846	267.1511385839802	-95.89342504475889	-1198.7768309792482	109.15203492082318	267.15113858397973	109.15203492082287	-68.09001228418404	
3.8545516876181547	-1319.104109495152	766.6315897863301	249.8665235927099	766.6315897863308	581.4993713943779	110.17501163605337	249.86652359271022	110.1750116360535	-104.35244027459612	
3.9096167117269855	736.8851087186271	-326.9107913295292	31.338835502651875	-326.91079132952905	-446.2655329022433	-47.720205149195706	31.338835502651996	-47.72020514919596	-159.64952786299503	
3.9646817358358164	976.9151192401233	-257.4713084787103	5.4938286652887545	-257.4713084787103	267.90400580318226	-125.05447718601202	5.493828665288708	-125.05447718601188	-453.7869394809254	
4.019746759944647	-1145.8432832741587	-119.02575614521953	162.2856261159873	-119.02575614521948	-439.00632392836013	-63.8772884966219	162.28562611598707	-63.87728849662227	-488.5585126907883	
4.074811784053478	-153.04791285238835	199.6806565710162	250.98212429902858	199.68065657101582	904.5102155306632	8.594918082352892	250.98212429902873	8.59491808235258	-114.72891412507028	
4.129876808162309	-292.4178581245323	-565.0088157526573	149.30510254222958	-565.0088157526571	504.47633944955203	-58.224242085998014	149.30510254222978	-58.22424208599719	-20.03935900869289	
4.184941832271139	419.1226422910835	279.1154537643628	161.3281972417431	279.11545376436266	912.9676287548604	-5.472424570283082	161.32819724174365	-5.4724245702827705	264.53258600794726	
4.24000685637997	610.42326252192	-457.9165001655534	207.5734755998435	-457.9165001655532	7.19497885006048	119.42339723935474	207.57347559984328	119.42339723935513	230.71515516166696	
4.295071880488801	-537.7930763980229	-34.31039873663592	-88.89981092440814	-34.310398736636344	954.1685196765139	-159.53321742795853	-88.89981092440841	-159.5332174279585	342.968203645907	
4.3501369045976315	699.2499768348209	-78.03952941270039	-416.28605030796257	-78.03952941270025	126.31610047439614	-677.6237004920125	-416.28605030796285	-677.6237004920124	356.40725705700896	
4.405201928706463	813.270641321585	-142.15464707917695	-323.17275292350485	-142.15464707917695	80.93334931771936	-564.4511963368086	-323.1727529235045	-564.4511963368087	162.41331050236613	
4.460266952815293	-939.3000624956828	635.7938641767826	341.96766657951906	635.7938641767822	-539.0623004337884	-196.3582703192463	341.9676665795196	-196.35827031924632	-274.7974947074997	
4.5153319769241245	-250.24296945195798	193.48218808827409	403.8205588099754	193.48218808827355	1034.0248633413544	-51.74354133985913	403.8205588099749	-51.74354133985915	-168.11407350328082	
4.570397001032955	58.68804737239327	162.40066390728464	480.4854357276642	162.4006639072842	-85.47224204521505	4.295395239295078	480.4854357276645	4.295395239294495	-194.45552340933259	
4.625462025141785	-238.72223395185304	-69.18706367971713	541.5659456728692	-69.18706367971679	302.1128186511203	245.64694044696284	541.5659456728692	245.64694044696284	41.76626732276121	
4.680527049250617	-265.6286457671489	89.69438392636624	161.6539814870251	89.69438392636661	-596.4111805809184	270.1472572147557	161.65398148702536	270.1472572147561	145.12140672146	
4.735592073359447	-1104.6902345224346	-406.7050526159441	-75.20768391246067	-406.70505261594406	-877.2775204868335	-151.12253896404334	-75.20768391246021	-151.1225389640429	243.0735560140651	
4.790657097468278	129.12349961942286	95.63571053844606	-236.84987543977905	95.63571053844547	396.5682241192507	53.30819998534944	-236.84987543977832	53.30819998534937	538.6892501114464	
4.845722121577109	576.6675657637397	100.14176325210245	-369.57532142525906	100.14176325210154	1288.2963239400226	410.7195291550069	-369.5753214252591	410.71952915500657	665.3237589255565	
4.90078714568594	126.58397532831098	-710.8302613903257	-149.73570937263398	-710.8302613903271	712.8633210124885	249.44855335356857	-149.73570937263335	249.44855335356868	477.9454742658817	
4.95585216979477	123.00761117058558	-199.5018202916456	-276.64405059220167	-199.50182029164554	908.5923694486653	-37.16564622858529	-276.64405059220263	-37.16564622858433	42.77574987906724	
5.010917193903601	532.2141256780395	104.9012919956751	-241.72604478068425	104.90129199567524	951.9301663424383	-205.452690131921	-241.7260447806844	-205.4526901319217	180.39658561761755	
5.065982218012432	-148.93511243524296	113.45706341644782	-78.71623557930323	113.45706341644927	-376.8571403705274	-208.8401659051528	-78.71623557930387	-208.84016590515296	427.71408697668454	
5.1210472421212625	1880.8058699378687	-665.6074097053305	-295.19685073503064	-665.6074097053307	2163.07357169469	-7.154913316320334	-295.1968507350311	-7.154913316319786	577.4906603524518	
5.176112266230094	392.17836448538833	1009.0159853697103	159.50379772038823	1009.0159853697096	1062.7082759438365	97.90639774298859	159.5037977203876	97.90639774298704	440.23538927531905	
5.231177290338924	735.4150660279266	-48.12037112276881	164.46712028843663	-48.12037112276749	894.2356256557147	88.6927441900428	164.46712028843677	88.69274419004314	311.92793838529036	
5.286242314447755	2971.8401904349817	-726.8678729784963	62.47369429704185	-726.867872978494	1522.0250731234933	324.8274529899956	62.47369429704232	324.8274529899958	427.34705261939814	
5.341307338556586	-1201.0424518054529	81.71731356853651	257.27610040802466	81.71731356853662	121.30743989122429	183.9502082637104	257.27610040802455	183.95020826370992	105.63609043183553	
5.396372362665416	-234.12004581141252	-624.6780556732496	290.43603591935414	-624.6780556732482	71.41595469643208	-23.7235720338079	290.43603591935613	-23.72357203380886	-29.430743845961018	
5.451437386774248	1163.2406145220664	-307.80145721984945	92.11121374693434	-307.80145721985105	972.3417341166	-77.41517841511444	92.11121374693232	-77.41517841511468	136.51634276093736	
5.506502410883078	-396.68948896825236	-126.85861081567232	134.4150421166059	-126.85861081567187	-122.2127875626446	-123.9687396742171	134.4150421166062	-123.96873967421662	207.7018705014784	
5.561567434991909	739.3401125903493	-1384.3250333806177	306.4961783181853	-1384.3250333806154	-79.31850292881602	-109.02545799490773	306.4961783181862	-109.02545799490674	340.75860765365087	
5.61663245910074	279.1242465541364	-8.421765125807076	174.67279127437803	-8.421765125805706	1733.090065826232	-65.15482581090018	174.6727912743784	-65.15482581089988	355.96647507659776	
5.67169748320957	759.4877213253931	-29.19377288863775	24.224585560054134	-29.193772888639955	470.01626795148957	69.59744445128796	24.22458556005186	69.59744445128618	420.6804468590832	
5.726762507318401	-25.36647561249857	-59.405577206755076	43.874884507839276	-59.405577206756156	751.318990256639	-215.11565796085662	43.87488450783877	-215.11565796085694	576.1526482739616	
5.781827531427232	243.58800101849718	4.606883217926484	-13.421192533106778	4.606883217926164	210.27641327321007	116.35718523525279	-13.42119253310838	116.35718523525215	452.8537200198092	
5.836892555536063	462.3137637004416	264.8161454261741	-62.97736526006553	264.816145426176	-56.46551990239485	15.766356553412127	-62.97736526006381	15.766356553410908	217.00850444953699	
5.8919575796448935	-178.64173229200077	365.7078268054938	-250.0647892929998	365.70782680549104	-350.98036683745954	-17.13970852422816	-250.0647892930016	-17.1397085242283	313.7070825151263	
5.947022603753725	584.5533872088528	-858.8492147763773	-55.39065071904491	-858.8492147763792	898.855630685638	-38.79909340972516	-55.39065071904598	-38.79909340972784	517.3724914486043	
6.002087627862555	836.3873263731135	133.9491850596064	223.13536416004868	133.94918505960567	117.46948658946725	-176.66813375061312	223.13536416004874	-176.66813375061463	356.9917241266153	
6.057152651971386	-945.8269710270123	-206.9062415873781	241.8156762130946	-206.9062415873801	-480.42901407993133	-111.06377900289093	241.81567621309415	-111.06377900289556	98.4694753815138	
6.112217676080217	-232.9580406937914	-44.62374683498397	108.65613795998733	-44.62374683498383	-257.6406811173645	-42.756078770813225	108.65613795999086	-42.75607877081327	-104.03969063527781	
6.167282700189047	-386.4775855333645	150.77116283314683	222.79015452420586	150.77116283314328	-537.6530428066623	-60.728853106876514	222.79015452420504	-60.72885310687491	-109.64481346391476	
6.222347724297879	622.8434727145277	97.46586025832227	48.21299964699251	97.46586025832416	-120.40160731182084	-141.25285518566557	48.21299964699383	-141.25285518566486	-217.28586264640796	
6.277412748406709	-425.99244697276595	126.65566944355601	89.28385756231039	126.65566944355454	397.2678042731148	-157.09758292064905	89.28385756231471	-157.09758292064774	-194.29649574120134	
6.33247777251554	863.459699610956	277.02723111356096	1.4286921310858853	277.02723111355823	96.23793805885772	-49.68350996134084	1.4286921310852765	-49.68350996134048	46.55030852837869	
6.387542796624371	-1152.2531633847273	71.48528992142356	176.92746533200176	71.4852899214231	376.2028837029604	-44.96492805365327	176.92746533200216	-44.96492805365506	227.55970977330657	
6.442607820733201	572.2044096567304	171.0599581238438	332.8092008582758	171.05995812384649	-308.86614929727955	-71.38434308155223	332.8092008582766	-71.38434308155234	322.0899857018232	
6.4976728448420324	-280.5405468414854	16.730753597274585	337.12454424938323	16.730753597272624	808.2449129996862	-149.5860246596153	337.1245442493828	-149.58602465961545	436.8105530348802	
6.552737868950863	-592.3657536686288	282.16224283858594	308.6182717171825	282.16224283858446	-875.8398776112172	-293.6786891222789	308.61827171718465	-293.6786891222781	399.9884675419807	
6.607802893059694	709.9080973871161	-222.79753464945665	209.98387135634906	-222.79753464945588	1369.6549683822236	-263.57776974471244	209.98387135634974	-263.57776974471085	395.1756726132875	
6.662867917168525	-596.5321972797378	214.15361207111084	175.4617834349523	214.15361207111275	-418.651864632721	-106.4974833137962	175.4617834349545	-106.49748331379516	329.7887209736138	
6.717932941277355	761.6271377277689	-421.89259325633594	200.88104594295237	-421.89259325633276	393.9761422780857	68.53150645683782	200.88104594295407	68.53150645683897	287.96408946777683	
6.772997965386186	269.91751683866164	394.0245927261455	222.39201302950588	394.02459272614544	114.6779237222731	25.811143781487576	222.3920130295075	25.811143781487022	184.5168153374458	
6.828062989495017	-7.963588747098646	226.75393092045482	171.64380654949733	226.7539309204547	6.949685997827945	-17.12786079605387	171.64380654950094	-17.12786079605447	75.108015362172	
6.883128013603848	-1050.0972157999936	485.9221888476354	147.17719520471402	485.92218884763963	-199.68051662995867	7.953048415149296	147.17719520471437	7.953048415148498	60.89496950730557	
6.938193037712678	670.5871867431387	684.6093959275646	245.425171502322	684.6093959275645	222.86813774763465	164.208410145703	245.42517150232197	164.20841014570408	8.777621019628688	
6.99325806182151	-987.1115106997395	240.2251107488086	320.1917970488892	240.2251107488092	767.6749596884717	66.81057302175735	320.1917970488898	66.81057302175681	29.881156381551115	
7.04832308593034	481.9201506929775	533.8472312609728	158.87145420493795	533.8472312609757	336.640600483675	-76.20003158244486	158.87145420494065	-76.20003158244369	-57.3789635060914	
7.1033881100391705	631.5423611275174	276.65854482529215	90.70177338712583	276.6585448252935	669.0666985679793	-127.48639945781173	90.70177338712527	-127.48639945781422	-63.675681322229416	
7.158453134148002	-1316.5848781374798	604.5353909804979	184.31920232118907	604.5353909805016	-979.0355039774362	-63.109064308336464	184.3192023211912	-63.10906430833693	2.3349499785278374	
7.213518158256832	217.52777387679814	24.805700841337128	259.3887834919962	24.80570084133809	120.55578227863141	-10.685049684289071	259.3887834919961	-10.68504968428908	-99.76090010424271	
7.2685831823656635	-1341.3723750465765	110.98195707194014	223.86698613852207	110.98195707193796	21.133727610333047	-49.63235868882987	223.86698613852167	-49.63235868882822	-4.53412153113862	
7.323648206474494	47.69474840909077	-568.6825401561229	230.73818545985307	-568.6825401561174	643.8279768226262	-39.32648867503172	230.73818545985432	-39.32648867503148	47.60945192663458	
7.378713230583325	-456.1827954609922	-92.77118313313913	265.0544959290915	-92.77118313314172	-93.3997717116801	-21.939058744211795	265.0544959290916	-21.939058744212854	-50.685748376869164	
7.433778254692156	-434.7513779002516	-263.9865296405053	391.07006501613665	-263.98652964050666	271.58842375266863	-21.11534113989197	391.0700650161391	-21.115341139892536	49.04547040418209	
7.488843278800986	-287.15357114858716	-408.5603320759207	323.37588891937605	-408.56033207592293	-478.37308030266996	-42.772705627773995	323.3758889193782	-42.77270562777245	138.5878130372481	
7.543908302909817	-99.96205866139499	502.6699361100673	311.51592222195785	502.669936110063	263.47347572046647	-71.5050228937077	311.515922221957	-71.50502289370617	221.87647476809965	
7.598973327018648	765.2409398663833	-618.5012887341919	216.7642942562512	-618.5012887341935	686.3148308523762	-95.27136980084245	216.76429425625184	-95.27136980084451	254.40287713684606	
7.654038351127479	120.78657121787714	164.46234873425456	110.22451466136252	164.46234873425234	-533.9523697299906	82.18901180117302	110.22451466136552	82.18901180117507	292.0974354215722	
7.709103375236309	-198.86930521691247	240.95454015950256	34.76138274246865	240.95454015949866	536.5413879193474	107.07704003031294	34.76138274246721	107.07704003031651	133.12765450574128	
7.76416839934514	787.2280118104356	-839.6122168258472	83.96190440634908	-839.6122168258488	480.2005669890414	-55.536243592660306	83.96190440635029	-55.536243592661286	96.13404575505214	
7.819233423453971	-462.1589581101008	314.9940368157867	4.352866124813936	314.9940368157883	331.51223682336075	10.019743051946024	4.352866124813105	10.019743051945891	131.40851843550342	
7.8742984475628015	226.3685165614355	-607.7886870449764	-13.015517438068962	-607.7886870449763	-72.47239511195647	17.709416206492985	-13.015517438067693	17.709416206494843	120.54491033914869	
7.929363471671633	15.829769262506083	-168.0723878039804	215.34848160819334	-168.07238780398387	160.8856917060522	45.13055315721525	215.34848160819337	45.13055315721529	116.77087382542169	
7.984428495780463	-380.34011679697073	163.68264308538954	237.74620933259862	163.6826430853932	-685.907194878105	1.3669040422954186	237.7462093325989	1.3669040422948706	302.1061524465269	
8.039493519889295	279.63691162168584	-59.44081419998191	243.17733283932753	-59.44081419998171	-489.4614167262678	-42.03833478076796	243.17733283932765	-42.03833478076928	357.16667244610613	
8.094558543998126	-564.3462311275723	-321.8128500673351	258.68118128703463	-321.81285006733395	-308.7638973854934	14.262428533609802	258.68118128703526	14.262428533609398	369.24152263694947	
8.149623568106955	498.909209889922	53.289883455103464	206.2077202250915	53.28988345510484	446.76498024514535	-80.3679615778652	206.2077202250928	-80.367961577866	431.9373508867757	
8.204688592215787	-185.76714165547227	-574.8896071570232	77.2774175466323	-574.8896071570249	183.74113094179316	-42.92567084415329	77.27741754663299	-42.9256708441525	347.0772637122521	
8.259753616324618	748.8929373085209	42.24271384883478	38.608273653288265	42.24271384883805	-202.28739887168436	-42.21383507344243	38.60827365328822	-42.21383507344011	192.20162663461159	
8.314818640433447	-635.5124172580819	-183.1664230952422	170.23394791797844	-183.1664230952444	722.7281677418761	-34.829677514186635	170.23394791797926	-34.82967751418485	199.12369310422875	
8.369883664542279	525.0367728297689	59.132520235322296	145.1270152118279	59.132520235319525	14.027855706722224	-24.302009610580033	145.12701521182856	-24.302009610580456	204.69256106398564	
8.42494868865111	-638.721861620521	-129.2153491396717	271.6965027249919	-129.21534913967346	1165.857222851341	-34.93022206513925	271.69650272499285	-34.93022206513699	240.38387713719317	
8.48001371275994	455.1449510165309	-63.628195327748486	124.77563441789485	-63.62819532774682	-597.4351588240053	-111.3727915943598	124.77563441789438	-111.3727915943579	89.14497840842203	
8.53507873686877	1027.553908242207	-197.32228625085978	8.189298284939094	-197.32228625086265	914.193099201675	-47.43007545422895	8.189298284935706	-47.43007545422721	78.47928744002152	
8.590143760977602	671.9281023086791	-120.19996560042048	-21.0577289676064	-120.1999656004214	455.28755873334705	0.5528955218733286	-21.05772896760758	0.5528955218732191	196.43535290554712	
8.645208785086433	321.76648910104143	-372.4450078938303	61.08166742488636	-372.4450078938277	-171.02713769730155	-23.5859767052289	61.081667424887065	-23.585976705231932	212.335320965541	
8.700273809195263	-403.0721905948997	93.76674832110011	124.98216167713396	93.7667483211017	-133.0305995984512	-28.767349153673315	124.98216167713599	-28.767349153673905	164.87673823153372	
8.755338833304094	238.3496267076041	-27.425160364650623	110.2250087710353	-27.425160364651234	-181.2128534081408	68.25565394440189	110.22500877103504	68.25565394439764	217.08203684404225	
8.810403857412926	-481.0014908570387	227.25024541577912	89.78987649048112	227.25024541578284	644.2356068835041	246.37975946738814	89.78987649048321	246.37975946738996	211.67205528839736	
8.865468881521755	870.6929480181575	-254.56377393672938	43.70849205062372	-254.56377393672463	79.59762629565219	190.78756846113419	43.70849205062237	190.7875684611362	303.249134980247	
8.920533905630586	161.27168061117243	-4.964292140455647	44.049818950916574	-4.964292140457427	661.4628387030473	127.81436499942018	44.049818950915586	127.81436499941942	296.34288785278017	
8.975598929739418	353.3693626112655	-22.544383500400503	19.504383752454444	-22.544383500398403	687.4025278295887	131.93389184642612	19.504383752455244	131.93389184642808	337.7979574594026	
9.030663953848249	281.9972448388195	16.48331932348576	26.79198586785789	16.483319323485954	-314.4094188166209	82.43183830258104	26.79198586785882	82.43183830258299	282.00119017649564	
9.085728977957078	-167.28716170330966	-479.4658055531137	-42.41260302435112	-479.46580555310976	-318.5835102015512	-8.031409975973466	-42.41260302434998	-8.031409975974142	66.855296840997	
9.14079400206591	942.6942867416383	146.50264854347878	-91.04791593543209	146.50264854347935	314.72023837211907	22.121307358305035	-91.04791593543145	22.12130735830546	-104.98153132278449	
9.195859026174741	-1135.7936186347881	422.81905835672757	-176.9041994326198	422.81905835672575	-1067.187288898801	113.31270777421976	-176.904199432621	113.31270777421906	-96.14077528701914	
9.25092405028357	143.3777316430032	-348.52792493615425	-209.37564937040312	-348.52792493615425	444.5240610146377	14.036511100195316	-209.3756493704025	14.036511100191648	-3.0957890321702064	
9.305989074392402	38.578834962866146	625.2199120258816	-164.34527617308456	625.2199120258787	-895.1355319455437	60.497750367008464	-164.34527617308606	60.49775036700906	140.5683302876168	
9.361054098501233	-317.77610520987935	-226.90606309948336	-37.514185342720126	-226.90606309948427	-254.222101380659	115.9299481216796	-37.51418534272229	115.92994812167723	264.77179198088	
9.416119122610064	465.22428096587663	489.2706024295839	119.24896545605601	489.2706024295848	392.2786159835805	40.30902650096844	119.24896545605338	40.30902650096902	334.3218444800005	
9.471184146718894	485.9350653011828	165.7870974964666	120.18914348590452	165.78709749647012	-247.57953459267955	38.401321732177166	120.18914348590572	38.401321732176335	249.9738195937756	
9.526249170827725	68.84572489878245	-31.79964267529194	110.4808051892592	-31.79964267528944	719.0728224152051	53.6232502731414	110.48080518925887	53.62325027314117	173.98829503658783	
9.581314194936557	624.8535186345327	-154.7333024742918	142.23186576953793	-154.73330247429325	-313.3013670814707	38.537488130217135	142.23186576953742	38.53748813021683	115.9433641382981	
9.636379219045386	498.18916972599794	514.7576962631016	123.83993314075053	514.7576962631053	885.9170013372034	41.79335063724484	123.83993314075174	41.7933506372449	-3.3476523908719162	
