# Stress in units of bar (10^5 Pa)
# z	Sxx	Sxy	Sxz	Syx	Syy	Syz	Szx	Szy	Szz
0.0	121.04579236284498	-99.82375722322985	-31.307475573350853	-99.82375722322983	67.43021936601049	-16.319465754945316	-31.307475573350914	-16.319465754945707	9.696457979187867	
0.05509886491261306	103.15086873160551	-94.38102252632197	-38.67985436967127	-94.38102252632203	37.01894282446722	-25.364279177642096	-38.6798543696714	-25.364279177642537	10.73722060070193	
0.11019772982522612	86.51452345682222	-89.20754399957231	-47.511080955590785	-89.20754399957245	5.517693343186252	-30.81705110455507	-47.51108095559098	-30.817051104555567	13.722273782328555	
0.16529659473783917	72.27127549387238	-84.62514577337966	-57.07137491587126	-84.62514577337993	-24.74059455621943	-32.34072335763798	-57.071374915871516	-32.34072335763849	18.79118972516099	
0.22039545965045224	61.502126844183906	-80.77996861360238	-66.59561831445937	-80.77996861360272	-51.68595628560934	-29.948525058342817	-66.59561831445966	-29.948525058343336	26.003403383257606	
0.2754943245630653	55.27346494904769	-77.68218731596461	-75.36581856287535	-77.68218731596511	-73.5099381801823	-24.00478197942667	-75.36581856287565	-24.004781979427186	35.347894761956	
0.33059318947567834	54.519136386478365	-75.27383160326222	-82.76125233525542	-75.27383160326279	-89.04379570915523	-15.207019757740643	-82.76125233525573	-15.207019757741158	46.74470153195867	
0.3856920543882914	60.08039100655952	-73.35213762225649	-88.29480124466043	-73.35213762225715	-97.71330465076502	-4.5283824523905345	-88.29480124466072	-4.528382452391037	60.082691301226525	
0.44079091930090447	72.45454059411645	-71.75588265660818	-91.61880609842073	-71.7558826566089	-99.56233580861127	6.859028160676979	-91.618806098421	6.859028160676493	75.1953353642031	
0.49588978421351754	91.96741227571373	-70.30759476779036	-92.51506232929009	-70.30759476779114	-95.10538792707456	17.711742504793335	-92.51506232929033	17.711742504792866	91.83725567738834	
0.5509886491261305	118.2932123258978	-68.93649682856322	-90.88593653606486	-68.9364968285641	-85.26901926829518	26.825719260224623	-90.88593653606506	26.825719260224176	109.6602561884627	
0.6060875140387436	150.60092581184995	-67.64508127982114	-86.73879646015757	-67.64508127982205	-71.13501222524675	33.19410958446598	-86.73879646015772	33.19410958446556	128.1753139581944	
0.6611863789513567	187.2796648463948	-66.58233215928713	-80.17941381701189	-66.58233215928809	-53.93249586131375	36.110685568532126	-80.179413817012	36.11068556853172	146.7098866204232	
0.7162852438639697	225.91817073745156	-65.96493345346995	-71.41244794384853	-65.96493345347098	-34.93250319565574	35.245856126286284	-71.41244794384862	35.24585612628594	164.44989607962117	
0.7713841087765828	263.34271538710243	-66.02737616296352	-60.7348929770704	-66.02737616296457	-15.36379874171361	30.640570691096865	-60.73489297707045	30.640570691096563	180.44882055494713	
0.8264829736891959	295.8519884013073	-66.92775298936479	-48.525986493550164	-66.92775298936587	3.5984028198263456	22.70617410652981	-48.525986493550185	22.706174106529545	193.74294706198856	
0.8815818386018089	319.556897162742	-68.71402686639945	-35.216383619811204	-68.7140268664005	21.02753818431121	12.118434287719515	-35.21638361981121	12.1184342877193	203.46015158436927	
0.936680703514422	330.8599007947728	-71.26281275560532	-21.252008602071076	-71.26281275560635	36.228312705030916	-0.2613722108540155	-21.252008602071072	-0.26137221085419604	208.93951077495004	
0.9917795684270351	327.10405189810655	-74.25516624459723	-7.078971516388793	-74.25516624459821	49.013158062379496	-13.477629058384752	-7.078971516388781	-13.477629058384903	209.80411798708607	
1.0468784333396481	306.98820236474734	-77.2913490287619	6.898269181312044	-77.29134902876277	59.7188782312614	-26.569275526521622	6.898269181312062	-26.569275526521757	205.99427554927064	
1.101977298252261	271.0851977007716	-79.90696214699175	20.34100186161274	-79.90696214699247	69.41830117042966	-38.614473584325864	20.34100186161276	-38.61447358432598	197.78180339113484	
1.1570761631648743	221.8351598436351	-81.70618707484698	33.00044298301135	-81.70618707484755	79.69204335530475	-48.7893572496918	33.00044298301136	-48.78935724969187	185.7087810159511	
1.2121750280774872	163.5620096494381	-82.41516255902643	44.70066111136863	-82.41516255902684	92.65838306411914	-56.40910128170968	44.700661111368646	-56.40910128170974	170.49623526785138	
1.2672738929901004	101.76934742379564	-81.85812547258593	55.31051666158952	-81.85812547258615	110.53884347400202	-60.98275038184238	55.31051666158951	-60.98275038184238	152.9681433377012	
1.3223727579027134	42.61228855592115	-80.03210489499794	64.75040988675647	-80.03210489499799	135.34932179392553	-62.24884245596192	64.75040988675644	-62.24884245596189	134.0025562469722	
1.3774716228153265	-7.9498203379014	-76.91337976735005	72.96967942543503	-76.91337976734995	168.4962374910734	-60.22478778495372	72.96967942543499	-60.22478778495363	114.48609008853096	
1.4325704877279395	-45.000235726235985	-72.43829632682176	79.8912039333228	-72.43829632682153	210.50271059395902	-55.20201751772034	79.89120393332271	-55.20201751772019	95.29339012143397	
1.4876693526405527	-64.9838138698891	-66.44140776690496	85.39635907484373	-66.44140776690463	261.0304041372822	-47.76386066711616	85.39635907484363	-47.763860667115964	77.30544426458422	
1.5427682175531656	-66.2983447289273	-58.63363755857611	89.32334982576299	-58.633637558575714	318.5175159918369	-38.75984331367707	89.32334982576286	-38.75984331367682	61.37822089214495	
1.5978670824657788	-49.15230268582396	-48.74866243718716	91.43591761642713	-48.748662437186724	380.63830296464175	-29.246111233066813	91.435917616427	-29.246111233066536	48.30421175159011	
1.6529659473783918	-15.329599999447025	-36.61558960638282	91.46226334549664	-36.615589606382386	444.52153045833165	-20.39272145618635	91.4622633454965	-20.392721456186045	38.749342434241235	
1.708064812291005	32.17815628715027	-22.382156168047324	89.14990492287451	-22.382156168046908	507.0991405457793	-13.349935986800668	89.14990492287438	-13.349935986800354	33.170037013801384	
1.7631636772036179	89.61972052574023	-6.7100943604362655	84.31962104786423	-6.710094360435917	565.3688197185509	-9.12747402007016	84.3196210478641	-9.127474020069842	31.70935154489748	
1.8182625421162308	152.91418458246812	9.244206260408415	76.95394915056343	9.24420626040874	616.8704859960899	-8.44233398980393	76.95394915056335	-8.442333989803627	34.164752013187375	
1.873361407028844	217.93801259657616	23.844962253871394	67.26850028506773	23.84496225387165	659.6176473904189	-11.595954315736307	67.26850028506765	-11.595954315736023	39.97893776550518	
1.928460271941457	280.80059385755715	35.15902053692562	55.72730138125654	35.159020536925794	692.3705218993312	-18.392883073441112	55.72730138125645	-18.392883073440842	48.282978779556515	
1.9835591368540701	337.9487116562929	41.29590390280002	43.02702062074016	41.29590390280013	714.4460561346483	-28.106939791588545	43.027020620740096	-28.10693979158828	57.98765397630932	
2.038658001766683	386.34618395592975	40.803339797492285	30.033332194017657	40.80333979749231	725.7016050611385	-39.5383006046421	30.03333219401761	-39.53830060464186	67.94190305490575	
2.0937568666792963	423.47469296485167	32.95957773021129	17.686814557833255	32.959577730211244	726.3184612160807	-51.16899518237362	17.686814557833248	-51.16899518237338	77.05501244164002	
2.1488557315919095	447.51928603621883	18.062809258512516	6.896932010604402	18.062809258512466	716.6916855326483	-61.35598367913739	6.896932010604413	-61.35598367913717	84.42691790546655	
2.203954596504522	457.43458676696565	-2.547066409573681	-1.5720041257382	-2.547066409573766	697.2878088180406	-68.5383476372983	-1.5720041257381716	-68.5383476372981	89.44612173019519	
2.2590534614171354	452.9717721440844	-26.630665471487582	-7.1655587533769705	-26.63066547148769	668.6324762602694	-71.48179920488393	-7.165558753376945	-71.48179920488374	91.8488664495741	
2.3141523263297485	434.50982958641043	-51.35503421060614	-9.573282780227377	-51.35503421060629	631.2946758444306	-69.42236586693613	-9.573282780227315	-69.42236586693598	91.71448362388	
2.3692511912423617	403.3136764957901	-73.81466595120071	-8.72969024219831	-73.81466595120084	585.9661760984911	-62.18512292472376	-8.72969024219826	-62.1851229247236	89.44550185682317	
2.4243500561549745	361.0450518267119	-91.39187853967502	-4.807933648270954	-91.39187853967516	533.3979062023669	-50.18990949598647	-4.807933648270867	-50.189909495986356	85.71358345478589	
2.4794489210675876	309.835307191629	-102.26555538805158	1.7986011098354524	-102.26555538805172	474.75418453214513	-34.40326356875004	1.7986011098355377	-34.40326356874995	81.35470477284808	
2.534547785980201	252.008089276239	-105.59008351728085	10.504136477345106	-105.59008351728099	411.3832814317392	-16.207315640055153	10.504136477345217	-16.20731564005507	77.31922312763632	
2.589646650892814	190.04674193360273	-101.57820553519164	20.55747939860761	-101.57820553519177	345.12128975149074	2.772983902015569	20.557479398607736	2.7729839020156417	74.56433517021767	
2.6447455158054267	126.48558895227335	-91.34490108201886	31.0805195058026	-91.34490108201898	278.03714606828214	20.87201789795298	31.080519505802727	20.872017897953032	73.94081630515927	
2.69984438071804	63.75034023345374	-76.64441542129835	41.15863004219441	-76.64441542129845	212.47868610906352	36.61341467145237	41.15863004219454	36.61341467145242	76.11910627701293	
2.754943245630653	4.097427733583803	-59.49778845003904	49.93933031304921	-59.497788450039096	150.69749369347954	48.917805000406375	49.93933031304933	48.917805000406425	81.50312755895905	
2.810042110543266	-50.38461950281069	-41.83605886062801	56.75653373315715	-41.83605886062807	94.72186890869025	57.244886929131866	56.75653373315727	57.24488692913188	90.1493849935109	
2.865140975455879	-97.94767317394351	-25.19246230307492	61.23296201090755	-25.19246230307497	45.91845916757421	61.61885720837479	61.23296201090768	61.618857208374806	101.72971553379934	
2.920239840368492	-137.38536205089895	-10.542918773687145	63.32055744236275	-10.542918773687187	4.974665497912326	62.58062301305701	63.320557442362855	62.580623013057036	115.56871593905005	
2.9753387052811053	-167.92144708718016	1.7136507984537328	63.30156701393162	1.7136507984537008	-28.346540413688203	61.01243428779696	63.30156701393174	61.01243428779697	130.69468941939869	
3.030437570193718	-189.42456653517195	11.632495471906633	61.70936622517695	11.632495471906601	-55.13435263081042	57.90451349294703	61.70936622517706	57.904513492947025	146.0434363003924	
3.0855364351063312	-202.28487142180205	19.517818862315078	59.19358422848659	19.51781886231504	-77.0597413887752	54.075136018000634	59.19358422848666	54.075136018000606	160.586164661389	
3.1406353000189444	-207.37205586857598	25.682816054012093	56.35506960355937	25.68281605401205	-96.06573883556948	49.99843635080073	56.35506960355944	49.9984363508007	173.53497484368683	
3.1957341649315576	-205.8999968034799	30.27972284714251	53.62525905092335	30.27972284714245	-113.85719574968405	45.67715483787377	53.62525905092339	45.67715483787372	184.49702998199626	
3.2508330298441703	-199.35706967508617	33.15414592090109	51.221506382903684	33.15414592090103	-131.68048571197514	40.67151031930025	51.22150638290371	40.6715103193002	193.55888927036122	
3.3059318947567835	-189.21381091672868	33.96034834444282	49.11912781817553	33.960348344442764	-149.9193309807694	34.254384414423896	49.11912781817553	34.254384414423825	201.23367450102066	
3.3610307596693967	-176.92678305749914	32.18768854093795	47.128867364239994	32.18768854093787	-168.24101044661708	25.64830446310163	47.12886736423999	25.648304463101557	208.3108372296734	
3.41612962458201	-163.6891163969056	27.48577571656608	45.0070427364158	27.485775716565996	-185.4003175754875	14.272314656597707	45.0070427364158	14.272314656597636	215.64762919300804	
3.4712284894946226	-150.59942607605728	19.839168642779597	42.587301222573515	19.839168642779526	-199.80258753825416	-0.03842403841586872	42.58730122257352	-0.038424038415950434	223.9045488187972	
3.5263273544072358	-138.40913504648137	9.677780722850642	39.85471347067102	9.677780722850564	-209.83042315873325	-16.951518879280794	39.85471347067102	-16.951518879280897	233.32532727432022	
3.581426219319849	-127.60589655743786	-1.9695397514653266	36.92012003005989	-1.9695397514653976	-214.03175780386562	-35.653258967723154	36.920120030059906	-35.65325896772325	243.60150490882896	
3.6365250842324617	-118.45530896038186	-13.696207005497117	33.99458070509233	-13.696207005497179	-211.61290456659881	-54.981276550825726	33.994580705092346	-54.98127655082584	253.87361423256314	
3.691623949145075	-110.97646141290042	-23.892659851894308	31.305984211408735	-23.892659851894372	-202.62372655279324	-73.65223585750186	31.305984211408763	-73.65223585750198	262.8868391546222	
3.746722814057688	-105.02352368666645	-31.03873768564221	29.033381612070244	-31.038737685642246	-187.8865766002341	-90.44943128767923	29.03338161207027	-90.44943128767937	269.2108383256058	
3.801821678970301	-100.31153624855017	-34.01658501865862	27.22493975849039	-34.01658501865863	-168.7406136776661	-104.41811401449684	27.22493975849045	-104.41811401449698	271.5849714905749	
3.856920543882914	-96.41051445874938	-32.32728926663755	25.793082991580913	-32.327289266637536	-146.89896951741443	-114.98009825178431	25.79308299158099	-114.98009825178448	269.1574541460881	
3.912019408795527	-93.05294232689712	-26.135492632605438	24.573597268845447	-26.13549263260538	-124.26588179703222	-121.94277517240687	24.57359726884554	-121.94277517240705	261.69443204305185	
3.9671182737081403	-90.11022929727103	-16.267854583689452	23.39775282532449	-16.26785458368937	-102.4738373795501	-125.42709919883868	23.3977528253246	-125.42709919883886	249.6316511326778	
4.0222171386207535	-87.60398978512225	-4.013556369183798	22.20531182136169	-4.013556369183696	-82.78681077709462	-125.72477515457675	22.2053118213618	-125.72477515457692	234.0299367898819	
4.077316003533366	-85.93209507079732	9.04776064508292	21.115812657459568	9.047760645083034	-66.18595704212333	-123.17654724272373	21.1158126574597	-123.17654724272391	216.3614965745228	
4.13241486844598	-85.69893293314776	21.402281152177544	20.436906179255427	21.402281152177686	-53.096032695390846	-118.08645190909407	20.436906179255555	-118.08645190909428	198.28527578490684	
4.187513733358593	-87.5874314425634	31.72903609948803	20.628336860600694	31.729036099488198	-43.78577596440421	-110.6650110119506	20.628336860600815	-110.66501101195075	181.41711244730845	
4.242612598271205	-92.08217819694079	39.217996725978935	22.19640477560399	39.2179967259791	-38.06997375556445	-101.0538979464418	22.19640477560411	-101.05389794644196	167.1596831137448	
4.297711463183819	-99.28052360800756	43.56946687244084	25.50395816300454	43.569466872441026	-35.555748545679094	-89.35361901549797	25.503958163004633	-89.35361901549807	156.56879119943747	
4.352810328096432	-108.63712213296293	45.10521883816813	30.609248224486908	45.105218838168305	-35.464896782199055	-75.62541893305438	30.609248224486983	-75.62541893305445	150.3534612379717	
4.407909193009044	-118.63637317984606	44.595305464046646	37.16257710101131	44.595305464046824	-36.457781091682165	-59.968143580328025	37.16257710101138	-59.96814358032805	148.87417004446922	
4.463008057921658	-127.2471589321795	43.1288603700263	44.36253518488996	43.12886037002647	-36.87872010611276	-42.506056845261725	44.36253518489	-42.506056845261696	152.1295249768547	
4.518106922834271	-131.57672178185004	41.86948453486891	51.032581187233895	41.8694845348691	-34.50614656091308	-23.35349006605191	51.032581187233916	-23.353490066051826	159.77591552864905	
4.5732057877468835	-128.57716326562294	41.78785549939888	55.82789384445479	41.787855499399036	-26.999601688035767	-2.6301336164331293	55.827893844454806	-2.6301336164330027	171.15348135829137	
4.628304652659497	-115.36868186067345	43.4819672018211	57.467871015247084	43.48196720182128	-12.077815511385012	19.521180451462193	57.4678710152471	19.521180451462378	185.30162305274192	
4.68340351757211	-89.6598420308885	47.01150365034448	54.96900526515695	47.01150365034465	11.924774269473602	42.87127035907189	54.96900526515694	42.87127035907213	201.02452047053023	
4.738502382484723	-50.008267044598824	51.90909792122584	47.863681670051534	51.90909792122603	45.82419470955088	67.03690810828928	47.863681670051506	67.03690810828954	217.03231036105217	
4.793601247397336	3.7616436094061925	57.217122333563374	36.25578367940679	57.21712233356359	89.27523010130105	91.38382632118403	36.25578367940676	91.38382632118429	232.0800713780308	
4.848700112309949	70.61863545663448	61.74837549763689	20.764305236689232	61.748375497637134	140.73557318894004	115.01617850307439	20.76430523668921	115.01617850307468	245.1692150869506	
4.9037989772225625	148.1774893906071	64.25722624226675	2.406888489943377	64.25722624226701	197.78213848971018	136.82889231936667	2.4068884899433414	136.828892319367	255.6910062052046	
4.958897842135175	233.01025695650145	63.71526297773899	-17.61964478774233	63.71526297773927	257.4068470103053	155.6181823499928	-17.61964478774233	155.61818234999305	263.48286471415656	
5.013996707047788	320.7501857796103	59.54656978452452	-38.108290285378104	59.54656978452483	316.55622613758106	170.2634446730766	-38.108290285378104	170.26344467307686	268.79450047197497	
5.069095571960402	406.4450574365389	51.745246892713325	-57.94845282722723	51.74524689271367	372.5223339730189	179.94686738658618	-57.94845282722723	179.9468673865864	272.1973894300806	
5.124194436873014	485.1068326852391	40.854825119254	-76.15700047143072	40.85482511925434	423.29485616055047	184.30508575263238	-76.1570004714307	184.30508575263258	274.40695836779366	
5.179293301785628	552.1118466040668	28.004244945104944	-91.84327902917944	28.004244945105242	467.4870909324917	183.49776505178045	-91.8432790291794	183.49776505178068	276.0812387455795	
5.234392166698241	603.62072142952	14.673830880302056	-104.16328426912379	14.673830880302312	504.38758064148476	178.18813275524752	-104.16328426912375	178.18813275524775	277.65949843099037	
5.289491031610853	636.9977772008789	2.5080018824912145	-112.31233415609042	2.5080018824914703	533.60532154386	169.40569984279247	-112.31233415609036	169.40569984279267	279.2487556712143	
5.344589896523467	651.0006147789109	-6.987197381683089	-115.58228166855187	-6.987197381682876	554.9933016694446	158.33425960752248	-115.58228166855179	158.33425960752268	280.62411260080677	
5.39968876143608	645.7358798793106	-12.727303169058274	-113.47073034617026	-12.727303169058125	568.3066432728173	146.1116170949683	-113.4707303461702	146.11161709496844	281.2687445117856	
5.4547876263486925	622.5839205171967	-14.341493295192144	-105.84964372478635	-14.341493295192052	573.3423165081276	133.67766187180771	-105.84964372478629	133.67766187180786	280.4894477860839	
5.509886491261306	583.6964022778129	-12.252600815739449	-93.10792519066038	-12.252600815739399	569.8610998133944	121.69298352157395	-93.10792519066032	121.69298352157406	277.5854455897602	
5.564985356173919	531.7732996655575	-7.701604626010859	-76.19577607577023	-7.701604626010884	557.835709624678	110.53997386548784	-76.1957760757702	110.53997386548795	272.0219007131591	
5.620084221086532	469.4998001327941	-2.538819451650106	-56.594593341074564	-2.5388194516501734	537.4853336323581	100.39603075846804	-56.594593341074564	100.3960307584681	263.5710047031228	
5.675183085999145	399.5988765273648	1.0736428090538546	-36.15548875658456	1.0736428090537409	509.25986092188504	91.35602938930992	-36.15548875658458	91.35602938930992	252.42445423389756	
5.730281950911758	324.41789577543653	1.0630101336437008	-16.851112759836738	1.0630101336435587	473.9304733294686	83.50284479188733	-16.85111275983677	83.5028447918873	239.23062426117934	
5.785380815824372	246.30991306201122	-4.156521290982518	-0.5014835256365728	-4.1565212909827025	432.6527454114523	76.97732643868963	-0.5014835256366084	76.97732643868953	225.03271710688483	
5.840479680736984	167.32429259997463	-15.383988477887153	11.496083188095128	-15.383988477887394	386.5392930499197	71.96608733533259	11.496083188095092	71.96608733533246	211.14743365538584	
5.895578545649597	89.76973385013437	-32.50236704908241	18.345601931712505	-32.50236704908269	337.1708818075018	68.65067115777916	18.3456019317125	68.65067115777894	198.98193227896945	
5.950677410562211	16.06092672193917	-54.49678875899671	19.936238835857775	-54.49678875899698	286.3173540844552	67.1539183072353	19.936238835857814	67.15391830723505	189.8151965199896	
6.005776275474823	-51.32200685459622	-79.62889079283002	16.787497989372845	-79.62889079283029	235.9558124278824	67.46759769051991	16.787497989372948	67.46759769051957	184.62878911114444	
6.060875140387436	-109.68116204248723	-105.72789155279801	9.95392424829512	-105.72789155279824	188.42811763242915	69.43393555741994	9.953924248295282	69.43393555741955	183.95517575454699	
6.11597400530005	-156.62541011140456	-130.51593539904565	0.8370217466732033	-130.51593539904587	146.04556284207575	72.7612289662807	0.8370217466734307	72.76122896628021	187.8580939720357	
6.1710728702126625	-189.96240475441613	-151.968915228754	-9.063522905454244	-151.9689152287542	111.15428288289561	77.05039563371248	-9.063522905453944	77.05039563371194	195.92101401025764	
6.226171735125275	-208.22568352783978	-168.44336005230855	-18.335311579961328	-168.44336005230872	85.61845327465758	81.84803609796481	-18.33531157996096	81.84803609796421	207.36724364916512	
6.281270600037889	-210.80891098608518	-178.82585071527592	-25.822661619706203	-178.8258507152761	70.75012923741001	86.70525777020617	-25.822661619705784	86.7052577702055	221.1662843626904	
6.336369464950502	-197.94526399830193	-182.54784233474896	-30.733056608792282	-182.54784233474916	67.04161385549517	91.23174824861123	-30.733056608791816	91.2317482486105	236.17575276077886	
6.391468329863115	-170.85522472202854	-179.54148973140212	-32.65566164860623	-179.54148973140235	74.10309616366662	95.1237713101438	-32.65566164860574	95.12377131014306	251.25216554469154	
6.446567194775728	-131.65318056938216	-170.04180042302102	-31.545548186519795	-170.04180042302136	90.75572365810237	98.1583115154813	-31.545548186519294	98.15831151548056	265.33265284281674	
6.501666059688341	-82.96679820659331	-154.67483030533833	-27.65867923608591	-154.67483030533873	114.99527937440408	100.18984807574961	-27.658679236085405	100.18984807574886	277.4626775580434	
6.556764924600954	-27.726393776042144	-134.3124799720344	-21.433456985405847	-134.31247997203488	144.38958120019197	101.12315456814552	-21.43345698540537	101.1231545681448	286.81941276377734	
6.611863789513567	31.22685783737225	-110.02670514580373	-13.410326908760167	-110.02670514580424	176.15512485019008	100.8912451283398	-13.410326908759707	100.89124512833908	292.7002792320297	
6.66696265442618	91.21722597937706	-83.15396907583985	-4.152428453551852	-83.15396907584045	207.39543204082122	99.4575402031861	-4.152428453551435	99.45754020318543	294.52280713127095	
6.722061519338793	150.19191182379174	-55.10383592866023	5.827743586035334	-55.10383592866093	235.35352141815153	96.7825312649999	5.8277435860357	96.78253126499926	291.8688394006981	
6.777160384251406	206.38165215942848	-27.477685533190524	16.08016526360935	-27.477685533191263	257.4912177701267	92.83153683412114	16.080165263609647	92.83153683412053	284.49064345167125	
6.83225924916402	258.483644828373	-1.6845334109289496	26.217050662265343	-1.6845334109297028	271.7520571832555	87.58631931867878	26.21705066226557	87.5863193186782	272.3774527084782	
6.8873581140766325	305.3432140764277	20.986885050922837	35.927571274579556	20.98688505092209	276.573382318229	81.07187351516143	35.9275712745797	81.07187351516089	255.79604054316323	
6.942456978989245	345.91361590346077	39.719267381213044	44.975807911864045	39.71926738121234	271.2338289360993	73.36155866696798	44.97580791186411	73.36155866696745	235.33065839111606	
6.997555843901859	378.92416539927217	54.159717274195934	53.15899816296818	54.15971727419528	255.73549063181173	64.58359200977155	53.15899816296815	64.58359200977104	211.86343126199412	
7.0526547088144715	403.1659768261345	64.58602884820516	60.3162120708896	64.58602884820459	230.97501908425056	54.942175206964734	60.31621207088951	54.94217520696421	186.5189048230081	
7.107753573727084	417.3724569456676	71.73217397481852	66.30804111360281	71.73217397481807	198.72792856947808	44.67836081378019	66.30804111360263	44.67836081377966	160.57454041168424	
7.162852438639698	420.76618943699293	76.7679837202934	71.01210883475346	76.76798372029307	161.5549052304371	34.04358528940631	71.01210883475322	34.0435852894058	135.33424616517468	
7.217951303552311	413.14347962946874	81.04560126886975	74.3332614929555	81.04560126886959	122.65001331638426	23.275126844764202	74.33326149295523	23.275126844763694	112.0109106930216	
7.273050168464923	395.26504977658794	85.89450589488064	76.21369595286272	85.89450589488067	85.58296745460746	12.574984027154315	76.21369595286244	12.574984027153825	91.61177303288724	
7.328149033377537	369.0329057293617	92.40884693120182	76.66227527224981	92.408846931202	53.98041313544231	2.086505897135319	76.66227527224953	2.086505897134871	74.86446887083478	
7.38324789829015	337.21816907853844	101.32849430937124	75.77751422634272	101.32849430937159	31.001971626811624	-8.090273114982644	75.77751422634246	-8.090273114983036	62.18340905632314	
7.438346763202763	303.46180925590585	112.86834793884587	73.77194953750546	112.8683479388464	19.126109095279894	-17.888654607239836	73.77194953750525	-17.888654607240163	53.67412220772225	
7.493445628115376	271.63547756418484	126.72621163921342	70.96948920850826	126.72621163921409	19.602092423367097	-27.243098720396688	70.96948920850807	-27.243098720396933	49.16050658135047	
7.548544493027989	245.47630743732523	142.0818747186314	67.80427026980627	142.08187471863224	32.44012789438383	-36.06714117750105	67.80427026980611	-36.06714117750123	48.222026627941005	
7.603643357940602	227.9292368910463	157.76458497455312	64.78885328242322	157.76458497455405	56.18322081576851	-44.23457947393848	64.7888532824231	-44.234579473938574	50.245615065570014	
7.658742222853215	220.8890719122829	172.32229252923702	62.465408806453155	172.32229252923804	88.31319749755909	-51.584247680210545	62.46540880645304	-51.58424768021058	54.48643559330357	
7.713841087765828	224.8586461277077	184.19951764247537	61.347027622942335	184.19951764247645	125.44714660162128	-57.94048518482833	61.347027622942235	-57.94048518482832	60.120381498331476	
7.7689399526784415	239.09041414351884	191.9571331182696	61.8642242012556	191.9571331182708	164.00162901147382	-63.12759837014042	61.86422420125547	-63.127598370140376	66.32460008796946	
7.824038817591054	261.52027869503144	194.31658376980823	64.30251746422316	194.31658376980954	200.54901936697325	-66.9878482486712	64.302517464223	-66.98784824867117	72.34575749696371	
7.879137682503668	289.42202127117224	190.43495465566303	68.74474255372282	190.43495465566428	232.31836183413415	-69.38926855437636	68.7447425537226	-69.38926855437636	77.56810093633459	
7.934236547416281	319.46512513618177	179.88068791037284	75.03699121945111	179.88068791037415	257.5113545840147	-70.23611933481226	75.03699121945087	-70.2361193348123	81.57524658575363	
7.989335412328893	348.6302645846347	162.82798078285495	82.76982352370933	162.82798078285623	275.3187215762196	-69.44686126711059	82.76982352370908	-69.44686126711068	84.17128410158352	
8.044434277241507	374.16231873507746	139.95965926048862	91.28633608305321	139.95965926048984	285.91326288465837	-66.96118668184543	91.2863360830529	-66.96118668184559	85.37477850982712	
8.099533142154119	394.2726095176007	112.51894550948921	99.72489059018274	112.51894550949038	290.18285221367705	-62.736131538921086	99.72489059018244	-62.7361315389213	85.37501464484518	
8.154632007066732	408.00120172804577	82.1267436360035	107.09377194540481	82.1267436360045	289.3340433698564	-56.74674648763087	107.09377194540448	-56.746746487631114	84.47002587339269	
8.209730871979346	415.3664127884318	50.663076058338476	112.3764787148726	50.66307605833937	284.75937824825195	-49.00695136660407	112.37647871487228	-49.00695136660434	82.98903749972291	
8.26482973689196	417.07287247073396	20.015233237153183	114.65125418398891	20.01523323715393	277.6183480582419	-39.591559317745194	114.65125418398861	-39.59155931774546	81.23140962441657	
8.319928601804571	414.26117775726726	-8.130744001205159	113.20181224165889	-8.130744001204585	268.7564725907466	-28.660692358769435	113.20181224165857	-28.66069235876967	79.42312983442883	
8.375027466717185	408.1763780882646	-32.46648665684516	107.61357913579118	-32.46648665684479	258.6189369006807	-16.47216107812584	107.6135791357909	-16.47216107812602	77.70758905030611	
8.430126331629799	399.86451402886235	-52.198615890020974	97.82889646408094	-52.19861589002082	247.39803455425528	-3.388800478919127	97.82889646408063	-3.3888004789192605	76.14889518796667	
8.48522519654241	390.0521562993474	-67.07211089030552	84.15774456172157	-67.07211089030557	235.03702018782033	10.147264221945825	84.15774456172124	10.147264221945749	74.74509218833063	
8.540324061455024	379.1084198563576	-77.35422608243375	67.24231038259634	-77.354226082434	221.47772734694513	23.64052453818877	67.242310382596	23.640524538188746	73.46171629499162	
8.595422926367638	367.03284088125355	-83.65920359690381	47.99400173332414	-83.65920359690423	206.77493668769048	36.58799475318695	47.994001733323785	36.58799475318696	72.23991378943933	
8.65052179128025	353.7562170180718	-86.88735413740227	27.499847382700235	-86.88735413740284	191.17018906307035	48.53123691269557	27.49984738269985	48.53123691269561	71.02093473022654	
8.705620656192863	339.261384754641	-88.01929016516966	6.927949750298353	-88.01929016517037	175.1886493369558	59.10743852237522	6.927949750297964	59.107438522375276	69.74508153376576	
8.760719521105477	323.7138867398127	-87.97750586384262	-12.586760925073712	-87.97750586384342	159.54056783073025	68.0863756484099	-12.586760925074095	68.08637564840996	68.3475476409487	
8.815818386018089	307.562016332378	-87.57835481948456	-30.02716816771706	-87.57835481948538	145.0926603033337	75.39238634633018	-30.027168167717427	75.39238634633023	66.75897589256726	
8.870917250930702	291.458470903374	-87.49008311841229	-44.56670794009456	-87.49008311841317	132.70689838638947	81.08009589951604	-44.56670794009487	81.08009589951611	64.90292994428478	
8.926016115843316	276.1514135499175	-88.13691802539117	-55.63057253171131	-88.13691802539198	123.15357315898721	85.29334708581254	-55.630572531711564	85.2933470858126	62.703912415963515	
8.981114980755928	262.3570239474725	-89.83247831751154	-62.927809167932324	-89.83247831751228	117.01684034706118	88.196851845233	-62.9278091679325	88.19685184523303	60.090665811446485	
9.036213845668541	250.55207808760366	-92.57443157566298	-66.45572099289186	-92.57443157566365	114.56432359957888	89.8934969882169	-66.45572099289193	89.89349698821694	57.009864640332665	
9.091312710581155	240.90483330547002	-96.29953379526418	-66.47780599779776	-96.29953379526478	115.72095920222574	90.3581977689136	-66.47780599779773	90.35819776891363	53.4301593684005	
9.146411575493767	233.19149138970863	-100.67397087565311	-63.488206621693536	-100.67397087565354	120.0208883352684	89.409324608198	-63.488206621693415	89.40932460819803	49.364553139420465	
9.20151044040638	226.817505166301	-105.31974504285984	-58.16609107768711	-105.31974504286015	126.5740707421553	86.74587936619574	-58.16609107768692	86.74587936619575	44.863119382035954	
9.256609305318994	221.01137522280348	-109.71819137302762	-51.31002306379249	-109.7181913730278	134.11657541118072	82.01357341613557	-51.31002306379225	82.01357341613559	40.010935384428905	
9.311708170231608	214.8138269140893	-113.37884907983016	-43.775123103782015	-113.37884907983025	141.1875623488073	74.90980179685937	-43.775123103781745	74.90980179685937	34.92917986894991	
9.36680703514422	207.40888258079457	-115.84001218033673	-36.422775505629495	-115.84001218033667	146.13655016152293	65.31562384389721	-36.42277550562922	65.31562384389717	29.769083581729493	
9.421905900056833	198.10413530286507	-116.77948937346807	-30.066106382974247	-116.77948937346795	147.32580857092228	53.38292891037676	-30.066106382973988	53.38292891037668	24.715069068891957	
9.477004764969447	186.5105998379953	-116.04298197020367	-25.413146513988018	-116.04298197020353	143.38265577586552	39.58619861429622	-25.413146513987797	39.58619861429609	19.983955887711847	
9.532103629882059	172.61946847493775	-113.68803486125009	-23.004215092721818	-113.68803486124995	133.41606836424486	24.691003577749335	-23.004215092721658	24.69100357774914	15.827322658362169	
9.587202494794672	156.6516942967155	-109.92947283999973	-23.170906695019156	-109.92947283999958	117.03092430224902	9.686625391626713	-23.170906695019063	9.686625391626439	12.52628088901631	
9.642301359707286	139.22404944847673	-105.15796964674941	-25.997940530721525	-105.15796964674928	94.67251527400843	-4.336571395644537	-25.99794053072151	-4.336571395644871	10.382076136232909	
