# Stress in units of bar (10^5 Pa)
# z	Sxx	Sxy	Sxz	Syx	Syy	Syz	Szx	Szy	Szz
0.0	206.00136476284598	117.05137039036283	-204.41759063662607	117.05137039036146	576.0706580012819	120.50859101938805	-204.41759063662704	120.50859101938862	265.98166482933834	
0.05181207926750371	137.88225861688267	78.92656685325505	-221.7302962058169	78.92656685325353	553.3129018586985	89.55445352723429	-221.73029620581764	89.55445352723478	242.74998215049578	
0.10362415853500742	79.94802093548842	35.21463491351463	-225.15251014962544	35.21463491351307	490.60617774907416	54.94751814698324	-225.15251014962593	54.9475181469836	216.4577913495073	
0.15543623780251115	39.99949082904495	-14.897596806930629	-214.9804414754996	-14.8975968069321	403.698229218199	19.041312848626248	-214.9804414754999	19.04131284862639	190.51102750454524	
0.20724831707001484	27.6221299768713	-69.19271132577788	-194.52057910028304	-69.19271132577916	309.6635340519967	-15.02661619837665	-194.52057910028313	-15.026616198376722	165.9491235090055	
0.25906039633751854	51.13071544105728	-124.54016318178046	-168.49598340904356	-124.5401631817814	220.84456476238506	-44.320437609958546	-168.49598340904356	-44.320437609958816	142.2700333631618	
0.3108724756050223	113.08301965257803	-179.00532604064048	-141.20338605194345	-179.0053260406411	141.96774192829668	-67.31568164863413	-141.20338605194343	-67.31568164863454	119.03540033945437	
0.362684554872526	205.71506221038925	-230.81749630097488	-115.22062964526039	-230.8174963009753	72.59952096550427	-84.44117747471363	-115.22062964526039	-84.44117747471408	96.97050808062089	
0.4144966341400297	310.2680339522076	-275.4759659544087	-91.17691159213979	-275.47596595440893	10.12501958119276	-97.62163165671811	-91.17691159213982	-97.62163165671855	77.85064114004795	
0.4663087134075334	401.0915400835855	-303.5789452804278	-68.54171526003954	-303.57894528042794	-47.60440028215544	-109.22395244266461	-68.54171526003958	-109.22395244266498	63.34126036501485	
0.5181207926750371	454.07879897105727	-303.5204536512421	-46.80353457476093	-303.5204536512423	-101.21325712677304	-121.15233650859311	-46.803534574760945	-121.15233650859332	53.88162163760985	
0.5699328719425408	455.8939936709059	-267.272348250258	-26.26528902197049	-267.2723482502579	-149.48570163485513	-134.53363510114593	-26.26528902197044	-134.533635101146	48.50923794342027	
0.6217449512100446	408.4360518048158	-196.6885510428476	-8.009058091131045	-196.6885510428471	-188.95303658422154	-149.8670412151608	-8.009058091130925	-149.86704121516078	45.74103848971225	
0.6735570304775482	327.3570993856703	-104.41226979643278	6.884346972456473	-104.41226979643183	-214.25049589801253	-167.08000379802812	6.8843469724566555	-167.08000379802803	44.58149296075959	
0.725369109745052	234.41802817043668	-9.133146089405543	18.187718162577156	-9.133146089404065	-219.98438144998914	-185.1964487826616	18.187718162577365	-185.19644878266155	44.91447614166291	
0.7771811890125556	148.00496243858362	71.7850182928473	26.628534275319662	71.7850182928492	-204.3284358566687	-201.89169782751875	26.628534275319865	-201.89169782751887	46.956954150688084	
0.8289932682800594	76.62325821669668	127.94110313170792	32.9958297596671	127.94110313171004	-171.75962859630596	-213.4329233289527	32.99582975966726	-213.432923328953	50.26886827000797	
0.8808053475475631	17.611497136636984	156.59550699307943	36.91916113932769	156.59550699308164	-132.27734309551667	-215.56674012168588	36.91916113932783	-215.56674012168628	53.157960876749286	
0.9326174268150668	-38.002025314276835	160.33539263619286	36.424319801813326	160.33539263619494	-96.02158621218891	-205.2408405622062	36.424319801813446	-205.2408405622067	53.160688857247024	
0.9844295060825705	-98.8862511061406	143.8628934447019	28.97854225835832	143.86289344470356	-66.9211043068904	-182.30704310669927	28.97854225835847	-182.30704310669984	48.66238923972048	
1.0362415853500742	-166.74411394433872	112.51161947399771	13.497589208942223	112.51161947399882	-38.31219893788717	-150.19155275657187	13.4975892089424	-150.1915527565725	41.048717586799064	
1.088053664617578	-234.2393257663366	71.59389696518116	-8.112789099370133	71.59389696518173	3.4261041375068046	-114.96484240937386	-8.112789099369937	-114.96484240937451	36.19083418736017	
1.1398657438850817	-286.236577106543	26.683064566532707	-31.256289875682707	26.683064566532764	70.94662333949537	-83.06917233279403	-31.256289875682544	-83.06917233279472	44.043547121873566	
1.1916778231525853	-305.6205068534107	-16.472654994777557	-50.664409280184955	-16.472654994777912	166.06131768575247	-58.971485464177505	-50.664409280184884	-58.97148546417818	75.87425930507344	
1.2434899024200892	-279.9229441953888	-51.70441710095521	-62.6857088075476	-51.704417100955794	276.44542760804455	-43.88192073636463	-62.68570880754763	-43.88192073636522	139.91989321018752	
1.2953019816875928	-208.6296502762988	-72.42139206082697	-66.17532164722888	-72.42139206082756	378.6976804741389	-35.96110620743083	-66.17532164722905	-35.96110620743124	237.38035254987398	
1.3471140609550964	-105.87877965734819	-72.4585982294748	-61.41249084883653	-72.4585982294752	447.2656814730093	-31.661667719612762	-61.41249084883688	-31.661667719612918	360.5723758300311	
1.3989261402226	2.001002128126089	-48.3528450503824	-48.24430427006607	-48.35284505038251	464.04994960607655	-27.653615967698975	-48.244304270066564	-27.653615967698837	494.0464800330853	
1.450738219490104	85.18681943466157	-1.9280020946274306	-25.123277247934467	-1.9280020946273169	425.5946657933239	-22.303817338386015	-25.12327724793512	-22.30381733838555	618.0583316431492	
1.5025502987576076	121.6215470909757	58.09603849621317	10.065411197939717	58.09603849621351	345.58369464680493	-16.24786427237818	10.065411197938936	-16.247864272377473	712.9150381174874	
1.5543623780251112	103.58016797904969	116.50510147941155	57.720261072841055	116.5051014794121	250.42621199443627	-11.823046061322428	57.720261072840124	-11.823046061321577	762.6734060627516	
1.606174457292615	38.918047342936234	155.3824916493695	114.27347345681628	155.3824916493701	170.44288987025715	-11.541023897965054	114.27347345681525	-11.541023897964152	757.5798639674506	
1.6579865365601187	-53.73414111059884	159.99625142077372	171.09797639433185	159.99625142077429	127.47676273250727	-16.449152087680165	171.0979763943308	-16.449152087679327	695.5658632954176	
1.7097986158276224	-151.59967983822094	125.50162592538267	215.11439650738436	125.5016259253831	127.87057070850969	-25.54138537455978	215.1143965073833	-25.54138537455905	583.1971478173677	
1.7616106950951262	-232.35944986399866	61.11038541955865	231.45557938353775	61.11038541955891	161.90085496863907	-36.60985292038808	231.45557938353676	-36.60985292038748	435.640475432231	
1.8134227743626299	-278.8567403825297	-12.36881182139777	208.12620851003032	-12.368811821397799	210.70433862328338	-47.906800342414066	208.12620851002941	-47.90680034241359	274.53604263353134	
1.8652348536301335	-281.4543062045658	-71.60370166900486	141.90519457231153	-71.60370166900518	256.1823922233079	-58.93980889693434	141.90519457231082	-58.93980889693399	123.3142194473328	
1.9170469328976374	-239.37347236257656	-102.19042900375206	43.055251561414806	-102.19042900375263	288.41676894722667	-69.3059984226905	43.055251561414224	-69.30599842269017	1.3905400563628945	
1.968859012165141	-159.88612603458813	-105.87735314306451	-64.840289338648	-105.87735314306516	308.1520254006185	-76.27046546423797	-64.84028933864832	-76.27046546423767	-79.98006725811067	
2.0206710914326447	-55.378624910774334	-98.4453058254222	-151.81098969688958	-98.4453058254229	323.657073659969	-73.48553471683863	-151.81098969688964	-73.48553471683832	-118.29310960664849	
2.0724831707001483	58.52950674607547	-100.1264209463923	-193.15185288853417	-100.12642094639287	344.5433260126889	-53.15082172713376	-193.15185288853397	-53.15082172713341	-117.22820206787031	
2.124295249967652	164.1245962030443	-124.65676757142832	-179.82976784715885	-124.65676757142872	375.453600296373	-11.372052533395603	-179.82976784715854	-11.37205253339522	-83.66353505938592	
2.176107329235156	243.45767347415043	-172.84958741090188	-121.82097466675536	-172.84958741090225	413.70058560163375	46.66844494123535	-121.82097466675492	46.66844494123575	-26.029361017699102	
2.2279194085026597	282.68314720067167	-234.02526870788225	-42.679068865986906	-234.02526870788245	452.39590891288606	106.01264316494262	-42.679068865986466	106.01264316494303	46.04455997257075	
2.2797314877701633	278.8288872181678	-291.87680581920284	31.184809582753253	-291.87680581920296	486.0541025572214	147.18166272627727	31.184809582753672	147.1816627262776	122.39216352667727	
2.331543567037667	242.12863308448897	-331.59614748977293	80.7566113790531	-331.5961474897729	514.4631331224069	154.96057559816543	80.75661137905341	154.96057559816566	193.8830692198838	
2.3833556463051706	192.89604190783507	-344.6589315305477	99.98273035775216	-344.65893153054776	541.903031464848	125.51189453860772	99.9827303577524	125.51189453860783	253.96400078676857	
2.4351677255726742	151.8227288615011	-330.54406678883777	95.46768487530713	-330.54406678883777	572.595048989643	67.77322164509549	95.46768487530724	67.77322164509542	298.9946956295527	
2.4869798048401783	132.64898516700748	-295.5790869887846	81.2919014142485	-295.57908698878464	606.7558795210916	-1.2241529318274473	81.29190141424857	-1.2241529318276747	327.46425537677845	
2.538791884107682	140.05686018815808	-249.93821424917041	71.32744594132706	-249.93821424917041	637.8478028577786	-64.17527275708592	71.3274459413271	-64.17527275708625	339.6857964460031	
2.5906039633751856	173.73714207617263	-204.53912091382256	72.14554114406906	-204.53912091382256	654.0656556458034	-110.04423636323364	72.14554114406909	-110.04423636323408	338.6665253030595	
2.6424160426426893	232.00439825927108	-168.7368584455602	80.09964223666167	-168.73685844556013	641.7263249047205	-136.55465233263004	80.09964223666168	-136.55465233263052	331.23406278138907	
2.694228121910193	312.40211700557734	-149.5713445279221	84.36804920895145	-149.571344527922	591.3736251687874	-148.33183509609287	84.36804920895152	-148.3318350960933	327.1353037026097	
2.7460402011776965	408.6928337971976	-151.5019749925593	74.40727270392452	-151.5019749925592	503.037017046504	-153.0424599772398	74.40727270392463	-153.04245997724018	335.41535499993324	
2.7978522804452	508.070076533573	-175.72221498956452	47.207449394615374	-175.7222149895644	387.8226050539555	-157.9679779964017	47.207449394615494	-157.967977996402	359.9114930763685	
2.8496643597127043	592.5655884792175	-218.58736495147812	9.735103464389255	-218.58736495147804	265.3084814765121	-168.23919485629023	9.735103464389418	-168.23919485629048	397.0195942326096	
2.901476438980208	642.8896820032911	-270.90697753170934	-24.86511518209629	-270.9069775317092	156.63217117633513	-186.32583740038802	-24.865115182096105	-186.3258374003882	437.39496936938855	
2.9532885182477115	644.2520392206306	-319.2288435606457	-44.603185304737394	-319.2288435606456	78.40386526405626	-211.58212748209496	-44.60318530473717	-211.58212748209507	470.3202626847905	
3.005100597515215	590.0529623231432	-349.72216030707136	-44.40382813655741	-349.72216030707125	37.09457804377874	-239.65519355212754	-44.40382813655719	-239.65519355212757	487.832886802512	
3.056912676782719	482.5956543152623	-352.9272282076257	-26.85841787700085	-352.92722820762566	28.205265094393848	-262.85251145024665	-26.858417877000658	-262.85251145024665	486.5481843644949	
3.1087247560502225	332.2762237578055	-326.00756964383845	1.6434869900884053	-326.00756964383834	38.60717608701298	-272.29271559386973	1.6434869900886042	-272.29271559386973	467.14716489104967	
3.1605368353177266	155.1995821058749	-272.45833266389883	35.79731628387001	-272.4583326638987	52.14275282547311	-261.5076295698321	35.79731628387016	-261.5076295698321	433.064472902433	
3.21234891458523	-28.542910462054323	-199.37677902757173	73.38448916134638	-199.37677902757167	55.899506150990774	-229.48404968219697	73.3844891613465	-229.48404968219694	389.35845848657607	
3.264160993852734	-197.10258564551805	-115.01359591599831	113.376843603413	-115.01359591599821	44.36957255862301	-181.29012854381384	113.37684360341309	-181.2901285438138	341.48548442530154	
3.3159730731202375	-330.7406328935674	-27.35080340522225	152.692210064653	-27.350803405222187	19.111401783737676	-125.8158624718021	152.69221006465307	-125.8158624718021	293.6171545428324	
3.367785152387741	-416.58906784914427	56.77665593946494	185.22219975096442	56.77665593946501	-14.924338941351625	-72.00826904700808	185.22219975096442	-72.0082690470081	247.13388184376126	
3.4195972316552448	-453.00986262400977	132.3355550135359	204.62990894418425	132.33555501353595	-53.20242257347119	-25.792107475676502	204.62990894418422	-25.792107475676506	200.91984952872446	
3.4714093109227484	-449.5067924956528	196.83512376207767	208.9977485710266	196.83512376207767	-92.76628717075258	10.864968968852079	208.99774857102656	10.864968968852066	153.90551390441107	
3.5232213901902525	-421.22854685253037	250.46047182244212	203.368170858345	250.46047182244223	-130.42070064413332	38.60721853932435	203.36817085834497	38.607218539324336	108.36380797983426	
3.575033469457756	-381.0937231696528	294.89242338803166	197.473770232542	294.89242338803166	-160.62137667058226	58.34189232269435	197.4737702325419	58.341892322694335	70.97948379788042	
3.6268455487252598	-333.69229481448974	331.88063049393463	199.74551100111145	331.88063049393463	-176.15592754369897	69.33164712041594	199.74551100111137	69.33164712041592	50.162889244510716	
3.6786576279927634	-275.33803733482296	362.5539659676771	211.5528654002187	362.55396596767713	-171.4211494434823	68.93320537309339	211.55286540021862	68.93320537309336	51.015698826189436	
3.730469707260267	-199.44834014836442	387.6843155379927	225.67860631099347	387.68431553799263	-146.96531522214144	54.10083430155899	225.6786063109934	54.10083430155895	71.14716482688164	
3.7822817865277707	-104.51064024532259	407.9385132011049	230.28363272652163	407.9385132011049	-111.30999244578524	23.73345168664458	230.28363272652157	23.7334516866445	100.37930672261511	
3.834093865795275	1.0876386599395076	422.89230178708164	215.94718936440307	422.89230178708175	-78.08416792665363	-19.766820995929418	215.94718936440302	-19.766820995929532	124.5483961423197	
3.8859059450627784	99.43013875776282	429.81678854949683	181.46324934764277	429.81678854949683	-59.84532015677635	-70.8691206737252	181.46324934764272	-70.86912067372538	131.59475435360656	
3.937718024330282	169.1813854133989	423.66896082354793	134.89426205237226	423.668960823548	-62.301413571918005	-122.77790126376419	134.8942620523722	-122.77790126376436	116.76481099047764	
3.9895301035977857	194.11492223176646	399.53973119753897	89.65998199409793	399.539731197539	-83.05479321912759	-169.5663474001941	89.65998199409783	-169.56634740019433	84.5197173306044	
4.041342182865289	169.87018930009404	356.03661984968153	58.13533688319867	356.0366198496816	-114.36440324245545	-207.1529563374562	58.13533688319861	-207.1529563374564	46.28407000746513	
4.093154262132793	105.42281351291936	297.4365922115311	46.685984901129174	297.43659221153115	-148.10789205321788	-232.78976686966757	46.68598490112906	-232.78976686966774	15.076180600303566	
4.144966341400297	18.839616660701324	232.80961762070365	54.689933064255456	232.80961762070368	-178.73041352502784	-244.07385225738784	54.68993306425534	-244.073852257388	-0.2974992006624717	
4.1967784206678	-69.41541461263141	173.18715214242317	77.24076799241098	173.1871521424232	-202.2435386856067	-238.84368299544627	77.24076799241084	-238.84368299544644	1.1464385322412625	
4.248590499935304	-142.25319527161412	128.17762739657445	108.98243903864216	128.17762739657445	-213.83613670808083	-216.47504396797507	108.98243903864201	-216.47504396797518	13.170968383999941	
4.3004025792028076	-188.7761669929826	103.81460586676417	145.9995333507164	103.81460586676413	-206.64587632861236	-179.5961334552492	145.99953335071626	-179.59613345524923	26.777730228244707	
4.352214658470312	-203.73130060631888	101.33103916552997	185.16257570841748	101.33103916552984	-173.78870322914074	-134.63938609887623	185.16257570841736	-134.63938609887626	36.364388000998986	
4.404026737737816	-186.85978785104302	116.74426173686327	222.54747768355247	116.74426173686308	-111.76418167811167	-90.19597824049694	222.54747768355242	-90.19597824049691	44.0514376908149	
4.455838817005319	-141.67267511587684	141.86030948532027	252.99050036880533	141.86030948532002	-22.873664202143942	-53.692056975864276	252.99050036880527	-53.69205697586425	59.17604582530495	
4.507650896272823	-73.9875930198132	166.08184664829034	271.28143743847784	166.08184664829005	84.65938569785507	-28.269551473529866	271.28143743847784	-28.269551473529837	92.3799418414343	
4.559462975540327	9.43690296549056	179.48132899786526	273.717176001666	179.48132899786492	198.92356484223606	-11.495647237242286	273.7171760016661	-11.495647237242299	147.13891425994797	
4.61127505480783	102.21294845779246	175.6539339762762	258.50940775891195	175.65393397627585	306.20675202776795	3.285896307198545	258.50940775891206	3.28589630719849	214.0280788295858	
4.663087134075334	199.56848852042447	152.91200018096052	225.37141381820777	152.9120001809602	393.9925927841971	23.69819170316625	225.37141381820783	23.69819170316615	272.4533822750147	
4.714899213342838	297.9015751449277	114.14721095762492	175.3680121093686	114.14721095762467	453.2239599835647	54.209358428519685	175.36801210936875	54.20935842851955	299.95873763874164	
4.766711292610341	394.5601941362015	65.35980232399834	111.67550612431164	65.35980232399808	480.8625892312043	92.6135987131414	111.67550612431174	92.61359871314129	283.9476968526524	
4.818523371877845	487.91709119601705	14.006083013701684	40.42769714454295	14.006083013701414	480.41516094119413	128.65976826368683	40.42769714454307	128.65976826368674	228.77405068342938	
4.8703354511453485	577.8508815804191	-33.716813627344564	-29.73679094931802	-33.716813627344834	460.7885202510325	146.40496707001336	-29.736790949317893	146.40496707001336	154.1295030456601	
4.922147530412852	664.6072129167659	-75.13913843958912	-89.4977225610441	-75.13913843958939	433.1857952224643	130.46102692399825	-89.49772256104393	130.4610269239983	86.49211666894405	
4.973959609680357	746.6250472732556	-112.59898660476762	-130.70571269482923	-112.59898660476799	407.17139348977025	73.79149152737156	-130.7057126948291	73.7914915273717	48.989028699248216	
5.02577168894786	817.4113821001167	-152.29854657552275	-147.0392529916042	-152.29854657552315	388.46148228479524	-17.344038184498757	-147.03925299160412	-17.344038184498572	54.858402222042926	
5.077583768215364	863.8123332097448	-200.09698201481217	-133.99834976519432	-200.09698201481257	377.69044972916663	-124.46488893275432	-133.99834976519418	-124.4648889327542	105.38809997976881	
5.129395847482868	868.2724575202512	-256.85330838876047	-89.7557774492754	-256.8533083887609	371.35272809995524	-223.69070486739238	-89.75577744927529	-223.69070486739238	190.98689782316745	
5.181207926750371	814.9029962879074	-316.4836383769696	-17.217577806487412	-316.48363837697	362.24910935778297	-294.2686503881636	-17.217577806487242	-294.2686503881638	293.8052819947268	
5.233020006017875	697.9713670878768	-368.8879050112629	74.29991502626469	-368.88790501126334	340.78928158836334	-324.4374294017337	74.29991502626488	-324.437429401734	391.9509653903376	
5.2848320852853785	528.43576231726	-405.6112179777602	169.92259020386155	-405.61121797776053	297.4325650304773	-312.903525554642	169.92259020386183	-312.90352555464233	465.1427310352296	
5.336644164552882	333.1592134038984	-424.38647702186563	253.00756712976607	-424.38647702186597	225.3720255202619	-267.224681429217	253.00756712976641	-267.2246814292173	500.0319224105097	
5.388456243820386	145.1887657222789	-430.243567833101	309.82578327486306	-430.243567833101	125.3988569735667	-201.3176991772549	309.82578327486345	-201.31769917725512	492.9877882448043	
5.440268323087889	-11.160650430765827	-432.6222233409521	332.5443062776077	-432.6222233409518	8.543022531380515	-132.7284549137092	332.54430627760803	-132.72845491370921	449.3731964807369	
5.492080402355393	-131.90650145445244	-440.75494868079755	319.78527682640157	-440.75494868079704	-105.12621043277022	-78.75689552661987	319.785276826402	-78.75689552661967	380.76046099304455	
5.543892481622897	-232.3116505828169	-459.2050509872227	275.8634760719686	-459.205050987222	-192.59141942327608	-51.3452797960628	275.8634760719691	-51.3452797960624	301.7104329780366	
5.5957045608904	-333.6469678225426	-485.5226005771908	209.85216714437786	-485.52260057719013	-237.5708592111407	-52.611069355219406	209.85216714437834	-52.611069355218845	226.63333007403548	
5.647516640157905	-447.3414106255573	-510.73694747055254	134.10014624385747	-510.7369474705518	-238.84003243955306	-74.05106903868023	134.10014624385803	-74.05106903867951	166.58422056350247	
5.6993287194254085	-566.3606117443031	-522.7720879633819	61.35291369379109	-522.7720879633813	-211.94305766366398	-101.0237398415942	61.352913693791656	-101.02373984159344	126.64567774059921	
5.751140798692912	-669.942342536415	-511.95757303188844	0.41486472633160076	-511.9575730318879	-182.21910561217823	-120.53810204382759	0.4148647263321408	-120.53810204382685	105.26118547639514	
5.802952877960416	-735.0878105599754	-475.01169026155566	-47.391996613183636	-475.0116902615549	-172.3529331264944	-127.9562849954151	-47.3919966131831	-127.9562849954145	96.35321524037593	
5.8547649572279195	-747.1005331141384	-416.39973551200393	-88.24449383218055	-416.39973551200296	-193.19517857037357	-128.6990901517575	-88.24449383218011	-128.69909015175713	93.0943442670548	
5.906577036495423	-704.5234314455915	-346.2541867959713	-131.47199421825155	-346.2541867959701	-242.10986977523945	-134.03387461956095	-131.47199421825118	-134.0338746195609	91.00058770372658	
5.958389115762927	-618.184123484632	-276.56314475683166	-183.14572012834978	-276.5631447568301	-310.39471397951735	-153.78774667581519	-183.1457201283495	-153.78774667581547	88.85977198140145	
6.01020119503043	-506.525798864179	-217.98223876822547	-241.5391457662994	-217.98223876822382	-390.665507084761	-190.33339931718518	-241.53914576629913	-190.33339931718567	87.82080212191332	
6.062013274297934	-389.9205863371833	-177.88068703153928	-297.4648643793504	-177.8806870315378	-479.2724792490456	-237.22791934564157	-297.46486437935016	-237.2279193456422	89.88083896201266	
6.113825353565438	-284.7299657245215	-159.48200334217847	-339.280363919466	-159.48200334217717	-570.9822531737875	-282.53822691748053	-339.2803639194657	-282.5382269174812	96.43713165312542	
6.165637432832941	-198.57930201970498	-161.0996300972762	-359.221413267416	-161.0996300972752	-652.492838420905	-314.47830685385	-359.2214132674154	-314.4783068538505	107.08239087659122	
6.217449512100445	-129.72085177415732	-176.22770830691456	-357.41319346778977	-176.22770830691383	-701.8543120367265	-326.2114662949658	-357.41319346778903	-326.21146629496604	118.94418931912207	
6.269261591367949	-70.07754016033502	-194.36093851807158	-341.52028408277806	-194.36093851807092	-695.0155799791831	-317.90228541029734	-341.52028408277715	-317.90228541029717	127.42101899181323	
6.321073670635453	-10.44452322800754	-203.24719437333667	-322.9154442868523	-203.247194373336	-617.6846059870464	-295.7188440628846	-322.9154442868512	-295.7188440628841	128.3819518805269	
6.372885749902957	55.87365339728933	-192.68600825256286	-311.86189649538863	-192.6860082525621	-472.66808138128323	-268.8970614270116	-311.86189649538767	-268.8970614270107	121.06516926721994	
6.42469782917046	131.52086207318249	-157.57791518970132	-313.9307292443225	-157.57791518970026	-280.1453239991674	-246.10002628834096	-313.9307292443215	-246.10002628833988	109.71726183568403	
6.476509908437964	216.31975081892756	-99.75171850850964	-328.66451587630786	-99.75171850850836	-69.46052916767515	-232.64680435043576	-328.66451587630706	-232.64680435043456	102.70049190408048	
6.528321987705468	308.55715280111843	-27.384322836806305	-350.39853157833954	-27.384322836804827	131.4554920991281	-229.50240460233226	-350.39853157833886	-229.50240460233113	109.15374772765973	
6.580134066972971	405.4371734354529	47.342400522715096	-370.6482967124947	47.342400522716666	304.54285611922785	-234.1622636984136	-370.648296712494	-234.16226369841252	134.95376351964612	
6.631946146240475	502.37575002275	112.16638856108358	-381.3224240992381	112.16638856108513	444.1848296041994	-242.66046468351288	-381.32242409923725	-242.66046468351192	180.00995798976115	
6.683758225507979	591.7156266363081	159.0591589854078	-377.6717992465941	159.05915898540917	553.4213638956852	-251.41080837193618	-377.6717992465931	-251.41080837193536	238.1291118948211	
6.735570304775482	663.3533599047231	186.61216333115885	-359.67980691025946	186.61216333115996	638.7692448666122	-258.0771057661949	-359.6798069102582	-258.07710576619417	299.2873223758253	
6.787382384042986	707.2597804424132	199.68670465533438	-331.32949417389113	199.68670465533518	705.2112462364638	-261.5654391737618	-331.3294941738897	-261.5654391737612	352.97645032731674	
6.8391944633104895	717.6795124511209	205.88358247453192	-298.2315839881032	205.88358247453237	755.3290706942126	-261.684569128205	-298.2315839881018	-261.68456912820466	391.09296178147775	
6.891006542577993	696.6133015437817	211.17729751654494	-265.0865424770827	211.17729751654505	790.4335625880699	-258.9000998170642	-265.08654247708154	-258.90009981706413	409.6353264280425	
6.942818621845497	654.1908074299921	217.5653869624756	-234.4144023554506	217.5653869624754	812.6741406415729	-254.10841891234713	-234.4144023554497	-254.10841891234736	408.98630917749097	
6.994630701113001	604.937222240843	223.96259371935258	-207.07178272490106	223.96259371935216	825.6425699344196	-248.1988834972135	-207.07178272490046	-248.19888349721384	393.18739984214113	
7.046442780380505	561.2992040640165	229.71362877928266	-183.62242271420538	229.713628779282	832.5163197670362	-241.6903025359422	-183.62242271420507	-241.69030253594264	368.63458877361904	
7.098254859648009	528.396533018097	237.31196384307486	-165.34900216403184	237.31196384307415	833.328190260138	-234.69118679748567	-165.3490021640317	-234.69118679748595	342.43771131782205	
7.150066938915512	503.0083112317004	251.75916925918494	-154.06457582594794	251.75916925918415	823.9328070528909	-227.30375218953026	-154.0645758259479	-227.30375218953034	320.7200403885813	
7.201879018183016	477.6456338326615	277.02306494037646	-150.94888872259673	277.0230649403756	798.319733494599	-220.07499380370442	-150.94888872259685	-220.07499380370436	307.2836644718226	
7.2536910974505195	445.89276629557963	311.9292954640217	-155.3596525917611	311.92929546402104	753.4257552421071	-214.11005094456135	-155.35965259176132	-214.11005094456115	303.02445112413966	
7.305503176718023	406.46295508959514	349.28293325433737	-164.49565679058122	349.28293325433685	693.0474522432368	-210.605791342148	-164.49565679058162	-210.60579134214774	306.19697890084615	
7.357315255985527	362.58891277497037	379.46758843119795	-174.0182906665812	379.46758843119767	627.7164681013107	-210.01270280320284	-174.01829066658175	-210.01270280320256	313.343194398488	
7.4091273352530305	319.5841274636028	395.96256003611876	-179.17891223897792	395.9625600361186	568.3304374629466	-211.36418399066383	-179.17891223897868	-211.3641839906636	320.5065192513997	
7.460939414520534	281.91289908014136	399.12441091684656	-176.00038575174977	399.1244109168465	518.8569598840381	-212.1437043449727	-176.00038575175066	-212.14370434497255	324.3447105555326	
7.512751493788038	252.6561481166151	395.11551585627626	-162.31650573153834	395.11551585627603	471.95498195170194	-208.85129391605255	-162.31650573153937	-208.8512939160525	322.93981023898573	
7.564563573055541	234.47572463224117	391.3215127170336	-138.69139220659662	391.32151271703316	411.8474208218935	-198.082643997457	-138.6913922065977	-198.08264399745718	316.036221323781	
7.616375652323045	231.04007716313305	391.26667005642605	-108.75623384035441	391.26667005642526	324.50160861667644	-177.69760809232332	-108.75623384035565	-177.69760809232355	304.64810734328813	
7.66818773159055	246.8730893124802	393.5604512677834	-78.33866040721321	393.56045126778224	207.6992563402975	-147.58843863856578	-78.33866040721458	-147.58843863856606	290.15590944692616	
7.719999810858053	285.00735247424177	393.9223740462371	-53.33754994260511	393.92237404623535	75.81219398415216	-109.79782973860644	-53.33754994260666	-109.79782973860674	273.37962570842507	
7.771811890125557	344.084483251788	389.34127927985213	-37.31351696600276	389.34127927985	-44.9333528310481	-67.79545169878753	-37.313516966004556	-67.79545169878773	254.2342646959986	
7.8236239693930605	416.5525127400404	380.3325819627174	-30.262043272431377	380.33258196271504	-128.07271940322488	-25.25498557060978	-30.262043272433377	-25.254985570609797	232.3280664317789	
7.875436048660564	490.0611959863493	370.3610486472583	-29.39664033682171	370.36104864725587	-158.50649460963723	15.103483966541646	-29.396640336823854	15.103483966541816	208.2290141104544	
7.927248127928068	551.5581765244829	363.26284171601196	-31.27362015711279	363.2628417160095	-137.95225354114405	52.07194431554869	-31.273620157114912	52.07194431554902	184.55748664031657	
7.979060207195571	591.7997358667296	360.35393227879996	-33.743063382244934	360.3539322787976	-81.68142353149636	85.63280815761496	-33.74306338224687	85.63280815761536	165.99807812689733	
8.030872286463076	607.4305627618087	359.2161425326695	-36.621018688009684	359.2161425326673	-9.12581553149272	115.99922055527439	-36.6210186880113	115.99922055527476	157.88883878456895	
8.082684365730579	600.476124280228	354.47546574893556	-41.17838968788718	354.4754657489334	65.85401477647784	142.65106847528486	-41.17838968788841	142.65106847528517	163.91814192628837	
8.134496444998083	575.0965185600217	340.5756013379538	-49.29171319751652	340.575601337952	140.00510728243725	164.02391112447123	-49.29171319751742	164.02391112447145	184.05209817903426	
8.186308524265586	535.035000861612	314.5005304072487	-62.84290771774044	314.50053040724714	218.0261442219985	178.05073291349797	-62.84290771774111	178.0507329134981	213.83409925159407	
8.23812060353309	482.9747208072429	277.5982792653378	-83.23379967959515	277.59827926533643	305.19088229962443	183.1571546084054	-83.23379967959582	183.15715460840556	245.54252716209658	
8.289932682800593	420.92572961378823	234.9131355318995	-110.64114395436485	234.91313553189823	399.2366247306079	178.9722260590218	-110.64114395436559	178.9722260590221	270.7913173977416	
8.341744762068098	351.68470283082286	192.43942777456488	-143.1367635576564	192.43942777456368	487.7375634579904	166.29340186431926	-143.13676355765728	166.29340186431966	283.36722127166786	
8.3935568413356	278.6890935552612	153.47312665542964	-176.36696968949286	153.4731266554284	552.137549822611	146.41630096145315	-176.36696968949383	146.4163009614537	281.09176409662814	
