# Stress in units of bar (10^5 Pa)
# z	Sxx	Sxy	Sxz	Syx	Syy	Syz	Szx	Szy	Szz
0.0	-334.9350364610481	2056.2531303976057	112.88532354317448	2056.2531303976116	-339.3076851367029	-226.32446427251145	112.88532354317277	-226.32446427251355	-31.773311618318473	
0.05211040248451859	1317.2555141364408	-908.6331737365678	212.9233981192425	-908.6331737365629	1609.7250012482655	48.83585344962043	212.92339811924322	48.835853449616366	-2.803354953198925	
0.10422080496903718	-1603.742255120761	1662.5739816037008	445.9598423485586	1662.5739816036944	-1296.6647891428345	54.43862423220081	445.9598423485614	54.43862423220106	-131.8486579564635	
0.15633120745355578	1697.4368601724154	1216.0523213176077	368.60663502233456	1216.0523213176125	975.7996290252212	48.49373303706938	368.6066350223385	48.493733037074165	-63.7774355353239	
0.20844160993807437	-672.7633413440979	-28.6288550844631	109.60106800587047	-28.62885508445908	378.0517921748366	-21.02517477195711	109.60106800586819	-21.025174771952926	207.40446044042773	
0.26055201242259296	197.57357837219257	-504.8730340593715	-168.9671614057247	-504.8730340593717	-613.2163688578677	141.35044680936417	-168.96716140573128	141.35044680936525	333.76737497960204	
0.31266241490711155	-597.1204676700333	473.2618179652169	-87.36621858591532	473.2618179652176	1331.1026561989456	138.18716298436416	-87.36621858591778	138.18716298436402	223.89983052403693	
0.36477281739163014	553.5339312236596	-89.23934806144383	50.484666099525846	-89.239348061443	-6.255771229891044	55.223897142003956	50.48466609952478	55.22389714200619	258.66623872350794	
0.41688321987614874	-349.0455178845846	1024.3489325109579	285.18620548900304	1024.3489325109579	1091.873145469399	12.150812551301058	285.1862054890011	12.150812551301089	187.73790806381348	
0.46899362236066733	-365.97771411935685	126.74609623015104	159.13476124254376	126.74609623015242	276.6747805010748	109.14313412765283	159.13476124254717	109.14313412765073	-115.04616771741198	
0.5211040248451859	504.4009626304016	1029.9419934143093	-76.06035323036636	1029.9419934143057	-558.6006990470902	186.4393741722936	-76.06035323036453	186.43937417229648	-151.57304803349768	
0.5732144273297045	-1361.0091112050563	-699.9663115344352	-216.54217902132294	-699.9663115344374	-119.32329965390699	230.6842427160789	-216.54217902132692	230.68424271607773	-176.70655457143647	
0.6253248298142231	-498.0338599840614	811.6895681893751	-272.0025793659293	811.6895681893702	-1040.8274981614354	191.22923405580272	-272.00257936593164	191.22923405580036	-601.8032764995226	
0.6774352322987417	63.289141557577494	-1667.810486601557	-155.34855537750073	-1667.8104866015585	-236.87991931762815	76.33928246118704	-155.3485553775009	76.33928246118546	-350.4360176492902	
0.7295456347832603	233.95887110429217	220.07260744972658	49.901600379440694	220.07260744972766	-941.5545867333221	3.7065336396968953	49.90160037944059	3.706533639695255	-139.9074830721678	
0.7816560372677789	-174.14916849528765	-1356.8782594403401	150.08235755417266	-1356.8782594403433	-636.7494599923698	139.6832691286712	150.0823575541707	139.68326912867528	-15.90835173493548	
0.8337664397522975	697.4360637555275	-482.28463733623323	170.37355888652016	-482.28463733623204	1100.491432335464	118.22067017684338	170.37355888652078	118.22067017684314	160.28825368132624	
0.8858768422368161	658.3986370247007	568.4742462062245	146.5410572999809	568.4742462062223	-779.830018537417	50.71523807404484	146.54105729998128	50.71523807404715	334.75486099064943	
0.9379872447213347	1117.8825024854864	-559.1157102807205	259.79832786808896	-559.1157102807152	1616.9610909244868	67.37966241292952	259.7983278680861	67.37966241292622	371.5181961215269	
0.9900976472058532	-1460.986332215736	-51.52920945765881	168.39186145798485	-51.529209457660244	-2917.8919862534703	-29.179725175101517	168.39186145798516	-29.17972517510256	444.5915730685012	
1.0422080496903718	297.93586601594546	-465.00784376332615	-178.69384102446867	-465.007843763322	1088.4709940617895	44.10964375773502	-178.6938410244673	44.109643757734936	199.22418182201702	
1.0943184521748903	332.89416928158073	-316.3710366973892	-54.456364459578616	-316.3710366973871	-11.786689370843705	52.97318411258729	-54.4563644595818	52.973184112590545	257.7654347003778	
1.146428854659409	-1859.449268335081	97.41645475433906	-96.66527369190246	97.41645475433789	-1295.5973809334498	19.12146387012885	-96.66527369190368	19.12146387012903	146.01235444589923	
1.1985392571439277	-1168.1964222954048	-465.7358941912176	101.9491131822485	-465.735894191217	-182.58416910453576	-55.44060648588921	101.94911318224759	-55.44060648588718	-52.23764343495809	
1.2506496596284462	-1383.1872741884647	428.8991950099184	131.36678281648094	428.8991950099228	-1768.2934112464281	250.0108810008903	131.3667828164794	250.01088100088924	67.88699487747408	
1.3027600621129647	281.35285796750105	1315.5917746447728	186.83976750435127	1315.5917746447699	-14.69013995256073	415.6798891636049	186.83976750435286	415.6798891636035	205.7785199157063	
1.3548704645974834	-2971.434455394191	-842.628105771289	298.93619787104376	-842.6281057712904	-1469.2772293117794	322.9529184931435	298.93619787104234	322.95291849314276	403.9232553116446	
1.406980867082002	1795.4864340057138	-210.44309233942093	24.145788806358794	-210.44309233942232	307.0248112662577	508.1895707870709	24.145788806356666	508.1895707870713	509.70095116930077	
1.4590912695665206	246.79101703957147	-42.632695080873006	-108.58820576116686	-42.63269508086922	605.2872268131338	323.07216960940787	-108.5882057611656	323.0721696094084	804.9334163455852	
1.511201672051039	-1785.0197453271624	39.800318617169566	-27.247597329567885	39.80031861717263	-1494.3211805278322	-45.37193263500173	-27.247597329567338	-45.37193263499897	273.98226757285477	
1.5633120745355578	-325.84607477944684	845.3440613914725	51.293431852916044	845.3440613914725	-2081.922547894247	167.94068180495705	51.29343185291673	167.94068180495552	-686.8322805012328	
1.6154224770200765	-2139.7477691474055	-112.71629781909695	-425.15874227342624	-112.71629781909434	-789.9891881553198	236.3034838733835	-425.1587422734251	236.3034838733813	-962.7225245140165	
1.667532879504595	-2578.2399556266646	-296.6957935193447	16.35678162702592	-296.69579351934357	-1326.4644295790224	-204.3865381079312	16.356781627027555	-204.38653810793136	-326.36772702436247	
1.7196432819891134	890.3255208199658	1646.6543994838407	653.6245450421867	1646.6543994838453	2336.2333637436855	-307.28025291390793	653.6245450421885	-307.2802529139058	293.6820413402159	
1.7717536844736321	-723.3622132665248	-1223.5880572925576	276.71305252889545	-1223.588057292558	-2972.122384087459	-251.84893243320485	276.71305252889545	-251.84893243320323	505.98670794295015	
1.8238640869581508	2300.720545028995	1505.3621809909312	-86.54030336243854	1505.3621809909316	2998.8441430979983	-602.9105845983809	-86.54030336243741	-602.910584598382	704.8901812516705	
1.8759744894426693	-967.3480726894593	647.8724840184364	-208.89431648157029	647.8724840184399	-1033.010535112201	188.08551353371024	-208.8943164815674	188.0855135337125	513.3863743923059	
1.9280848919271878	67.78613798864197	916.4070571472521	452.90681725345553	916.4070571472494	-320.2216118345729	352.65855689543594	452.90681725345536	352.658556895434	-65.4761762801267	
1.9801952944117065	2232.1845334561294	90.3935461715072	1147.7160221366366	90.39354617151056	-113.25864943940516	-288.4304488089873	1147.7160221366366	-288.4304488089878	-257.9832594032741	
2.032305696896225	-970.0714889823092	-438.3703300810901	54.24952849559973	-438.37033008109023	-14.141158834549268	-84.32031098725092	54.249528495601524	-84.32031098725025	-6.962075679680941	
2.0844160993807437	1926.3483379410427	1924.3925188205835	-324.28640016810914	1924.3925188205872	357.890794735606	542.2374578320247	-324.28640016810897	542.2374578320254	-155.1155354431656	
2.136526501865262	-3009.469305475223	-393.0872946998448	590.0788639982084	-393.08729469984667	-664.8716308596613	626.813508416777	590.0788639982095	626.8135084167785	-565.64921047707	
2.1886369043497806	1725.1563621961507	-1929.7431054211377	335.8716875098944	-1929.7431054211381	3325.5981442063126	497.1086634392525	335.8716875098962	497.1086634392512	-465.5647840188504	
2.2407473068342996	2195.3354744985068	2510.838797994402	-228.6090593898467	2510.838797994402	-138.92694146706467	681.9973810618513	-228.60905938984502	681.997381061852	-568.0174891871098	
2.292857709318818	-1718.678552440458	120.23501139392098	-216.03764024893007	120.23501139392049	774.064722710624	736.6827319461399	-216.03764024893024	736.6827319461402	-180.19496484936332	
2.3449681118033365	1814.9328158013748	-1350.7493114536107	21.705063475226716	-1350.7493114536119	993.6168621992247	256.9773526904597	21.705063475226577	256.9773526904604	476.28030091616967	
2.3970785142878555	1894.4810263602164	443.4855259034283	-131.02968556365485	443.48552590342786	1589.9121064136511	306.08726616128644	-131.02968556365497	306.0872661612879	664.6233210797308	
2.449188916772374	-1415.5035860742164	-701.799414045889	289.68107400918325	-701.7994140458911	1742.5981778152518	170.6892786882175	289.68107400918274	170.68927868821868	317.81845968076055	
2.5012993192568924	-785.9632338438935	647.7293181336285	322.67920489532924	647.7293181336289	2074.8466620868494	459.05144561632505	322.67920489532935	459.05144561632505	116.75224726660596	
2.553409721741411	530.8878241547691	1675.816649650319	108.16040669016651	1675.8166496503195	-236.73509944643837	661.679566919258	108.16040669016688	661.6795669192572	-515.7722328117843	
2.6055201242259294	586.326157030749	309.38463853653985	240.43749023199888	309.38463853653957	-1424.727382988006	631.5598910140708	240.43749023199885	631.5598910140703	-163.47374371008956	
2.6576305267104483	1083.4573360945694	-207.90198247558828	286.48306199312674	-207.90198247558905	-744.3292331260213	-38.27191098035314	286.48306199312617	-38.27191098035282	177.96999290989027	
2.709740929194967	943.4207502647324	435.9242639305276	224.98305332132597	435.9242639305273	1674.5118646409433	0.436506343644359	224.98305332132657	0.4365063436439327	110.14654276271676	
2.7618513316794853	-225.58941061920845	494.44351301745405	703.1180009455406	494.44351301745326	207.03462307771872	-149.43258917120522	703.1180009455404	-149.4325891712054	750.668082449666	
2.813961734164004	-76.29619485290723	427.59757302041845	328.97638888374223	427.59757302041885	-285.49103902482466	-123.99412685931844	328.9763888837425	-123.9941268593189	62.73110511063596	
2.8660721366485227	342.02490023145384	-354.16746574799646	-264.1051001551243	-354.1674657479963	519.7281697926358	-126.14446877812192	-264.1051001551238	-126.14446877812156	-314.23101119873473	
2.918182539133041	300.41943951040906	-421.0713187931342	-40.627396582857614	-421.07131879313346	1799.804720302372	28.07864865067677	-40.627396582857735	28.0786486506768	-332.9766917759642	
2.9702929416175596	-652.2621002209204	-254.61033585015514	87.5151919951483	-254.61033585015534	-1216.452527134386	-277.7636099116865	87.51519199514841	-277.76360991168616	-105.38522176292435	
3.022403344102078	1758.8610378646251	245.1208674044362	336.56834705135947	245.12086740443607	-208.5806380887621	-372.2241293015758	336.5683470513592	-372.2241293015756	310.1504215682605	
3.074513746586597	114.7422019364178	-242.4270987285748	721.7844104293921	-242.42709872857435	-1014.1880100233077	-270.6279332234827	721.7844104293919	-270.62793322348324	201.97567759978472	
3.1266241490711155	224.18703826259238	-168.78299762779417	262.83606661410073	-168.78299762779358	-659.252063387064	285.30357881623695	262.83606661410045	285.30357881623644	-494.1041679558269	
3.178734551555634	255.79818954844376	-799.8982758162427	-122.95760518876499	-799.8982758162427	635.3699369113837	252.83134004174283	-122.95760518876502	252.8313400417427	-793.2925581527389	
3.230844954040153	-64.89192650966167	-637.6505752275186	-157.1888295462397	-637.6505752275187	64.77212775765393	145.497658103113	-157.18882954623993	145.4976581031124	-1067.9215256873204	
3.2829553565246714	822.8750663394633	-482.6623834088333	-143.5479017467103	-482.6623834088329	-933.2070595446536	-68.15749907927348	-143.54790174671032	-68.15749907927346	-1092.879636391512	
3.33506575900919	-81.25937878285161	-132.84720067525382	-384.6152532307287	-132.8472006752542	7.063623215272143	117.49186646164235	-384.61525323072874	117.49186646164213	-527.2416709225503	
3.3871761614937084	307.8524789475588	-568.328060524884	-279.37475089412317	-568.3280605248844	259.4781113425914	-74.54277725032527	-279.3747508941236	-74.54277725032512	95.8816408504859	
3.439286563978227	1.5377173766141565	-260.4239979944697	404.3870350466841	-260.42399799446963	102.27075207131617	302.68264879285755	404.38703504668456	302.6826487928578	346.7059542293567	
3.4913969664627458	-904.4434750983315	75.947389160791	335.5048497546194	75.94738916079122	-599.6070217108946	365.8436305700399	335.5048497546196	365.8436305700398	336.813059202537	
3.5435073689472643	-643.2342172461427	186.55868697891842	188.86837003901258	186.55868697891827	-455.124074209986	129.6341682548335	188.8683700390122	129.6341682548335	364.1274530332667	
3.5956177714317827	136.1112593440885	-970.6511625474742	-134.45597243395918	-970.6511625474744	-799.9326533790854	13.188234481127962	-134.45597243395872	13.188234481128196	498.353232711763	
3.6477281739163017	10.301079515210136	103.35092592406363	-91.55163986157851	103.35092592406362	118.36018671651715	-264.1817440848799	-91.5516398615783	-264.1817440848801	-56.015048335756745	
3.69983857640082	-1258.8354017811678	-59.90364883139742	-296.27699187040497	-59.903648831397035	17.350151936884515	-338.73448609228313	-296.2769918704045	-338.7344860922829	-755.5212648155955	
3.7519489788853386	-776.6069352120967	198.25291615179836	-155.8491424823822	198.25291615179887	-438.8888828536056	-428.9154622518724	-155.84914248238294	-428.9154622518719	-278.44808188623443	
3.804059381369857	-794.293783553862	661.7778213111204	363.62775601461243	661.7778213111206	358.89448162314943	-602.001152570282	363.6277560146123	-602.001152570282	-320.7263076175409	
3.8561697838543756	-784.6932610271757	920.2801645267715	229.74257812808642	920.2801645267707	764.5355512405458	-592.3628845218119	229.7425781280864	-592.3628845218119	-265.2512513875949	
3.9082801863388945	-1374.30355474103	-112.70499740525015	-137.39589260108863	-112.70499740524991	-168.35889689250035	-625.1860632624235	-137.39589260108858	-625.1860632624237	-345.70386092991845	
3.960390588823413	-810.7273435860874	122.24564914019983	164.38452836791416	122.24564914019939	-660.6679720263426	-111.32831020008673	164.38452836791438	-111.32831020008652	-254.51670640861636	
4.012500991307932	221.645016431694	386.606947466789	614.7813631715064	386.6069474667893	-710.9509725452154	266.38285315149295	614.7813631715067	266.3828531514928	-566.0749793186372	
4.06461139379245	42.991463744165046	259.73458050697644	617.8525614683118	259.7345805069765	-261.3299380082635	355.16852802001944	617.852561468312	355.1685280200192	-563.7461019159103	
4.116721796276969	571.45510962036	-858.2699384279548	200.01416264631206	-858.2699384279549	-158.79468560989795	43.06424387856954	200.01416264631138	43.06424387856911	-281.43351273930415	
4.168832198761487	80.01468019852756	-1364.2522292062542	532.9831846950118	-1364.252229206255	61.31196916840228	55.77783333510348	532.9831846950112	55.777833335103324	51.80114432902098	
4.220942601246006	1195.4506603245159	872.9113307052363	615.4285539875139	872.9113307052369	1562.488514019568	-62.15932270352377	615.4285539875135	-62.15932270352362	245.94612945335248	
4.273053003730524	619.3335856499411	292.4375241893395	-253.12523438939886	292.4375241893392	292.70534042711256	373.44973454831	-253.12523438939905	373.44973454831086	50.691128954251994	
4.325163406215043	-539.8391733994271	36.429799094566505	-567.9618593470556	36.42979909456611	-511.43900678271507	775.4334750058417	-567.9618593470556	775.433475005841	222.90675864926143	
4.377273808699561	394.37067297488323	-85.4786100924915	-310.05442591203496	-85.4786100924917	1762.5279602617204	900.6983989528243	-310.05442591203473	900.6983989528243	866.599843805639	
4.429384211184081	483.20292347890165	61.31300340310377	-310.0103214673403	61.31300340310419	981.0349336499855	271.35082989765874	-310.0103214673397	271.3508298976592	879.0619580906719	
4.481494613668599	769.0538251896043	372.22009153464535	-169.9782437279822	372.2200915346448	106.17321234996994	27.21787084244411	-169.97824372798215	27.217870842444096	194.3697919464486	
4.533605016153118	-1765.5072967780143	-151.98996862694642	-251.5222193945532	-151.98996862694673	-715.3510497692523	224.2013252618774	-251.5222193945537	224.20132526187825	-188.1741646384955	
4.585715418637636	838.6532564759812	979.0112709439625	-214.0346797065034	979.011270943962	330.82802138010027	73.36718685938018	-214.03467970650308	73.36718685938013	-254.43580869216734	
4.637825821122155	-2411.654343287767	-1363.5725752722688	-28.459544905526307	-1363.5725752722685	-309.7653972434931	-658.4810996412006	-28.459544905526688	-658.4810996411996	-547.2559592620095	
4.689936223606673	760.2365507650616	-143.4821029570267	-237.55020313849028	-143.48210295702629	727.3103028295893	-502.9624898403935	-237.5502031384911	-502.96248984039397	-127.59863481800876	
4.7420466260911915	-505.68189552795667	1040.7380165913485	-193.26060642699068	1040.7380165913482	885.0252728956804	37.447275409718436	-193.2606064269907	37.44727540971772	334.9462320168517	
4.794157028575711	752.5265384436759	-1401.5774634998804	-239.56128270725128	-1401.577463499881	-360.20187855862986	-127.26327413732021	-239.5612827072518	-127.26327413731988	989.1799539725782	
4.846267431060229	218.78089325368217	-1012.269691365056	-16.866459264724185	-1012.2696913650557	-311.21458027639665	-511.9565760337798	-16.866459264724504	-511.9565760337797	797.2988377104533	
4.898377833544748	-653.385455987973	-248.52777120762937	274.4387852931777	-248.52777120762752	237.25620525092197	-219.16871300332855	274.4387852931784	-219.16871300332824	431.39354358607983	
4.950488236029266	2664.9017617180393	272.98765256567714	170.64353175345403	272.98765256567583	2249.175893505828	223.322744599365	170.64353175345354	223.32274459936494	430.72895772338677	
5.002598638513785	-2371.1062304864263	-1314.481114021888	-731.5307678346192	-1314.4811140218876	192.8295926022722	464.2283991425945	-731.5307678346186	464.2283991425948	457.5337970642354	
5.054709040998303	2762.227343690236	1711.054092386202	-730.049998116374	1711.0540923862006	2418.6717835882814	322.4529514274186	-730.0499981163733	322.4529514274186	642.0135514495806	
5.106819443482822	2505.860547607033	-29.552714184387444	-574.31901604166	-29.552714184385998	2051.43676369337	161.52374414955258	-574.3190160416591	161.5237441495538	416.19182223181787	
5.15892984596734	413.59981628931007	1041.6069348341714	-515.3192042560715	1041.6069348341691	-1256.7517916743216	-193.6515818256212	-515.3192042560713	-193.65158182562166	143.64674768781347	
5.211040248451859	-2649.6602473318576	1009.1712233502162	-161.06266277098297	1009.1712233502172	3665.5464179154487	-529.1755144964039	-161.06266277098317	-529.1755144964058	163.63511508534265	
5.263150650936378	3315.149456479674	1856.9618789786682	227.90657156548707	1856.961878978667	1825.8090684027009	-56.80000498568276	227.90657156548542	-56.800004985682655	256.25791601616476	
5.315261053420897	440.78850947905806	-1082.367766703735	17.687356811195084	-1082.3677667037366	-632.5428373172714	-16.617641370325952	17.687356811193286	-16.61764137032507	566.2041062172599	
5.367371455905415	-4479.397793058764	-877.9758186491455	-221.9730715428876	-877.9758186491446	-254.71637239754688	138.93514806826957	-221.97307154288796	138.93514806826846	642.7411864678159	
5.419481858389934	-9.141322554927841	-673.4900225012998	-308.9092290346914	-673.4900225012983	1034.061199846587	277.0452279426412	-308.90922903469055	277.0452279426387	881.9473461662079	
5.471592260874452	4190.298519556089	229.44981686873973	515.6225336720212	229.44981686874402	745.4239020348705	203.44337118188074	515.6225336720192	203.4433711818797	1221.6985285296096	
5.5237026633589705	-839.0637854568786	-724.2609841841313	411.6042955433667	-724.2609841841283	1685.8228064226296	492.0818185878767	411.6042955433666	492.0818185878763	806.9509133079976	
5.575813065843489	1514.7673198118787	-131.58619190590264	-583.099523741646	-131.5861919058969	-1925.8458613410883	888.4902058077485	-583.0995237416469	888.4902058077486	79.62291068594483	
5.627923468328008	-512.1440422057591	-1152.3854934220888	-1134.805004962918	-1152.385493422088	813.6083466674614	639.2498450784246	-1134.8050049629185	639.2498450784229	-309.30020732993046	
5.680033870812527	846.5328895696185	1048.9671300303705	-1035.9480048324276	1048.9671300303771	-2684.2825095159324	377.9667644509204	-1035.948004832427	377.96676445092066	-183.8748161075749	
5.732144273297045	-334.7596558751305	440.41994288656514	-607.6892579589107	440.41994288655957	790.4646953694835	655.9906065472641	-607.6892579589107	655.990606547266	-84.14660837881878	
5.784254675781564	1084.9259379626114	444.4485308357169	-343.09459645701753	444.44853083572156	1262.1793058340138	14.57543789969964	-343.09459645701764	14.575437899699743	184.89252195530153	
5.836365078266082	-415.8355438286143	-383.47214088545917	221.9690587761682	-383.4721408854555	-102.25067427478115	353.63270176170795	221.96905877616751	353.6327017617071	281.5746613243104	
5.888475480750601	1399.1618983617357	1029.332727587764	107.51962964703989	1029.33272758776	-1652.3026897096254	825.0304661424361	107.51962964704282	825.0304661424353	415.5321003613617	
5.940585883235119	525.9700211535629	775.0334106474788	100.43301781172497	775.0334106474783	771.3981692534026	519.2936432663369	100.43301781172809	519.2936432663348	118.15414087875607	
5.992696285719638	-715.4015953236396	-151.01456644395986	368.85207698161685	-151.01456644395742	-3801.437102939171	-189.78089640518036	368.8520769816178	-189.78089640518482	-81.33962722463525	
6.044806688204156	1037.0227816410702	-114.55125444782419	247.16273150080437	-114.55125444782523	1377.3531139750073	-162.1020012327545	247.16273150080394	-162.10200123275618	411.6399047478538	
6.096917090688676	-2111.128650060154	396.4123868139137	-128.63288451948762	396.4123868139134	-1690.1502432089358	148.11138683902308	-128.63288451948753	148.11138683902445	463.93835741333066	
6.149027493173194	607.8068777873767	-80.37133752679222	-356.3097561404033	-80.37133752679267	243.48369977661153	16.6631453975375	-356.3097561404056	16.66314539753618	791.3519921611752	
6.201137895657713	1327.2220680738192	-315.0955679874597	-253.96177339170995	-315.0955679874601	-1375.9089536118474	69.61994893647426	-253.96177339171015	69.6199489364748	672.9587720431892	
6.253248298142231	-556.3390774340187	195.54794960736672	-53.249462512191826	195.54794960736479	970.100020332412	164.54144178839803	-53.2494625121935	164.54144178839783	499.34455134745207	
6.3053587006267495	365.61241736918055	685.6519776291028	-149.28686698788155	685.6519776291	-248.5084777027242	26.938816478869636	-149.28686698788218	26.938816478868898	441.6464581912832	
6.357469103111268	1306.6672363582638	597.2931650774284	-377.37310079534495	597.2931650774274	-139.20443433266885	105.38616976078752	-377.3731007953441	105.38616976078538	121.85624094909522	
6.4095795055957865	-137.69407852577223	173.06293165066015	-146.27983635735265	173.06293165066495	797.4210463601794	-41.04064953102856	-146.27983635735217	-41.040649531024116	126.27246224322391	
6.461689908080306	-244.97296100404418	604.8655514026717	167.05621597093958	604.8655514026764	-919.53902668001	-119.61695638244476	167.05621597093665	-119.61695638244548	35.517542613086256	
6.513800310564824	-514.7134471246574	-300.3810382609309	170.25481911935262	-300.3810382609279	-899.1855933579277	-190.7024543479254	170.25481911935168	-190.7024543479286	189.73217549492102	
6.565910713049343	1134.688470614338	-346.5978522433034	-228.87449372895176	-346.5978522433039	793.8085963799218	-398.32953623975834	-228.87449372894935	-398.3295362397585	141.885473273236	
6.618021115533861	-104.20085775694281	-110.01234156541646	-432.0375131952028	-110.01234156542043	-1477.555311490976	-473.6348296660804	-432.037513195204	-473.634829666084	361.1996423890661	
6.67013151801838	1053.6648345112603	-52.29194596880691	-173.64394278298167	-52.291945968807276	-875.7709307096839	-363.2910449227839	-173.6439427829814	-363.2910449227842	63.46992634771887	
6.722241920502898	118.52138054025593	-431.40797040415083	-167.45720728212993	-431.40797040415356	555.8759122947862	-249.19214709500307	-167.45720728212916	-249.19214709500545	30.950410108350646	
6.774352322987417	70.47234324866793	305.16989727878735	-229.67496067988455	305.1698972787857	278.1222425590524	-16.7796419229723	-229.67496067988534	-16.779641922970914	121.53084085535366	
6.826462725471935	70.59904175715555	-464.44312587538093	-210.47491790338208	-464.4431258753811	805.8406511525982	-113.62209837040466	-210.47491790338424	-113.62209837040541	256.0038101012922	
6.878573127956454	1883.4887629242462	338.7672164910585	-185.1832212722093	338.7672164910627	-992.3482941539943	-5.146451608752524	-185.18322127220898	-5.146451608752448	-32.08996374839151	
6.930683530440973	-889.5980326102558	715.9683730327916	130.69748694060888	715.9683730327905	-236.34446537820628	-27.29855720090194	130.69748694061195	-27.29855720090293	-168.01415176191665	
6.9827939329254916	1739.0100145441672	-523.0039003420674	200.38917410719137	-523.0039003420636	404.55091149265934	-225.18458030709485	200.38917410719333	-225.18458030709877	122.3466768330185	
7.03490433541001	156.2579099090003	-63.28259258768576	-17.83179953296819	-63.28259258768351	-1433.6397819415931	-323.0764237779222	-17.831799532967725	-323.07642377792155	158.1729644332155	
7.0870147378945285	916.9262320020786	-231.26377271342315	-128.03572466351912	-231.2637727134268	151.8355059070345	-181.25680387136143	-128.0357246635177	-181.25680387136097	265.6373151623494	
7.139125140379047	-182.0386784516613	-273.33539284036067	-92.52880037477868	-273.3353928403609	-1449.3272412237486	-249.35757389603694	-92.52880037477759	-249.35757389603646	281.6525904721754	
7.1912355428635655	982.7680236344222	-372.1254303983277	88.33095071411329	-372.1254303983282	774.7452526455978	-45.91062622543354	88.3309507141159	-45.91062622543449	229.83498820478925	
7.243345945348084	-460.38209817686567	-26.32555355046988	234.88813461051527	-26.32555355047495	612.4707094316714	-183.66524332432726	234.88813461051376	-183.66524332432883	257.95374658027225	
7.295456347832603	-688.0839082496269	-849.9226833181243	143.95625193256296	-849.9226833181218	-1502.5069054299734	-212.75688276867987	143.95625193256072	-212.75688276867825	31.321608733697563	
7.347566750317122	-996.325459639021	336.58682990465644	155.66587446628347	336.586829904659	-702.8520485215996	-88.05378223783286	155.66587446628338	-88.053782237831	8.825112923479981	
7.39967715280164	-505.6782668582732	-329.820954572331	272.40185175762855	-329.8209545723328	476.32749915181057	-58.29117212927303	272.4018517576307	-58.29117212927101	-5.309907359363306	
7.451787555286159	333.57006396793133	961.6653335258076	322.7130871411924	961.6653335258062	-1261.8189386987951	-96.78940868703121	322.71308714119453	-96.78940868703155	145.10272428460047	
7.503897957770677	-182.0766573384372	-511.60925863125897	397.16811493135657	-511.60925863125823	728.1019630628982	1.1883532165385624	397.1681149313554	1.1883532165379762	274.5027812942012	
7.556008360255196	986.3290100419987	-611.4635972870764	224.72856678972963	-611.4635972870791	-847.0817313235312	52.51755278440902	224.72856678972946	52.51755278441182	204.10211693981805	
7.608118762739714	-1143.2047590011066	-164.73014158140444	-66.92475469809942	-164.73014158140379	-297.44522659615063	-159.54585235390752	-66.92475469809666	-159.5458523539095	-76.98130020246683	
7.660229165224233	318.9371432347726	280.43503793464004	51.27844125510624	280.4350379346397	368.5224609165262	-100.44013347308623	51.2784412551063	-100.44013347308358	24.226944277106266	
7.712339567708751	-1730.6266575912575	-535.4268658928589	134.01051252470825	-535.4268658928609	-940.6577086853052	70.3189244240267	134.01051252470697	70.31892442402642	-132.785367407079	
7.7644499701932705	103.12942736167176	318.6270264135584	2.7378589642313056	318.6270264135593	956.2315239783734	212.9805930208886	2.7378589642331326	212.9805930208905	-255.5110582783889	
7.816560372677789	-1719.3266062130854	-634.4870900477458	-167.57357768953153	-634.4870900477503	-949.765686289453	227.73122696730908	-167.57357768953023	227.73122696730948	82.82198960825684	
7.8686707751623075	1257.230148780236	907.2610938332487	-221.73639300205994	907.261093833249	11.824968901172783	169.15189077920203	-221.73639300205943	169.1518907792072	183.42647430550227	
7.920781177646826	84.54237910213865	-31.788328172073175	-86.28583773307986	-31.788328172077865	346.3075407871703	225.60531915456406	-86.28583773308391	225.60531915456386	252.1065862034777	
7.9728915801313445	-281.3172429833628	227.2273342253917	-398.32336144395543	227.22733422538903	-401.6354672441915	107.61884056028238	-398.32336144395083	107.61884056028124	175.25896277443292	
8.025001982615864	2181.3929937904786	-70.68761035345604	-350.2754718044303	-70.6876103534578	877.8486994848586	121.49364360289472	-350.27547180443224	121.49364360289445	203.52717612672816	
8.077112385100381	-279.72285876035954	325.01115143498976	-548.4173958609792	325.0111514349905	182.8396899516459	13.799803962031334	-548.4173958609781	13.799803962032025	159.67405310839382	
8.1292227875849	623.5428423239263	291.19191565341305	-557.362513266413	291.1919156534164	1053.1974593547213	27.79398136920369	-557.3625132664133	27.79398136920244	124.24599815970785	
8.181333190069418	-1177.9708435083646	905.4876757757345	-457.8293376440755	905.4876757757376	265.1994511190813	201.3740342769045	-457.82933764407596	201.37403427690808	314.088685905951	
8.233443592553938	-633.6251682581891	-374.65205126062295	-317.32133479944724	-374.6520512606204	-1343.2748922885125	175.67282865659553	-317.321334799446	175.6728286565948	367.29031450914	
8.285553995038455	1007.890055223263	1296.4147073014399	-213.5564118481998	1296.4147073014378	1112.1079655616768	17.770788077271124	-213.55641184819865	17.770788077270545	418.7217024702632	
8.337664397522975	-242.3005683020951	-831.2916473212143	63.867280284972175	-831.2916473212141	-779.3679217683186	-227.56855410076426	63.86728028497379	-227.5685541007656	253.15110346740158	
8.389774800007494	612.0429502460536	1067.5776717334727	-116.8589292546006	1067.5776717334718	2035.737354723668	-198.55499688290897	-116.85892925460264	-198.55499688290456	46.64495207317558	
8.441885202492012	-1696.3372297152969	-569.326824420183	-59.558314197782295	-569.32682442018	-594.8309687189746	-246.60213773037938	-59.558314197784085	-246.60213773037762	-54.12016347857599	
