# Stress in units of bar (10^5 Pa)
# z	Sxx	Sxy	Sxz	Syx	Syy	Syz	Szx	Szy	Szz
0.0	-61.4564112343501	405.3688661310759	-10.507055447492732	405.3688661310771	233.77782651187658	-11.654900180549527	-10.507055447493006	-11.654900180548902	108.73614924796773	
0.05211040248451859	-67.41902791035754	404.94086713123573	16.029623509975494	404.9408671312369	233.3157254428599	-6.00486689889523	16.02962350997514	-6.0048668988945675	97.24437865494889	
0.10422080496903718	-72.27459908127949	396.8419334417902	36.150867685485565	396.84193344179147	229.13157545810446	3.2034310684873333	36.15086768548511	3.203431068488025	86.25402279797373	
0.15633120745355578	-76.93500731542456	380.5679168371885	49.38679440548581	380.56791683718944	220.05188566554364	15.07958504093961	49.38679440548527	15.079585040940312	75.3767567983911	
0.20844160993807437	-82.007963400752	355.9798435242953	55.98408556857844	355.9798435242962	204.67437923719928	28.588351088053372	55.98408556857783	28.588351088054065	64.03945405566338	
0.26055201242259296	-87.6503535523455	323.23213891717035	56.80587464937906	323.232138917171	181.99299430361563	42.65539201805009	56.80587464937837	42.65539201805075	51.73368750547175	
0.31266241490711155	-93.46178269393681	282.7203842347527	53.18242084853149	282.72038423475317	151.4633571983099	56.2917082596234	53.182420848530725	56.29170825962399	38.3139540045846	
0.36477281739163014	-98.46739620960324	235.21200931306467	46.69747969822561	235.21200931306487	113.36070391680138	68.68025609527486	46.69747969822481	68.68025609527538	24.1798541987776	
0.41688321987614874	-101.5899783434525	181.88425780217608	38.99693203557547	181.8842578021761	68.90689166492332	79.19829126289838	38.99693203557467	79.1982912628988	10.352830808756014	
0.46899362236066733	-102.02311567492575	124.32494766154817	31.598203303546562	124.32494766154792	19.982679324767226	87.44375446535557	31.598203303545734	87.4437544653559	-1.637993759091136	
0.5211040248451859	-99.33447820108557	64.73939760423771	25.727683942271984	64.73939760423734	-30.889692996212787	93.25393494721561	25.727683942271156	93.25393494721584	-10.018150980949805	
0.5732144273297045	-94.2332696708117	5.6903564197745595	22.201442655772638	5.690356419774133	-81.09084616777902	96.6876404015614	22.201442655771828	96.68764040156157	-13.102421547780615	
0.6253248298142231	-88.45963718536098	-49.88964696001773	21.38257307437758	-49.88964696001824	-128.51158988127804	98.0076443636368	21.382573074376776	98.0076443636369	-9.673798874249186	
0.6774352322987417	-84.54693241166044	-99.02480004126802	23.185631701781855	-99.02480004126858	-171.66349397440507	97.6966139637718	23.185631701781087	97.69661396377185	0.7181937997338181	
0.7295456347832603	-85.93152288782296	-139.1716871663213	27.115579679427103	-139.17168716632182	-210.38276474457322	96.40685716472359	27.115579679426347	96.40685716472362	17.622762333495466	
0.7816560372677789	-95.81329883813997	-168.28197421325814	32.44166984234443	-168.28197421325845	-245.08503410475836	94.90214218147467	32.44166984234368	94.90214218147469	39.75204376503393	
0.8337664397522975	-117.02994156359262	-185.2977601999653	38.3477824434267	-185.29776019996544	-277.25054023550405	94.02545971495742	38.347782443425956	94.02545971495746	65.1932589929896	
0.8858768422368161	-150.981120966978	-190.15372521779815	44.098030468567664	-190.15372521779818	-308.48146186934196	94.53427362137714	44.09803046856693	94.5342736213772	91.72111280785879	
0.9379872447213347	-197.38950043698435	-183.64150142116011	49.131078432963506	-183.64150142115994	-340.1163991910962	96.99281567388556	49.13107843296278	96.99281567388563	117.15767765386187	
0.9900976472058532	-254.45926047112403	-167.3971030894965	53.09397258685189	-167.39710308949617	-373.0586440859462	101.68074392330617	53.09397258685118	101.68074392330628	139.63900453493355	
1.0422080496903718	-318.63066592459757	-143.316372635955	55.88695330979387	-143.3163726359545	-407.2421922221133	108.47695585367457	55.886953309793206	108.47695585367471	157.76715148738344	
1.0943184521748903	-385.7246105772546	-113.69447733838624	57.62335067430759	-113.69447733838562	-441.96251497725797	116.78084122245075	57.62335067430697	116.78084122245089	170.67076427778738	
1.146428854659409	-450.8654813373084	-80.47448788927545	58.51284911641309	-80.47448788927474	-475.64475038712254	125.54844801634731	58.51284911641253	125.54844801634745	177.97898952956936	
1.1985392571439277	-509.58674363048704	-45.29700778799627	58.85371436043187	-45.29700778799548	-506.38117922692163	133.41668335479258	58.853714360431375	133.41668335479272	179.71597670476538	
1.2506496596284462	-558.3338611402671	-9.36883574606314	59.03334055550033	-9.36883574606233	-532.0395832190849	138.86949320244526	59.03334055549993	138.8694932024454	176.2443080788496	
1.3027600621129647	-594.0201747844053	26.63544170200629	59.50534482083578	26.635441702007185	-550.4125538748885	140.49918673969867	59.50534482083549	140.4991867396988	168.21891395843411	
1.3548704645974834	-614.693160901039	62.501339936711844	60.78456935265738	62.50133993671279	-559.5090247468088	137.31246237826394	60.78456935265722	137.31246237826412	156.55178905942543	
1.406980867082002	-619.0105262351582	98.17023502325165	63.451387176898514	98.17023502325266	-557.6849254545382	128.96820092290318	63.45138717689849	128.9682009229033	142.3648584854585	
1.4590912695665206	-606.100312870595	133.75150601455616	68.06702680894027	133.75150601455724	-543.5912846716581	115.95991115753768	68.06702680894038	115.95991115753782	126.89491382542339	
1.511201672051039	-575.5594793709832	169.09142572037914	75.07371064850693	169.09142572038024	-516.5425076891015	99.64246154697994	75.07371064850722	99.64246154698009	111.30784707982563	
1.5633120745355578	-527.7112593277313	203.69828751159898	84.68835569695092	203.6982875116001	-476.31300470848123	82.12852526931205	84.68835569695132	82.12852526931222	96.5157989747257	
1.6154224770200765	-463.71401428908206	236.6279890324365	96.76637626186559	236.6279890324377	-423.3028503344399	66.03262528816835	96.76637626186613	66.0326252881685	82.94377654100954	
1.667532879504595	-385.7726672880852	266.62814514368745	110.7504219477441	266.6281451436887	-358.45350490324836	54.14520637174136	110.75042194774477	54.14520637174154	70.45825583036816	
1.7196432819891134	-297.32190843612113	292.0918548981149	125.7074223590431	292.09185489811614	-283.1868938333703	48.996177250141116	125.70742235904385	48.99617725014132	58.47113592619849	
1.7717536844736321	-202.6287027036686	311.5376040648093	140.39201228738017	311.53760406481047	-199.16662563439496	52.48814597531886	140.39201228738102	52.48814597531907	46.10359090697549	
1.8238640869581508	-106.47775624254822	323.6257988139945	153.4507540372481	323.62579881399563	-108.0887405791126	65.58730697385909	153.45075403724897	65.58730697385931	32.61936631500075	
1.8759744894426693	-13.596934229347852	327.7350558630185	163.65784220801999	327.73505586301957	-11.727626179769373	88.16402870080891	163.65784220802087	88.16402870080913	17.73958214352932	
1.9280848919271878	71.88172070511294	323.89897005765187	170.10477164682626	323.89897005765283	87.95196443149263	118.9752215989183	170.10477164682715	118.97522159891854	1.8699836569306534	
1.9801952944117065	147.01424601443597	313.053810610963	172.39758642605136	313.05381061096386	188.91866744009064	155.8222647547379	172.39758642605221	155.82226475473811	-13.867644139749434	
2.032305696896225	209.97000264466539	296.91605118806604	170.75431206798166	296.9160511880667	288.4644228809436	195.81769269880138	170.75431206798248	195.81769269880164	-27.850019181397542	
2.0844160993807437	260.26773964443834	277.73555541309867	165.98138022659174	277.73555541309923	383.49508056988896	235.74741865167155	165.9813802265925	235.7474186516718	-38.32742714662886	
2.136526501865262	298.30226960845096	258.03606439188206	159.37360134725685	258.03606439188235	470.1191263719334	272.4051644040876	159.37360134725756	272.40516440408794	-43.83451457055328	
2.1886369043497806	325.2827389210436	240.19428853608258	152.48491659142172	240.1942885360828	544.3279046991254	302.9491263464854	152.4849165914224	302.9491263464857	-43.600053047946275	
2.2407473068342996	342.8509038981402	226.04985319379327	146.87002513548242	226.04985319379327	602.1565080766186	325.1328849695028	146.870025135483	325.13288496950315	-37.73038594140023	
2.292857709318818	352.70442098483	216.60038627521456	143.78838633233306	216.60038627521448	640.3920045286184	337.45917503722615	143.78838633233354	337.4591750372264	-27.21295011646285	
2.3449681118033365	356.671348302586	211.73039753211884	144.01477251322254	211.73039753211864	657.1532847407761	339.19476292154354	144.0147725132229	339.1947629215439	-13.737820641376139	
2.3970785142878555	356.391061384366	210.30354805759518	147.7088377466732	210.30354805759492	652.1276530428944	330.38100529391227	147.70883774667357	330.3810052939125	0.6219551652212658	
2.449188916772374	353.3789583136602	210.3046518146383	154.38824927313073	210.30465181463805	626.8562683404934	311.7185063071447	154.388249273131	311.71850630714493	13.74112250239417	
2.5012993192568924	348.7029826069152	209.05638185988332	163.07433989561824	209.0563818598831	584.3157540655974	284.47559012990837	163.07433989561846	284.4755901299085	23.719045486463752	
2.553409721741411	343.34159169408645	203.79481717200215	172.45950895169415	203.79481717200193	528.557505260778	250.41912611889958	172.45950895169432	250.41912611889973	29.033333065459093	
2.6055201242259294	337.77942017332117	192.13797611479043	181.1568215994365	192.13797611479026	464.0173773039775	211.68681336923072	181.15682159943665	211.68681336923086	28.592160237853587	
2.6576305267104483	332.1399472174991	172.37201696625743	187.89138372380307	172.3720169662572	394.76777744517676	170.67569668465185	187.89138372380322	170.67569668465194	21.712593213629354	
2.709740929194967	326.4492688539001	143.8276309411064	191.6726337720147	143.82763094110626	324.17759292939024	129.90583496581147	191.6726337720148	129.9058349658115	8.114884813841144	
2.7618513316794853	320.40758593040243	106.86436936918233	191.8399091470121	106.86436936918224	254.7886553618789	91.82098435835731	191.83990914701212	91.82098435835732	-12.103831862608578	
2.813961734164004	313.52320302404837	62.82316985392454	188.0857996487278	62.82316985392449	188.18659082488	58.56578034550853	188.08579964872783	58.5657803455085	-38.37322431717976	
2.8660721366485227	305.22683233877996	13.89427667851954	180.43266218750435	13.894276678519489	125.5148975241434	31.783795910690255	180.43266218750438	31.783795910690166	-69.59397869311383	
2.918182539133041	294.6009264622021	-37.35627467025226	169.16138717470506	-37.356274670252255	67.30620585419655	12.455985199696144	169.16138717470508	12.45598519969607	-104.07150156662634	
2.9702929416175596	280.6868111064562	-88.00453304491556	154.77120286873446	-88.00453304491553	14.351341826671444	0.7408819033581615	154.7712028687344	0.7408819033580905	-139.52938901410587	
3.022403344102078	262.1505510332839	-135.27818476176338	137.94254766729097	-135.27818476176333	-32.8396462659056	-3.9906337178041653	137.94254766729094	-3.9906337178042577	-173.23601966028863	
3.074513746586597	237.71851233725457	-176.64087867732778	119.53833877237864	-176.64087867732772	-73.70895817524453	-3.1188755312165983	119.53833877237861	-3.118875531216694	-202.31049364233968	
3.1266241490711155	206.2758214231255	-209.973445114167	100.60037986064245	-209.9734451141669	-107.88144618828431	1.3840199756527323	100.6003798606424	1.3840199756526441	-224.1282345233523	
3.178734551555634	166.88813133411847	-233.640498853057	82.19351184019987	-233.64049885305695	-135.23655669552542	7.201898820986575	82.19351184019985	7.201898820986468	-236.78437125165385	
3.230844954040153	119.29900995511052	-246.56217485510933	65.35583339446517	-246.56217485510933	-156.01830081893254	11.961537676746765	65.35583339446511	11.961537676746682	-239.53339028807392	
3.2829553565246714	63.64181916388413	-248.34242736452302	51.06758834018714	-248.34242736452302	-170.78252478477404	13.473623546075714	51.06758834018709	13.473623546075618	-233.01927739307567	
3.33506575900919	1.110853717434395	-239.25772331840776	40.09045235688746	-239.25772331840778	-179.97895472238292	10.009354403979856	40.090452356887425	10.009354403979772	-219.23837773559225	
3.3871761614937084	-66.40721984727021	-220.00503547709508	32.920712428171846	-220.00503547709513	-184.37299676354058	0.5425295622582809	32.92071242817182	0.542529562258224	-201.27812441224643	
3.439286563978227	-136.4270663236961	-192.02937844816955	29.835933222327306	-192.02937844816958	-184.51235671659356	-15.050955751101519	29.835933222327302	-15.050955751101565	-182.738402938501	
3.4913969664627458	-205.69231911118553	-157.34004857055584	30.923408602908214	-157.34004857055584	-180.86736537352465	-35.93255870648776	30.9234086029082	-35.93255870648777	-167.02599732999946	
3.5435073689472643	-270.37562024758466	-118.25448178864426	36.11464132579457	-118.25448178864426	-173.77099334432336	-60.31246204481312	36.11464132579458	-60.312462044813145	-156.71876125250736	
3.5956177714317827	-326.70850618840433	-77.60744017010036	45.22766337929722	-77.60744017010039	-163.56580864249037	-85.63055834113243	45.22766337929721	-85.63055834113241	-153.09758698968255	
3.6477281739163017	-370.7192263620745	-38.20214430881787	57.890608219448524	-38.20214430881786	-150.44007950377264	-108.79491654930004	57.89060821944852	-108.79491654930004	-155.88591855933603	
3.69983857640082	-399.04510088741137	-2.7426509369839316	73.468332010978	-2.7426509369839884	-134.56619991730787	-126.6103957589718	73.468332010978	-126.61039575897179	-163.39502003500985	
3.7519489788853386	-409.1453508598107	26.348053488782035	90.95876709395053	26.348053488781986	-115.94280569301252	-136.23896664180813	90.95876709395053	-136.2389666418081	-172.83018703358113	
3.804059381369857	-399.838238856214	47.46464080137005	108.92723188700329	47.46464080137001	-94.27890847781896	-135.6277110439304	108.92723188700327	-135.6277110439304	-180.8665108341686	
3.8561697838543756	-371.5788935531066	59.94775787995827	125.51371466455706	59.947757879958246	-69.01359781783685	-123.78801137728159	125.51371466455703	-123.78801137728158	-184.23780066352	
3.9082801863388945	-326.55624059550996	64.15194550681085	138.59587221692516	64.15194550681085	-39.58852354358409	-101.01834480060448	138.5958722169251	-101.01834480060447	-180.23257174815495	
3.960390588823413	-268.8813613676176	61.33356625779781	146.00407649420248	61.333566257797784	-5.725372396599234	-68.8932201997715	146.0040764942024	-68.89322019977149	-167.18417245053897	
4.012500991307932	-203.69845519613713	53.51899892066476	145.89825142233008	53.518998920664714	32.538102563500644	-30.097226602286376	145.89825142232996	-30.097226602286355	-144.6624069465315	
4.06461139379245	-137.103205125082	42.848343310391584	137.10277323698824	42.848343310391506	74.42553779671195	11.906394746648918	137.10277323698813	11.906394746648935	-113.5191863331098	
4.116721796276969	-75.17592732619835	31.366416995462885	119.34882321888043	31.366416995462856	118.22657396002703	53.246807126380176	119.34882321888031	53.246807126380205	-75.70600310209704	
4.168832198761487	-23.027033548939585	20.481696367184767	93.40786015230466	20.481696367184693	161.95498098723692	90.10143146551844	93.40786015230455	90.10143146551849	-33.913308735319035	
4.220942601246006	15.933129868348573	10.787787616436901	61.02570252928683	10.787787616436802	203.1165868267183	119.13278558392295	61.0257025292867	119.13278558392301	8.884890452014476	
4.273053003730524	40.15262708343918	1.9775171227961863	24.631167541736314	1.9775171227960868	239.57218572861365	137.84535559709386	24.63116754173621	137.8453555970939	49.94912290048584	
4.325163406215043	50.383811026017824	-6.785608502010383	-13.013609364888733	-6.785608502010465	270.0862525105381	144.870743492656	-13.013609364888836	144.87074349265606	87.25615620632328	
4.377273808699561	49.66320582010433	-16.57961722237632	-49.247757506791054	-16.579617222376385	294.58431061734177	140.13499585247257	-49.247757506791146	140.13499585247266	119.81580302726228	
4.429384211184081	42.579124845127836	-28.232958313786188	-81.89777422106684	-28.232958313786234	314.2942846014438	124.85636237337852	-81.89777422106694	124.85636237337863	147.7546949761712	
4.481494613668599	34.333659629275246	-41.960769433858474	-109.61729371642309	-41.96076943385852	331.7849189050152	101.41483069742469	-109.61729371642318	101.41483069742482	172.14418166589996	
4.533605016153118	30.416267526710996	-57.03705344359895	-131.97264406152323	-57.03705344359902	350.33513314825547	72.98718112852123	-131.9726440615233	72.98718112852134	194.63021185445103	
4.585715418637636	35.266159686475305	-71.82271772831484	-149.33172270361567	-71.82271772831491	373.6485919116608	43.112948579491444	-149.33172270361578	43.11294857949157	216.93901782845762	
4.637825821122155	51.847277458506895	-83.84522999994063	-162.68560354580313	-83.84522999994066	404.7505102422764	15.194694155401741	-162.68560354580322	15.19469415540187	240.40156600899053	
4.689936223606673	81.02271732684031	-90.40778352998524	-173.31713428259172	-90.40778352998522	445.8083498703515	-7.9568215574471	-173.31713428259178	-7.956821557447	265.6194132646304	
4.7420466260911915	121.6102446558782	-89.09791351894566	-182.47191069616989	-89.09791351894565	497.232058666615	-24.47529494132855	-182.47191069617	-24.47529494132845	292.3863676222204	
4.794157028575711	170.4085815957203	-78.36911652143958	-191.0321767892376	-78.36911652143955	557.6032131747747	-33.521380645127074	-191.03217678923764	-33.52138064512699	319.7951586338922	
4.846267431060229	222.9100844007632	-58.05918154324134	-199.3877924830284	-58.05918154324132	623.650370537232	-35.22063583202426	-199.38779248302848	-35.22063583202421	346.5534686855652	
4.898377833544748	273.96496512523845	-29.7275373533896	-207.37573396673275	-29.727537353389458	690.6359475347261	-30.40584141028069	-207.37573396673284	-30.405841410280676	371.3824871403275	
4.950488236029266	318.7086260539659	3.4809379119450625	-214.40839938489816	3.4809379119451904	752.6632519776384	-20.22965616606537	-214.4083993848982	-20.229656166065393	393.2901248343141	
5.002598638513785	353.45471615469546	37.3094077215774	-219.7708893907636	37.30940772157743	803.8575082611205	-5.7593915639779	-219.77088939076367	-5.759391563977971	411.7432921976459	
5.054709040998303	376.0542808102256	67.06758622644251	-222.91882998107877	67.06758622644263	838.5251281080675	12.268489564927457	-222.91882998107891	12.26848956492735	426.5879397053842	
5.106819443482822	386.53019262257226	88.58290974844516	-223.71749012430615	88.58290974844533	852.3689364744486	33.56487460436732	-223.7174901243063	33.564874604367134	437.90052349662335	
5.15892984596734	386.67405603438266	99.08005337334379	-222.5899077303595	99.0800533733441	842.6606325327064	58.21373577115741	-222.5899077303597	58.21373577115716	445.69590938013346	
5.211040248451859	379.56115084513453	97.79182520380414	-220.4934429034087	97.79182520380456	808.7665081772874	86.42732556341485	-220.49344290340895	86.42732556341456	449.76059509797255	
5.263150650936378	368.9787209124791	86.11400012887817	-218.70958123041365	86.11400012887883	751.8534673738654	118.22331371781928	-218.7095812304139	118.22331371781893	449.59388348508895	
5.315261053420897	358.4147195783264	67.34183833709736	-218.44204042732127	67.34183833709821	674.79328163864	153.17310317563243	-218.44204042732156	153.173103175632	444.5125201039774	
5.367371455905415	350.41468613845893	46.09934889174272	-220.4254482920166	46.099348891743716	581.7136061596996	190.19579130710062	-220.425448292017	190.19579130710017	433.9334925498922	
5.419481858389934	346.1723058515445	27.28157679128646	-224.6589347042454	27.281576791287634	477.2654456317964	227.5798890431154	-224.65893470424575	227.57988904311492	417.67582022991985	
5.471592260874452	345.38597868067507	15.106605415221026	-230.26161054444884	15.106605415222347	366.2679911488399	263.12580534021197	-230.26161054444916	263.12580534021146	396.26841537319376	
5.5237026633589705	346.68540867708043	12.39870912651081	-235.594701742534	12.398709126512248	253.35267621643288	294.4284326625491	-235.59470174253428	294.42843266254863	371.07933190283507	
5.575813065843489	347.9348212655639	20.12657665518543	-238.6286791461136	20.126576655186852	142.39654368958	319.2024673946407	-238.62867914611385	319.20246739464017	344.2307704632232	
5.627923468328008	347.05421549950245	37.3952144682931	-237.4275342726469	37.395214468294505	36.68580965011779	335.6226752188244	-237.42753427264702	335.62267521882376	318.28219722208576	
5.680033870812527	342.2397910772419	61.75908412309216	-230.6826520492382	61.75908412309348	-61.183210499531384	342.5615369750181	-230.68265204923824	342.56153697501753	295.8499101165706	
5.732144273297045	332.7205112810594	89.9920120344144	-218.06507325834696	89.9920120344156	-149.13285665259957	339.69390807872725	-218.06507325834696	339.6939080787267	279.13600741120575	
5.784254675781564	318.47203332261404	118.53760033104848	-200.34974617981126	118.53760033104953	-225.48930426001274	327.4499696354691	-200.34974617981115	327.4499696354685	269.51372605349934	
5.836365078266082	300.59177234210836	144.42918363509995	-179.29306827294337	144.4291836351008	-288.89250616521866	306.9380213065442	-179.2930682729432	306.93802130654353	267.30619487652456	
5.888475480750601	280.58835417006486	165.60051971128578	-157.23152996301454	165.6005197112865	-338.2266761862933	279.72330047087905	-157.2315299630144	279.72330047087826	271.7441762523943	
5.940585883235119	260.55460847503895	180.89741144646894	-136.60938201763383	180.89741144646945	-372.89540380338644	247.56043342123795	-136.6093820176337	247.56043342123724	281.13387085354407	
5.992696285719638	242.39154703355655	190.22219001799502	-119.48002129121888	190.2221900179954	-392.9885473441424	212.16498578139897	-119.48002129121878	212.16498578139817	293.11404721810436	
6.044806688204156	227.73172435254483	194.099703809389	-107.14792370041249	194.09970380938927	-399.3489513213594	175.0457395502727	-107.1479237004124	175.04573955027192	305.0674018109846	
6.096917090688676	217.792519697719	193.36028712968985	-100.03340152587546	193.36028712969	-393.77509147264016	137.36831487310548	-100.03340152587545	137.36831487310477	314.52668644709917	
6.149027493173194	212.9612845926918	188.68448921001053	-97.76786741226383	188.68448921001067	-378.89224087211653	99.94140342489546	-97.76786741226388	99.94140342489476	319.51322106854957	
6.201137895657713	213.25913557554696	180.65969588773757	-99.38182355418496	180.65969588773763	-357.80650005182804	63.25341436889296	-99.38182355418508	63.253414368892265	318.7905597280881	
6.253248298142231	218.24157388427534	169.4189723484869	-103.62016964913879	169.418972348487	-333.75368527456294	27.62356732548398	-103.620169649139	27.623567325483297	311.94489660937313	
6.3053587006267495	227.22011539097892	155.06137143909828	-109.21457657469523	155.06137143909837	-309.6680331724023	-6.659521906765541	-109.2145765746955	-6.659521906766223	299.3668384981279	
6.357469103111268	239.3820138787217	137.62157388677338	-115.05887506286722	137.6215738867735	-287.5291449386044	-39.22269721324225	-115.05887506286746	-39.22269721324292	282.0946511662296	
6.4095795055957865	254.27919241661644	117.49109550948933	-120.2820252164007	117.49109550948944	-268.6324014950861	-69.51464924539762	-120.28202521640095	-69.51464924539832	261.5804194482475	
6.461689908080306	271.35057453272026	95.20373036464139	-124.23862625462482	95.20373036464154	-253.35126685945096	-96.85701420185332	-124.23862625462506	-96.85701420185404	239.43826124414633	
6.513800310564824	289.96272253430504	71.72625695593958	-126.43163720314419	71.72625695593969	-241.53297712323425	-120.53597241760372	-126.43163720314438	-120.53597241760448	217.2029997922842	
6.565910713049343	309.4389856620939	48.157418110119956	-126.44103989566457	48.15741811012005	-232.65787163763872	-139.95359777342702	-126.44103989566472	-139.95359777342782	196.17876097066522	
6.618021115533861	328.9929543255878	25.550995246988904	-123.84173412025328	25.55099524698898	-226.33286846070823	-154.76966393652242	-123.84173412025334	-154.76966393652322	177.37526946731253	
6.67013151801838	347.04811231201415	4.58802438409554	-118.26707241548509	4.588024384095604	-222.3781619387934	-164.99056339657608	-118.26707241548505	-164.9905633965769	161.44769314546306	
6.722241920502898	361.9584924649389	-14.364782522879906	-109.46561253763986	-14.364782522879864	-220.95244137346808	-170.97982944485324	-109.46561253763973	-170.97982944485403	148.73553452177924	
6.774352322987417	371.5083740359027	-31.488910550100044	-97.33129140006	-31.488910550100044	-222.265632675582	-173.40421208680766	-97.3312914000598	-173.40421208680843	139.31632295183425	
6.826462725471935	373.6354582140589	-47.082675116746785	-81.94369428492831	-47.082675116746785	-226.573613239743	-173.0815009900992	-81.943694284928	-173.08150099009993	133.02706329192782	
6.878573127956454	366.25245399652806	-61.67485720399873	-63.584602668468406	-61.67485720399873	-233.72680924518232	-170.7833782626705	-63.584602668467994	-170.78337826267116	129.48737569355123	
6.930683530440973	347.9523276822895	-75.57756812013568	-42.7519901121471	-75.5775681201357	-243.26261614644653	-167.14976633515252	-42.75199011214661	-167.14976633515312	128.12841411086154	
6.9827939329254916	318.1220926492142	-88.87903542713715	-20.080659177700248	-88.87903542713724	-254.30825812109816	-162.5398903148038	-20.080659177699708	-162.53989031480432	128.2290093950449	
7.03490433541001	277.1629777863093	-101.24374537302688	3.6402449101845127	-101.243745373027	-265.82108279400626	-157.0346363654946	3.6402449101850793	-157.03463636549498	128.9812369757704	
7.0870147378945285	226.6544933385046	-112.11349450151326	27.51985858497153	-112.11349450151342	-276.4296338767516	-150.49754853173374	27.51985858497212	-150.49754853173397	129.56289126230234	
7.139125140379047	169.02443056460103	-120.81010673910829	50.5763624483523	-120.8101067391085	-285.1286747432915	-142.66853212868583	50.57636244835289	-142.66853212868597	129.24253842781224	
7.1912355428635655	107.58701329792112	-126.74268442614735	71.7261201092127	-126.7426844261476	-290.79901310172863	-133.24610001939206	71.72612010921328	-133.24610001939206	127.48376613824084	
7.243345945348084	45.784170758709806	-129.40389547967342	89.8005860239161	-129.40389547967374	-292.7021912736859	-121.9734784897132	89.80058602391665	-121.97347848971309	123.98826956547194	
7.295456347832603	-12.98503736158115	-128.67101139195222	103.60415402580433	-128.6710113919526	-290.3231384465495	-108.71817261900641	103.60415402580489	-108.71817261900614	118.74941395186615	
7.347566750317122	-65.71956546447896	-124.50485890666216	111.98171218319385	-124.50485890666263	-283.318165521208	-93.47596486079004	111.98171218319439	-93.47596486078966	112.038268018978	
7.39967715280164	-110.24621202905388	-117.08837591661053	113.94507249533248	-117.08837591661104	-271.54539553566144	-76.38851989168106	113.945072495333	-76.38851989168056	104.38135240412434	
7.451787555286159	-144.91361223720762	-106.4643375814847	108.77066305251579	-106.46433758148534	-254.96271109873507	-57.743061072395975	108.77066305251628	-57.74306107239541	96.51268899578554	
7.503897957770677	-168.70320914110474	-92.76837642870011	96.10112671555095	-92.76837642870079	-233.60306702540146	-37.95021147706901	96.10112671555143	-37.95021147706835	89.28403478878906	
7.556008360255196	-181.2978878399478	-75.864124421033	76.04573753249431	-75.86412442103375	-207.6919236146546	-17.567409274523165	76.04573753249478	-17.567409274522447	83.59040262177882	
7.608118762739714	-182.64909133852234	-55.64399626352717	49.20267319478285	-55.64399626352795	-177.4987074230939	2.724923311184748	49.20267319478329	2.72492331118552	80.2634929256442	
7.660229165224233	-173.45789023953586	-32.05896166206518	16.657385958427465	-32.058961662066025	-143.55445747048034	22.136609957325106	16.6573859584279	22.136609957325902	79.97159891598267	
7.712339567708751	-154.86546377941394	-5.1654291770958025	-20.063134945682123	-5.165429177096684	-106.4958144445086	39.807345147043044	-20.063134945681696	39.80734514704386	83.09287819026983	
7.7644499701932705	-128.91428063248594	24.790349996990415	-59.045336574688015	24.790349996989562	-67.2272176031043	54.86146329652192	-59.045336574687624	54.86146329652273	89.65247489935372	
7.816560372677789	-98.23708316937534	57.27412656218954	-98.08577468896911	57.27412656218871	-26.913132269738853	66.49613058904785	-98.08577468896874	66.49613058904865	99.26340697425991	
7.8686707751623075	-66.13132991540019	91.58749875105588	-134.82917746063046	91.58749875105512	13.240666112099746	74.06549024049278	-134.82917746063012	74.06549024049355	111.14703833043544	
7.920781177646826	-36.00983246348133	126.90060953921812	-166.93011428846373	126.90060953921754	51.85417654227919	77.17281676845317	-166.93011428846341	77.17281676845388	124.19865432857364	
7.9728915801313445	-10.984003532024616	162.39352327923106	-192.2206538771302	162.39352327923058	87.69041847225839	75.71723632293737	-192.2206538771299	75.71723632293806	137.12550571470237	
8.025001982615864	6.650352686559835	197.29724403134395	-208.91068822485917	197.29724403134372	119.69468245326536	69.94998494497419	-208.91068822485892	69.94998494497482	148.58019829088278	
8.077112385100381	15.685192482738444	231.09646938541653	-215.76937449427538	231.09646938541647	147.18270677773464	60.473456231717265	-215.76937449427516	60.47345623171785	157.33573186594424	
8.1292227875849	16.332268728802802	263.2472526461205	-212.29031164503488	263.2472526461207	169.9723267779184	48.21061865614354	-212.29031164503468	48.210618656144085	162.48707657402377	
8.181333190069418	9.842989334914598	293.48229245870317	-198.79099466825113	293.4822924587036	188.16084942081307	34.34795981186431	-198.79099466825096	34.34795981186481	163.53260816114118	
8.233443592553938	-1.6537079310043143	321.3970826450687	-176.41427086761144	321.3970826450694	202.32451481206706	20.247854447968034	-176.41427086761132	20.247854447968543	160.45706913140202	
8.285553995038455	-15.728442722113215	346.5852148140618	-147.0343016354811	346.5852148140626	213.13656597289145	7.297372724917064	-147.03430163548106	7.297372724917567	153.7200711974904	
8.337664397522975	-30.064769487718777	368.4466770578257	-113.07022749772537	368.4466770578267	221.2931902317822	-3.2126275290127353	-113.07022749772537	-3.2126275290122255	144.15789548783187	
8.389774800007494	-42.94440367297635	386.16723122386736	-77.22823436925205	386.1672312238686	227.43045322404453	-10.246907583034144	-77.22823436925215	-10.246907583033604	132.8186164724994	
8.441885202492012	-53.474032913779304	398.7985314671133	-42.227453822029545	398.79853146711457	231.60341604051266	-13.139969442921483	-42.227453822029695	-13.139969442920904	120.74014025335634	
