# Stress in units of bar (10^5 Pa)
# z	Sxx	Sxy	Sxz	Syx	Syy	Syz	Szx	Szy	Szz
0.0	199.72687634998601	-268.9812657200855	-21.822557255039015	-268.9812657200859	-71.0029251907605	-108.90220596327579	-21.822557255039015	-108.90220596327447	-320.81659081584564	
0.05176942286669748	232.37865800581184	-324.8986722370607	-50.91625990157468	-324.8986722370607	-123.21601855667603	-86.20619877081151	-50.91625990157459	-86.20619877080946	-295.02333770236055	
0.10353884573339496	227.34401545850966	-326.15292932056883	-63.792978446312354	-326.15292932056843	-144.34942678862967	-55.02189731700946	-63.79297844631228	-55.0218973170071	-283.1574313063641	
0.15530826860009245	202.53510483826662	-304.1510932594358	-47.95314415892	-304.15109325943524	-99.92251297178161	-33.4542564719149	-47.953144158920026	-33.4542564719128	-266.40201178590576	
0.20707769146678992	175.35999336190852	-290.0702223767246	-7.201429239008869	-290.07022237672436	-12.163808528874242	-29.47128967877108	-7.2014292390089505	-29.47128967876963	-224.80282823610634	
0.2588471143334874	150.6459587500484	-278.0718736545297	43.00896593833617	-278.0718736545302	76.09692319303917	-33.21798358935597	43.0089659383361	-33.21798358935537	-154.97245861953223	
0.3106165372001849	116.36790589542291	-235.27840632272176	87.90092001183731	-235.27840632272301	144.58011885519707	-24.152214801132196	87.90092001183736	-24.152214801132377	-74.27810556521717	
0.36238596006688234	46.925646626762344	-142.20516755860075	121.99546146800537	-142.20516755860268	188.99107232321302	10.86339488240562	121.99546146800566	10.863394882405043	-6.964208719452117	
0.41415538293357984	-76.3100708901998	-16.67031552749205	147.0121460529136	-16.670315527494466	201.4005362627695	64.72969272018722	147.0121460529142	64.7296927201867	33.562250795187204	
0.46592480580027734	-239.4363056041626	101.75433227646647	163.82842799974594	101.75433227646397	180.26070161269172	115.2703853349137	163.8284279997469	115.27038533491363	51.20899616940822	
0.5176942286669748	-398.3301627190869	187.0077561670829	169.6670676347313	187.0077561670809	146.7571214607125	142.62891321771502	169.66706763473258	142.62891321771554	60.784712597333225	
0.5694636515336723	-514.5196168395029	240.37611607331434	164.16248338446454	240.37611607331323	132.99383020945163	141.35648933217848	164.16248338446582	141.35648933217936	76.91634849845055	
0.6212330744003698	-582.9661903008569	269.6606075815977	153.60015239935996	269.6606075815977	159.76170663995282	118.76058113464939	153.60015239936098	118.76058113465038	106.67410468861743	
0.6730024972670673	-619.8904072847588	269.3227996796425	142.35756847633445	269.3227996796434	225.70608183111426	86.64027734979047	142.35756847633488	86.64027734979132	147.35603155541102	
0.7247719201337647	-632.0970973859817	229.4814250569631	120.90350324485911	229.48142505696453	305.92051587218134	54.52555099815143	120.90350324485887	54.525550998152006	186.57811504408295	
0.7765413430004622	-605.2832015977374	156.94952734332844	70.94886998121385	156.9495273433298	359.6507645069074	25.382330128711725	70.948869981213	25.382330128712013	205.94449999334404	
0.8283107658671597	-521.9357773008703	80.24874132315159	-12.777295832673312	80.24874132315236	350.2916232710054	-5.231578716065741	-12.777295832674586	-5.231578716065689	191.10561056214777	
0.8800801887338572	-387.69795475230535	33.75673669422494	-109.50848001060099	33.756736694224855	261.56672252533656	-43.53624545845551	-109.50848001060258	-43.536245458455596	143.65365439382225	
0.9318496116005547	-235.61914334478897	38.75772761572016	-184.45182300537923	38.7577276157193	99.2354411758827	-89.26561745923271	-184.45182300538102	-89.2656174592328	84.68639173387402	
0.9836190344672521	-101.63544832522572	98.02025538324037	-212.32733052887897	98.02025538323912	-102.47088583122144	-134.34534217672277	-212.3273305288809	-134.3453421767228	45.1908581065953	
1.0353884573339496	-6.6624089998292675	196.34261294652953	-189.73780653868553	196.34261294652825	-274.0902867431131	-169.8094494854621	-189.73780653868738	-169.8094494854622	48.46027213959117	
1.0871578802006472	30.27895959946008	302.8082344845734	-131.37209733665568	302.80823448457244	-343.6877882681488	-192.09045326278653	-131.37209733665733	-192.09045326278692	95.50592296562867	
1.1389273030673446	-13.036112173011386	385.10582251453474	-59.731208236784155	385.1058225145342	-296.5781558416046	-202.18089364667023	-59.73120823678558	-202.18089364667105	163.31847827269968	
1.190696725934042	-126.67210679085858	433.4953476593615	4.368646087639972	433.4953476593613	-195.47800457275383	-200.2729722290245	4.36864608763876	-200.27297222902564	219.32271616688382	
1.2424661488007396	-245.07339906766313	465.977933725298	47.18800261304092	465.97793372529765	-138.6744226553544	-182.96459832817368	47.18800261303996	-182.96459832817487	242.9696449572431	
1.294235571667437	-292.55383641607045	499.52285735082273	59.94068435463364	499.5228573508224	-196.97384619219991	-147.3262199324687	59.94068435463301	-147.32621993246966	236.23506810734247	
1.3460049945341346	-248.40576286765454	524.7443548063326	34.260310890844764	524.744354806332	-365.2595139813691	-96.36729768848521	34.260310890844565	-96.36729768848588	214.58979516940474	
1.397774417400832	-157.24691658676136	521.1262505495725	-32.090717802557734	521.1262505495721	-557.2159245947178	-36.8736615616824	-32.09071780255755	-36.87366156168284	191.524463899875	
1.4495438402675294	-82.34241271772842	486.25006542372705	-122.37993984296914	486.25006542372637	-656.1182991698003	25.2646968338968	-122.37993984296864	25.264696833896355	174.06319684555532	
1.501313263134227	-54.89353713421451	438.9615597448736	-202.22182577398073	438.9615597448726	-590.5962566529181	79.45810715334977	-202.22182577398004	79.4581071533491	168.32907357306317	
1.5530826860009244	-55.96162402841503	406.12528489696837	-240.5793684981466	406.12528489696695	-369.21244327795125	101.9595033120362	-240.57936849814587	101.9595033120353	179.37929817969643	
1.604852108867622	-35.64938578383146	416.65157660547936	-227.1089856182375	416.65157660547766	-56.09864945015238	68.10741180375513	-227.1089856182368	68.1074118037541	198.92651496829274	
1.6566215317343194	41.12026356755496	484.37649712826885	-166.3789117961639	484.37649712826675	264.30026924819595	-17.820049492001125	-166.37891179616338	-17.82004949200209	197.08432972166128	
1.7083909546010168	155.7104853133918	579.3750237368956	-61.49409034951928	579.3750237368934	511.8383757783633	-113.98788014574477	-61.49409034951908	-113.9878801457456	137.98566166013035	
1.7601603774677144	249.3460091045558	637.383761732378	85.77524838952888	637.3837617323757	649.4410760526675	-173.48110589692135	85.77524838952887	-173.4811058969221	12.629869675958801	
1.8119298003344118	282.70454482664917	618.7987820300943	255.45941908272619	618.7987820300922	719.1030936743432	-183.23119630572398	255.45941908272613	-183.23119630572452	-143.8000743165032	
1.8636992232011094	270.4973325796916	544.0845470859198	399.9953269793841	544.0845470859182	800.21467045468	-165.9927159979166	399.99532697938423	-165.99271599791695	-272.05160531433467	
1.9154686460678068	248.31783228737572	459.9490731207374	469.5619572013509	459.94907312073656	907.1614620094628	-150.49957817919912	469.5619572013512	-150.49957817919918	-330.65268923283406	
1.9672380689345041	227.08671080304418	389.7969915593219	452.866116575221	389.79699155932184	957.9593493882393	-148.95216094055468	452.86611657522155	-148.95216094055456	-321.80357102280607	
2.0190074918012018	211.38949683521855	329.6706983485098	385.4524796204733	329.6706983485102	869.3420781858791	-160.0262623325773	385.45247962047387	-160.026262332577	-279.1301294785477	
2.070776914667899	243.24619126351192	270.5136071575697	312.61454075365265	270.5136071575704	661.4350827158996	-178.11794314789577	312.61454075365316	-178.11794314789543	-231.29167058741638	
2.1225463375345965	381.0730237808357	209.0624746416571	252.03160667078222	209.06247464165799	454.78368730806153	-188.97490520309026	252.0316066707827	-188.9749052030898	-173.46834354996986	
2.1743157604012944	629.6173418855099	148.43193170349005	197.53705759591588	148.43193170349082	381.59290493006665	-165.0443423619613	197.53705759591628	-165.04434236196084	-68.38018198822986	
2.2260851832679918	910.2130728658808	95.64630770279544	144.93636313869808	95.64630770279591	492.05748246338607	-87.30423960249864	144.93636313869843	-87.30423960249826	121.91257360671628	
2.277854606134689	1110.354234357932	53.451140908848686	97.79682975667465	53.45114090884883	714.7470440039251	20.831476558411104	97.79682975667495	20.831476558411403	393.2102977095796	
2.3296240290013865	1163.4076422439414	12.330233318065893	54.41060361560673	12.330233318065666	905.4961089090157	101.01057444222671	54.410603615606945	101.0105744422269	682.0052866600512	
2.381393451868084	1086.653050957154	-47.908658498916196	9.425754995294376	-47.90865849891665	953.5102300917055	117.71655253926531	9.425754995294497	117.71655253926546	896.429727817691	
2.4331628747347818	936.5062004697767	-141.01497639889567	-27.2885049650422	-141.0149763988962	832.9256039092523	96.67553258133384	-27.288504965042158	96.67553258133397	970.440800344951	
2.484932297601479	724.0575107282299	-257.2950211773823	-31.07717167895577	-257.29502117738303	565.1266198701414	90.55094940387114	-31.07717167895575	90.55094940387126	891.3239036378434	
2.5367017204681765	419.1352162116619	-365.53373786221476	6.0616021286692146	-365.5337378622154	189.78907819310265	116.38630642419545	6.061602128669234	116.38630642419557	688.1590333273721	
2.588471143334874	68.547021314917	-421.74497151326045	55.356790923846226	-421.744971513261	-202.32548533920334	142.86546766542628	55.35679092384625	142.8654676654264	415.9602785224519	
2.6402405662015713	-154.4444764684862	-374.1675664423708	77.42720315931874	-374.16756644237125	-460.57888021618066	133.4826521907957	77.42720315931882	133.48265219079582	153.29798736258118	
2.692009989068269	-103.48828383304632	-202.2544482851965	64.49983525018803	-202.2544482851969	-466.97299085697864	85.87186314427166	64.49983525018811	85.87186314427177	-10.086147254057067	
2.7437794119349666	146.29711722356635	21.86055109976455	44.567048122642205	21.860551099764102	-251.25019350264108	26.045349934527913	44.567048122642234	26.04534993452802	-6.8870251784810534	
2.795548834801664	330.0265488813406	155.86837743198066	46.92644287051266	155.86837743198026	6.811997009517512	-22.333929731390075	46.92644287051256	-22.333929731389972	176.3071307050781	
2.8473182576683613	251.35707642804084	115.81648234777717	75.46675185373118	115.8164823477768	111.28547711420819	-51.03185717755819	75.46675185373098	-51.03185717755809	488.55990487317786	
2.8990876805350587	-31.175872257278854	-39.65197598151752	112.95230797477768	-39.651975981517836	-3.90395070320875	-54.69358459468177	112.95230797477744	-54.69358459468167	828.5235330334817	
2.9508571034017566	-293.3798384068218	-177.82914865492887	138.8082855439745	-177.82914865492899	-249.36875592882967	-20.44117159351519	138.8082855439743	-20.441171593515033	1086.6022994856285	
3.002626526268454	-370.21190326526215	-215.10245016886054	142.4091537805324	-215.10245016886057	-476.32622539919186	60.109018344265266	142.40915378053234	60.109018344265436	1199.8106872749954	
3.0543959491351513	-263.31352910270004	-153.7900638134077	129.19457777597165	-153.79006381340764	-581.5982327346364	168.77325902176972	129.1945777759717	168.7732590217699	1174.8577122304382	
3.1061653720018487	-76.00566665219371	-36.88301995155325	118.33792518015167	-36.88301995155311	-544.7671877676139	258.5762347236854	118.3379251801518	258.5762347236855	1056.6018015880538	
3.157934794868546	96.90118809531666	95.56291217570876	129.63412009563564	95.5629121757089	-411.0726179990828	283.1679318237609	129.63412009563578	283.16793182376097	881.5913077510235	
3.209704217735244	213.72506521596137	216.74463433809578	167.09292295370048	216.7446343380959	-260.0003345311962	232.26172815957065	167.0929229537006	232.26172815957068	669.7303377748676	
3.2614736406019413	265.3702463137819	313.448994114683	215.45756628749925	313.44899411468305	-166.59293315334722	135.6368086006813	215.45756628749933	135.63680860068126	448.35614608004903	
3.3132430634686387	252.18931796583576	387.1310707563807	256.24138162720374	387.1310707563808	-157.52680461595463	35.058599777129146	256.24138162720374	35.05859977712904	258.7711864696953	
3.365012486335336	190.37149713615207	443.7100626181566	287.9953009947575	443.7100626181566	-198.94834107271643	-39.68853163711996	287.99530099475754	-39.68853163712008	128.29633041667716	
3.4167819092020335	117.63330305613846	474.8766603272427	327.7525576385648	474.87666032724263	-242.07447389729117	-72.1029637862297	327.75255763856484	-72.10296378622982	46.12830675413797	
3.4685513320687313	71.23601123654136	457.501680083661	390.57911442141517	457.501680083661	-282.23968098369716	-56.893488438063784	390.5791144214153	-56.8934884380639	-22.34563665063461	
3.5203207549354287	60.264578410349145	379.6475690173376	469.08965099649663	379.6475690173376	-359.4822792611909	-9.46445743202024	469.08965099649674	-9.464457432020346	-100.24233715495217	
3.572090177802126	67.82825169457884	265.149255628514	534.1184250872714	265.1492556285141	-493.3666325887683	28.928288415717482	534.1184250872716	28.928288415717418	-182.97100080148948	
3.6238596006688235	76.01337379634528	163.87673540848778	552.3815588877185	163.87673540848783	-632.3623470678801	9.516668918634053	552.3815588877187	9.516668918633982	-249.1823011392189	
3.675629023535521	81.17325260503365	110.74961409676241	502.3838459710878	110.74961409676251	-687.0185376323618	-90.52844618334633	502.383845971088	-90.52844618334642	-277.6023992185451	
3.7273984464022187	87.73965968906259	96.18978609393986	383.26443800915933	96.18978609393994	-613.8322660558097	-248.45874301773773	383.2644380091594	-248.45874301773782	-258.95424025341424	
3.779167869268916	94.48819707715836	83.626830530429	221.37704685878916	83.62683053042902	-457.4615758707088	-409.87690019575814	221.37704685878924	-409.87690019575825	-205.54761907368976	
3.8309372921356135	88.50128488232004	56.19066307297399	65.1620639721146	56.19066307297398	-310.55193082088863	-524.7832915996869	65.16206397211461	-524.783291599687	-150.15702335200461	
3.882706715002311	53.2958076376327	38.35098651107546	-40.96264056365985	38.35098651107543	-238.08758592360056	-572.1026139039205	-40.96264056365986	-572.1026139039207	-123.92573599218508	
3.9344761378690083	-13.612911266986004	66.00788606432465	-82.95738736135488	66.00788606432462	-239.09845236012876	-554.2774181858397	-82.95738736135488	-554.2774181858397	-128.99279776826796	
3.986245560735706	-91.40892530781979	139.50203991055938	-76.8659389146564	139.50203991055938	-271.3775469322459	-480.56615740216137	-76.86593891465644	-480.56615740216137	-135.74646646174938	
4.0380149836024035	-145.06309600664594	215.4285938858027	-49.11156356238505	215.4285938858027	-299.2240653067126	-365.89377211250667	-49.11156356238513	-365.8937721125068	-109.41806909355438	
4.089784406469101	-146.630931709142	243.74804498453264	-21.709409212738034	243.74804498453258	-310.68435731839713	-239.99517849118934	-21.70940921273817	-239.99517849118934	-38.16060149992239	
4.141553829335798	-93.2503534256521	201.81871836734558	-7.009152186072214	201.81871836734553	-302.4382550532769	-140.31245175430362	-7.009152186072418	-140.31245175430362	62.307388892038674	
4.193323252202496	-9.476068245472419	100.0941142435708	-6.093283251723545	100.09411424357069	-273.7937331674639	-87.01871018743086	-6.093283251723758	-87.01871018743081	163.3499194489877	
4.245092675069193	65.20033237295965	-22.49935926978918	-13.93982059629333	-22.499359269789323	-241.47050379392638	-68.91501998281929	-13.939820596293519	-68.91501998281923	238.28880490382647	
4.2968620979358905	93.8277046682131	-109.56652179629711	-28.779541742058377	-109.56652179629718	-234.96175552230633	-57.58171892576292	-28.77954174205847	-57.5817189257629	271.43684039697416	
4.348631520802589	64.12544772332804	-115.62313684523639	-52.39740558424314	-115.6231368452364	-255.7948383035739	-33.753333858844044	-52.397405584243145	-33.75333385884407	266.12394717987775	
4.400400943669286	6.66181325444434	-39.30119479889859	-83.32700451884668	-39.30119479889852	-257.25439879856197	0.209398771233392	-83.32700451884659	0.20939877123329964	247.39073094833847	
4.4521703665359835	-20.92834323377906	68.71290077394043	-119.86584158839202	68.71290077394058	-185.3432381693134	28.64630168459756	-119.86584158839187	28.646301684597432	248.30857029150656	
4.503939789402681	17.830331999721487	136.66589050232238	-170.0967313998317	136.66589050232258	-34.36901385107224	38.04894889699614	-170.0967313998316	38.048948896995995	285.7081542966195	
4.555709212269378	113.87306933740291	122.33300832143489	-244.3572928381696	122.33300832143514	147.06658289425235	23.346975765614417	-244.3572928381696	23.346975765614296	347.5159616638102	
4.607478635136076	243.63541663290135	35.94855965048873	-329.52908884943645	35.94855965048896	305.23952735854846	-17.18318242624031	-329.52908884943656	-17.1831824262404	404.55882638302063	
4.659248058002773	399.4956118019374	-82.45291967758075	-382.3147858754552	-82.45291967758047	435.5603377758945	-84.98145488496904	-382.3147858754554	-84.98145488496907	437.6091195310784	
4.7110174808694705	577.6989493255622	-192.8441830445293	-362.5182812989706	-192.84418304452893	579.8118652372583	-171.51577235079907	-362.51828129897075	-171.51577235079907	455.263016949901	
4.762786903736168	758.4742083526564	-262.0829742446768	-272.76687506465896	-262.0829742446765	768.2765556039667	-248.53619635002244	-272.7668750646591	-248.53619635002235	480.00700760046175	
4.814556326602865	909.6699628590916	-269.91663658191374	-159.12212185076663	-269.9166365819135	974.4104968340099	-280.2117195004769	-159.1221218507667	-280.2117195004767	509.8987062271725	
4.8663257494695635	1000.9953689537849	-225.56639030201143	-73.67270446396881	-225.56639030201143	1125.4828387914645	-250.64477515116818	-73.67270446396878	-250.644775151168	498.99788635156574	
4.918095172336261	1014.2938237551408	-165.27666224517404	-39.31981032659601	-165.2766622451742	1152.226097959277	-174.12130640860534	-39.319810326595984	-174.1213064086052	386.530000692049	
4.969864595202958	950.8801657703525	-119.48951422400711	-45.56726731758376	-119.48951422400734	1044.9789706976032	-77.46930722582196	-45.567267317583756	-77.46930722582196	149.20900158492412	
5.021634018069656	828.4687430237008	-80.7041901160299	-67.94798038569952	-80.70419011603002	866.3338106825012	16.674219594462755	-67.94798038569948	16.6742195944626	-172.25891224975408	
5.073403440936353	672.2579012507821	-8.94396149197172	-86.25616126527663	-8.943961491971663	701.9565701091881	84.87767135396567	-86.25616126527635	84.87767135396538	-487.6705777981321	
5.1251728638030505	513.6047382140124	127.75114123676246	-89.0256527999205	127.75114123676263	608.3758589692242	96.5934116390336	-89.02565279991981	96.5934116390333	-694.6644859183549	
5.176942286669748	381.74281648334227	313.4438808811872	-70.10490917335053	313.4438808811875	592.908098825732	32.122293572854346	-70.10490917334948	32.12229357285405	-721.7858160693531	
5.228711709536445	282.16178015067663	482.8251696067805	-25.211363093549522	482.82516960678106	604.5148204997547	-89.82273593012594	-25.211363093548236	-89.82273593012629	-564.1841359053576	
5.280481132403143	190.06070968074388	565.7350040933161	48.167958146356895	565.735004093317	565.747365112446	-213.0114122288292	48.16795814635822	-213.0114122288295	-291.54674393002813	
5.33225055526984	76.02751369107975	540.0821564864962	144.71946649242184	540.0821564864974	458.57830471350496	-281.0902540432918	144.71946649242298	-281.090254043292	-18.176314127419673	
5.384019978136538	-58.27670489663604	444.5541299288054	243.84574129777474	444.5541299288068	349.7063051362399	-277.3377062217454	243.84574129777553	-277.3377062217454	147.701325644511	
5.435789401003236	-169.25602837233942	345.2788099363571	312.5870859479404	345.2788099363579	297.57741414649865	-232.31787292871846	312.58708594794075	-232.31787292871812	152.39598267736835	
5.487558823869933	-211.2783590986814	290.3044028429832	319.84511448703677	290.3044028429829	280.508581426399	-198.07124240570334	319.84511448703665	-198.07124240570295	26.564510910872958	
5.5393282467366305	-191.23206664395934	283.063625023674	250.30149137132983	283.0636250236725	244.94784547409057	-210.78540042144752	250.30149137132935	-210.7854004214472	-126.73113363616412	
5.591097669603328	-170.32517384821642	288.628398082304	112.33193561779436	288.6283980823017	178.13846812441236	-267.940273856142	112.33193561779368	-267.94027385614197	-196.98724249409327	
5.642867092470025	-212.7608123007343	267.2505228921176	-60.6957731178085	267.25052289211504	105.66306540441036	-336.4507307548928	-60.6957731178092	-336.45073075489285	-142.18912651121263	
5.694636515336723	-346.00509590393585	213.60170877607445	-222.14914596209417	213.6017087760723	50.56376788078748	-381.62274264758355	-222.14914596209468	-381.62274264758355	-6.860228536458173	
5.74640593820342	-551.8380999057246	165.1511959256316	-336.13769583278736	165.15119592563008	12.821341586788094	-386.98736303016983	-336.1376958327877	-386.9873630301697	131.38769499159554	
5.798175361070117	-773.9266342159821	158.9390373069604	-394.6775354027952	158.93903730695973	-24.796303656820157	-354.02520971193326	-394.67753540279523	-354.0252097119329	225.42436953851094	
5.849944783936815	-944.3706018693588	180.62474535647328	-412.0570237458502	180.6247453564735	-77.95970122963067	-296.172340403505	-412.0570237458501	-296.1723404035046	272.4976868297093	
5.901714206803513	-1018.1582170952505	173.09446025622083	-406.37418069992924	173.09446025622168	-145.01677106841314	-234.21556591293634	-406.37418069992907	-234.21556591293597	286.70221876977007	
5.9534836296702105	-985.9759317838276	96.44214863281343	-389.9025324559461	96.44214863281431	-209.15041971328583	-188.11817383928326	-389.9025324559457	-188.11817383928303	276.490862813441	
6.005253052536908	-860.793830337309	-35.34018105492494	-372.26238456275246	-35.340181054924585	-245.66515838461905	-168.74017163724596	-372.2623845627522	-168.74017163724588	245.0272183690602	
6.057022475403605	-663.4141419886469	-173.20451519621693	-362.2445108607341	-173.20451519621753	-222.54975909590644	-177.6432721048149	-362.24451086073395	-177.64327210481474	195.96827273939232	
6.108791898270303	-427.0392057410049	-271.5621467696942	-362.80997218018024	-271.56214676969563	-120.69050159828154	-212.19179143546137	-362.8099721801802	-212.19179143546103	133.11028289804761	
6.160561321137	-196.64935550256354	-306.4146587556021	-369.6248648185466	-306.4146587556037	29.944635050081033	-268.14811030119546	-369.6248648185466	-268.1481103011952	60.665712994363375	
6.2123307440036974	-7.2328841288106105	-278.48130876423943	-377.6418455671569	-278.4813087642406	156.53528573343453	-337.84146504739215	-377.64184556715674	-337.84146504739215	-12.050854769091597	
6.264100166870395	130.57843117832127	-214.60853062841412	-385.2370695358262	-214.6085306284146	201.74434255441867	-406.7720906457074	-385.23706953582587	-406.77209064570786	-69.12102318653365	
6.315869589737092	214.73697504378487	-156.61242278974123	-390.038407545729	-156.61242278974115	163.43170147604684	-455.19441478879315	-390.0384075457284	-455.19441478879367	-94.60265589734384	
6.36763901260379	237.14466559504058	-132.93431002343644	-386.40324835833997	-132.93431002343598	79.56211297172018	-468.75502089281247	-386.40324835833906	-468.7550208928129	-81.10655929086013	
6.419408435470488	204.6296110125981	-143.97355136903252	-371.98286029187705	-143.973551369032	3.7404606918519505	-448.5089631898672	-371.982860291876	-448.5089631898676	-33.04552088021553	
6.471177858337185	163.62051900928216	-175.86279270336797	-354.12700600034543	-175.86279270336757	-10.092125932739563	-407.32842444420453	-354.12700600034447	-407.32842444420487	36.09764480181901	
6.522947281203883	171.59361198082198	-214.94501819780785	-344.73482464297985	-214.94501819780737	61.812254049008374	-357.99049581919195	-344.7348246429791	-357.99049581919235	109.26062419006558	
6.57471670407058	234.47287929191296	-244.63446363539833	-347.2905107766916	-244.6344636353976	186.76565065250665	-307.5867509366866	-347.29051077669135	-307.586750936687	171.50536002045854	
6.6264861269372775	295.00189089226103	-244.6545943444214	-349.9000010410889	-244.65459434442002	300.55824556521475	-258.85511974211863	-349.9000010410891	-258.8551197421188	214.26861119132326	
6.678255549803975	296.9600786818378	-204.78171861581774	-333.11159784571976	-204.78171861581592	360.7944659613486	-211.01589484591034	-333.1115978457203	-211.0158948459103	237.2028607200767	
6.730024972670672	244.2238642185005	-134.30361632634595	-288.40056284320656	-134.30361632634387	370.72054052506036	-162.12047310330803	-288.4005628432072	-162.1204731033079	246.85798587003592	
6.78179439553737	185.89018794010389	-51.546076279646755	-230.52037361735742	-51.54607627964496	366.5576548170163	-115.98812292827833	-230.52037361735793	-115.98812292827841	251.06939005924136	
6.833563818404067	160.46414282168053	31.400280041862903	-187.8849812040396	31.400280041864036	391.46598611510575	-85.76143413090348	-187.88498120403995	-85.76143413090398	250.20624703078045	
6.885333241270765	170.02822387179503	110.39601220787077	-177.24877883823362	110.39601220787105	460.620452279046	-86.2540928587343	-177.2487788382339	-86.25409285873525	232.43956709910344	
6.937102664137463	192.54218956443967	179.66710768414788	-189.28336826387363	179.66710768414723	534.7345392614269	-121.66839933775714	-189.2833682638739	-121.66839933775833	181.4302867960951	
6.98887208700416	201.13630209733827	227.3244371901908	-199.64259077402184	227.32443719018926	543.8851158616374	-182.2548380508533	-199.6425907740222	-182.25483805085437	93.86030053423683	
7.0406415098708575	178.45080245555593	243.59758958332333	-190.6491889588823	243.5975895833212	455.37625937684004	-252.27639190442412	-190.64918895888275	-252.27639190442494	-9.254364196895379	
7.092410932737555	135.51087730761117	230.19266296650278	-161.11661560064002	230.19266296650054	313.6258137579775	-318.30969651028454	-161.11661560064036	-318.3096965102849	-90.7920722211723	
7.144180355604252	109.67522747547739	196.89981483886152	-120.29032166387303	196.89981483885964	202.9158677476276	-369.64998020433063	-120.29032166387313	-369.64998020433063	-120.3525945140386	
7.19594977847095	118.43949758381518	156.96533590025564	-77.16541371373533	156.96533590025436	175.5672877923521	-395.2514795077636	-77.1654137137351	-395.2514795077633	-93.63377054704536	
7.247719201337647	120.50435484339255	130.56723640987838	-35.23040192288162	130.567236409878	221.37717218706965	-384.83714405659833	-35.23040192288114	-384.8371440565977	-33.90208285803378	
7.299488624204344	48.71700709747506	141.58587825864922	5.106040281625087	141.58587825864967	295.83420652977156	-333.95935918779304	5.106040281625593	-333.95935918779213	25.08937107891314	
7.351258047071042	-110.72925143530085	200.38089965178955	40.921650801900185	200.38089965179077	368.8957721640402	-247.71211811179444	40.92165080190047	-247.71211811179342	61.116406190369844	
7.40302746993774	-291.48083330528254	294.2288118266084	64.99141264252236	294.22881182661007	442.22304595054027	-141.06773075387787	64.99141264252232	-141.06773075387704	72.18756851379084	
7.4547968928044375	-409.5589965188853	396.3715165639501	69.33725908766269	396.371516563952	521.4320141908879	-37.39091653879582	69.33725908766245	-37.390916538795445	66.41984265572921	
7.506566315671135	-438.68654730389244	478.8511919597897	50.10350330289886	478.85119195979155	590.2524596181453	35.971244272694406	50.103503302898766	35.97124427269439	47.355010821885585	
7.558335738537832	-410.02302528665655	517.8090845602226	11.383321975239472	517.8090845602245	630.4923009304271	57.96980117403112	11.383321975239829	57.96980117403093	11.42127525562548	
7.61010516140453	-354.3082983024352	497.773432874753	-33.62044320471441	497.7734328747546	654.1365915856875	26.466294156678124	-33.62044320471352	26.46629415667804	-43.29346314891619	
7.661874584271227	-267.6493989557426	415.6792503683552	-68.92178426932531	415.6792503683564	684.5426511923174	-37.943616005302	-68.92178426932404	-37.943616005301784	-110.26212947478128	
7.713644007137924	-132.5738116143146	282.46177040193106	-88.27971502613846	282.46177040193163	708.874743541334	-103.50823431949891	-88.27971502613707	-103.50823431949833	-176.01348099700633	
7.765413430004622	45.27919659860177	122.72928097316688	-100.84965385901378	122.72928097316688	681.7085700151256	-146.04000167069952	-100.84965385901248	-146.0400016706987	-225.21348829181113	
7.817182852871319	227.57449993672589	-27.482918711991204	-121.52515189643763	-27.482918711991317	580.322507848535	-159.17805997405446	-121.5251518964365	-159.17805997405355	-245.36708733486583	
7.868952275738017	361.2267024654005	-131.81464831147792	-155.68236163747827	-131.81464831147755	425.4349664958502	-149.81828562591372	-155.6823616374774	-149.81828562591306	-232.64846373850503	
7.920721698604715	410.65486202114096	-172.77925496584734	-192.88460719126982	-172.7792549658462	245.54983626679797	-126.64123305111542	-192.88460719126937	-126.64123305111505	-198.1882096837684	
7.972491121471412	380.0985250958897	-162.41683759376707	-213.5335490055154	-162.41683759376525	55.654236287393246	-93.6150946332505	-213.53354900551534	-93.61509463325024	-167.75541297913466	
8.024260544338109	302.4994765398051	-129.33384713252804	-203.09174464660708	-129.33384713252602	-121.76992772342294	-52.81353643418944	-203.0917446466073	-52.81353643418911	-169.1884363642064	
8.076029967204807	208.71386813094563	-95.3149469938935	-163.65463961456294	-95.31494699389202	-250.70270113311483	-10.987832654857753	-163.65463961456317	-10.987832654857266	-214.50593695831495	
8.127799390071504	116.28474294911034	-65.78511377548453	-112.1663701367369	-65.78511377548394	-307.92307482683464	18.822792474290985	-112.16637013673704	18.82279247429141	-291.5924701915789	
8.179568812938202	39.58831270769505	-38.45822460709125	-65.82619055637585	-38.458224607091594	-298.8018917773537	23.93632315025842	-65.82619055637596	23.936323150258527	-371.75467091014417	
8.2313382358049	-4.578214328701819	-17.81042808544356	-30.50380535807959	-17.810428085444528	-243.23718482505967	1.1797619497938783	-30.50380535807981	1.1797619497935372	-425.6966518371732	
8.283107658671597	-1.4221617918362028	-22.38427478967978	-4.863162877711378	-22.384274789681015	-162.4897893312442	-39.98271231461686	-4.8631628777117015	-39.9827123146174	-437.45720365895863	
8.334877081538295	50.63149921197447	-73.71294309207664	8.504282067973605	-73.7129430920778	-85.30651629826036	-82.23288017875323	8.504282067973282	-82.23288017875353	-410.51150330651615	
8.386646504404991	130.02574291185078	-169.23902158421785	2.755302478794569	-169.23902158421865	-48.678484488235085	-108.4455766613035	2.7553024787943805	-108.44557666130311	-363.94825870517593	
