# Stress in units of bar (10^5 Pa)
# z	Sxx	Sxy	Sxz	Syx	Syy	Syz	Szx	Szy	Szz
0.0	356.340136558013	-303.8526898853525	230.62739576972604	-303.8526898853531	-369.4929877579263	-72.35052103736228	230.62739576972544	-72.35052103736199	-58.51685303202142	
0.05025379403504058	391.4110561450891	-273.4655993176731	211.4305378715926	-273.46559931767354	-325.45060346070056	-31.276612817665395	211.43053787159187	-31.27661281766497	-53.15605554078821	
0.10050758807008116	437.95983626211336	-237.19250820631737	184.5499265243194	-237.19250820631754	-272.6093284999766	15.047695817632505	184.54992652431855	15.047695817633107	-43.9736707196996	
0.15076138210512174	484.2978993910335	-201.8409718093157	153.223664005999	-201.84097180931548	-239.92815258764878	59.84918015751778	153.22366400599816	59.84918015751858	-36.696314792628606	
0.20101517614016232	520.8373692502836	-174.53369428078366	120.22022543273656	-174.53369428078318	-250.78759373071046	97.27599421097447	120.22022543273576	97.27599421097543	-35.45078391157965	
0.2512689701752029	542.3233774614699	-159.983974171311	86.88873531000294	-159.9839741713102	-313.51278161876763	124.1061665171682	86.88873531000219	124.10616651716924	-41.44778841299095	
0.3015227642102435	548.1190322374166	-158.55654110368508	53.0821490117376	-158.55654110368414	-417.0529092807021	140.25617589953902	53.08214901173683	140.25617589954	-52.77549759692476	
0.35177655824528403	539.1754196447375	-166.33297081338938	17.885081883600957	-166.33297081338821	-536.0978339201761	147.8247798921104	17.885081883600154	147.82477989211125	-65.46471493495864	
0.40203035228032463	515.4411139588938	-176.8990329503824	-19.211786241421812	-176.89903295038107	-641.5674571851813	149.33414429100955	-19.211786241422644	149.33414429101023	-75.3565860761588	
0.45228414631536523	474.0160076994435	-183.53816501168671	-57.432698062406665	-183.53816501168524	-712.2762030270044	146.40171141912617	-57.432698062407475	146.4017114191266	-79.85965816965842	
0.5025379403504058	410.2362598896616	-181.8284588123855	-94.74325007385832	-181.82845881238376	-739.8370000969155	139.48402644625324	-94.74325007385902	139.48402644625338	-78.71541577647008	
0.5527917343854464	322.22920274093235	-171.28631025252392	-128.71273357265932	-171.2863102525221	-726.8844238793804	128.47147197280083	-128.71273357265983	128.47147197280063	-73.41197902555548	
0.603045528420487	214.96582745906707	-156.47289051923232	-157.63139390708182	-156.4728905192304	-680.9683083129582	113.43478575503663	-157.63139390708207	113.4347857550361	-65.81366332338638	
0.6532993224555276	102.05057356003628	-145.71028029631233	-181.03046982959023	-145.71028029631054	-609.9577351034567	95.04709270377285	-181.0304698295903	95.04709270377195	-56.91296788354878	
0.7035531164905681	3.0692058108361557	-148.3289001340386	-199.32191780037786	-148.328900134037	-520.1482075999718	74.62204596201799	-199.32191780037778	74.62204596201684	-46.38082333295996	
0.7538069105256087	-63.18586242342762	-170.13209707623793	-213.01951182342196	-170.1320970762367	-417.1391101624463	53.900664424852664	-213.01951182342174	53.900664424851314	-32.91540640114748	
0.8040607045606493	-85.52055012275616	-210.28058955012145	-222.15722546723418	-210.28058955012065	-306.9070827578217	34.67438776136718	-222.15722546723396	34.674387761365765	-14.963936040417613	
0.8543144985956899	-63.76595777431942	-260.5675454086682	-226.31517902506357	-260.5675454086678	-196.2378546984944	18.33884247140221	-226.3151790250634	18.338842471400845	8.523387628330555	
0.9045682926307305	-7.820482149816883	-308.76095503552006	-225.06875127486182	-308.7609550355198	-92.43362282576962	5.5167282950122285	-225.06875127486177	5.516728295011024	37.576156494143085	
0.954822086665771	67.57923545634651	-344.08443114841396	-218.33244595216505	-344.08443114841384	-2.7588094271392265	-3.9014927037811074	-218.3324459521651	-3.9014927037820764	70.97403248559705	
1.0050758807008116	147.13611896903063	-361.96034045338416	-206.4470593264243	-361.9603404533841	65.7560204501242	-10.281822292688087	-206.44705932642435	-10.281822292688805	106.33868723612176	
1.0553296747358523	217.4318215890811	-365.08189260386126	-190.1769648472698	-365.0818926038611	105.33004968596924	-13.522731404081469	-190.1769648472698	-13.522731404081973	140.62750639711265	
1.1055834687708928	267.8474019335505	-360.9651514509234	-170.84949016557593	-360.96515145092303	108.02930230878371	-12.524607333017617	-170.84949016557576	-12.524607333017979	170.7912013349545	
1.1558372628059332	291.06068198205327	-357.3312603833098	-150.49075305363087	-357.3312603833096	67.53018092828165	-5.287238825738706	-150.49075305363053	-5.287238825738989	194.31876737020846	
1.206091056840974	285.2951948361815	-358.85371986259776	-131.48385739637342	-358.8537198625976	-16.643274287804587	10.366375896002225	-131.4838573963729	10.366375896001994	209.59718228104896	
1.2563448508760144	256.17463867254685	-366.5039130347308	-115.6991600794158	-366.50391303473083	-135.32341653351077	35.6207505961361	-115.69916007941517	35.62075059613594	215.99494376239136	
1.3065986449110552	216.25220161197035	-379.15252726767454	-103.59573179464027	-379.15252726767466	-269.35645668732144	69.65390570422285	-103.5957317946395	69.6539057042228	213.9506846346303	
1.3568524389460956	181.64846406889995	-395.15663508566524	-94.15310000797183	-395.1566350856655	-392.2578735397517	109.41056140648116	-94.15310000797098	109.41056140648126	204.9828005041067	
1.4071062329811361	166.70810661074236	-413.3042341355276	-85.86956428493261	-413.30423413552796	-476.89220261395985	150.51623659060803	-85.8695642849317	150.5162365906083	191.62301301960986	
1.4573600270161768	179.70682494980184	-432.1921093635366	-78.29954405777328	-432.1921093635369	-502.47055928811335	188.92227834512025	-78.29954405777232	188.92227834512065	176.9747188378409	
1.5076138210512173	221.31807630201942	-449.42374778432145	-72.87043418984962	-449.42374778432156	-460.3377456948814	222.4396071918369	-72.87043418984864	222.4396071918374	164.0462937564751	
1.557867615086258	285.1012265506457	-461.29992903259813	-72.27074792979435	-461.29992903259796	-356.73949530141476	250.81752852450313	-72.27074792979342	250.8175285245037	155.08458785791976	
1.6081214091212985	359.83990817158764	-462.8659752639466	-78.63878291980319	-462.8659752639463	-210.78695920187715	274.0802456708597	-78.63878291980231	274.08024567086034	151.21099869352514	
1.658375203156339	431.91224313788337	-449.50140259208507	-91.67398289720532	-449.50140259208456	-48.88736269581216	290.41551936462537	-91.67398289720455	290.41551936462605	152.30527204691936	
1.7086289971913797	488.84526899467187	-418.8947340436501	-107.7970305026191	-418.8947340436494	104.18911741309986	295.3266292383078	-107.79703050261844	295.32662923830844	157.05976152196064	
1.7588827912264202	525.220995322479	-372.77473706841624	-120.79612058912464	-372.77473706841556	231.92756211457507	283.47581374287984	-120.79612058912407	283.4758137428804	163.14570540482788	
1.809136585261461	546.7005927884326	-317.52197111314814	-123.88774255013188	-317.52197111314746	329.3444891167933	252.21644389628182	-123.88774255013139	252.21644389628227	167.37059401427385	
1.8593903792965014	570.9796351731375	-262.4968191164958	-112.19431993237478	-262.49681911649526	400.5575313233469	204.56205450440675	-112.19431993237441	204.5620545044071	166.05136851278814	
1.909644173331542	617.5682410808815	-217.43600448096558	-84.70598787303068	-217.43600448096527	455.193935867567	149.47211807122363	-84.70598787303047	149.47211807122375	155.50843297781856	
1.9598979673665826	697.3612310619001	-189.42569237982934	-44.708660753126765	-189.42569237982926	504.1673519941294	99.18577981984103	-44.70866075312668	99.18577981984099	132.66333751406071	
2.010151761401623	801.045177964538	-181.50765710596022	1.6611229438557036	-181.5076571059604	556.781535846436	65.26007710292015	1.6611229438555952	65.26007710292005	95.67160629477678	
2.0604055554366636	900.1609963290373	-192.2847490119491	48.01046634536765	-192.2847490119495	618.6941119571994	55.17413865338701	48.01046634536736	55.17413865338702	44.67541861708846	
2.1106593494717045	959.9775705620748	-216.39840902828	89.92186693545221	-216.39840902828064	690.9961984289515	70.58839306875369	89.92186693545182	70.58839306875386	-17.445602665374913	
2.160913143506745	957.4891339402966	-245.61604867625465	125.36998905744866	-245.6160486762554	770.5151189181004	107.09218889143486	125.36998905744821	107.0921888914352	-84.6047477680863	
2.2111669375417855	894.7448638233182	-270.4956307835187	153.40239175580177	-270.4956307835194	852.6037823369554	155.09241586325254	153.40239175580137	155.0924158632531	-147.54506016734516	
2.261420731576826	799.5536814316324	-282.80151650804976	172.45313484713563	-282.8015165080504	934.8791916583414	201.7391133961645	172.45313484713532	201.73911339616524	-194.7277970665357	
2.3116745256118665	710.7452625352041	-279.0526551044253	179.86192393182793	-279.0526551044259	1018.6336894654796	233.94947331397736	179.8619239318278	233.94947331397816	-214.5211612695125	
2.3619283196469074	656.5494731983142	-261.911913476345	173.14631470950224	-261.91191347634555	1103.8839833082689	242.10862823963558	173.1463147095023	242.10862823963635	-198.71430477902962	
2.412182113681948	639.9393659091296	-238.43201266770942	152.27254183715684	-238.4320126677099	1182.5873886709028	223.1686813894683	152.272541837157	223.16868138946901	-146.63160019538606	
2.4624359077169884	641.1857788698628	-214.61981396944776	121.3422923003539	-214.61981396944827	1235.8373387453366	181.53799626563125	121.34229230035419	181.53799626563188	-67.88116021465517	
2.512689701752029	634.3943162590094	-190.7259087351387	88.34441296237742	-190.725908735139	1239.2639139044068	127.0699581302186	88.34441296237773	127.06995813021913	18.60030680815761	
2.5629434957870694	604.0734436982104	-161.14495957807247	62.4371607487533	-161.14495957807284	1174.9536255706985	70.9433066077246	62.4371607487536	70.94330660772506	90.02170283408267	
2.6131972898221103	548.8256166398875	-120.27622607560298	49.7745523135365	-120.27622607560328	1040.5297806091464	21.264648389303304	49.774552313536745	21.2646483893037	127.84476531110043	
2.663451083857151	473.7686130482386	-69.94940807300803	49.875649300592485	-69.94940807300829	852.3033109206101	-19.45768440708128	49.8756493005927	-19.457684407080876	124.32005980116709	
2.7137048778921913	382.52268551579954	-22.470988331564534	54.94933960618121	-22.47098833156472	639.0960254659448	-53.95323439376007	54.94933960618138	-53.953234393759686	84.18735722975276	
2.7639586719272318	277.2179309433852	4.2704197007296765	52.94294471913662	4.2704197007295095	433.4637094199493	-87.35968137553378	52.94294471913672	-87.35968137553341	21.316133501972622	
2.8142124659622723	164.72999321170198	-3.2681645320246275	32.841088858359115	-3.268164532024798	263.1303751299508	-123.55931369808516	32.84108885835923	-123.55931369808486	-46.938047086450446	
2.864466259997313	59.748542733457754	-45.30769936084231	-10.774408428332954	-45.307699360842456	145.46323577384533	-162.71060733253677	-10.77440842833283	-162.7106073325365	-104.37473151936365	
2.9147200540323537	-19.695469241487785	-106.7012551348972	-75.9281234892933	-106.70125513489734	84.80591810609755	-201.2674093201407	-75.92812348929317	-201.26740932014053	-138.24999237232137	
2.964973848067394	-61.018694702798186	-163.62005186918546	-154.29607830928097	-163.6200518691856	72.38756229383901	-234.06756906446657	-154.29607830928083	-234.0675690644665	-140.25514977599127	
3.0152276421024347	-64.36870683112781	-194.5259473635541	-233.5324452223178	-194.5259473635543	89.75696932263669	-257.4034990839277	-233.53244522231762	-257.4034990839278	-107.70193442949079	
3.065481436137475	-41.36511281972436	-189.1240946742426	-299.7325544919588	-189.12409467424277	115.57492281037946	-271.026477920148	-299.7325544919587	-271.02647792014807	-44.97104131375775	
3.115735230172516	-9.302821817660629	-150.85061423418756	-340.1361800111704	-150.85061423418767	133.46305913138508	-278.0140859780943	-340.1361800111702	-278.01408597809433	36.1194248564452	
3.1659890242075566	17.907396978059893	-92.63027020511906	-346.27330428854077	-92.6302702051192	137.80743799827258	-282.4224448845642	-346.27330428854077	-282.42244488456424	118.74736948369488	
3.216242818242597	32.318895428179296	-29.949370702974427	-317.15225656407256	-29.9493707029745	134.85487310224426	-286.1468750556795	-317.1522565640725	-286.1468750556796	186.44196506352066	
3.2664966122776375	35.11905096194985	24.880300802119535	-260.61845786326285	24.88030080211952	138.03488178379197	-287.0066964798974	-260.6184578632628	-287.0066964798974	229.40243536052066	
3.316750406312678	32.216595501185246	64.36119914938551	-191.36348395813104	64.36119914938557	158.89067822819806	-279.18492863923774	-191.363483958131	-279.18492863923785	248.6272258699355	
3.367004200347719	29.24003092716349	84.67978021341472	-125.54365861595964	84.6797802134148	198.13665700644034	-255.84832626734155	-125.54365861595959	-255.8483262673416	255.2553123079438	
3.4172579943827595	26.47536153185034	84.2785323277284	-74.30361186474357	84.27853232772851	242.3856328789715	-212.63403670850192	-74.30361186474356	-212.63403670850204	264.47083430572235	
3.4675117884178	17.04547758230062	63.604228113329924	-39.7826182469917	63.604228113330045	268.98543592984294	-150.69589883769868	-39.78261824699172	-150.6958988376988	286.4643600264016	
3.5177655824528404	-9.87465995452412	26.534609148954708	-15.909819126856995	26.534609148954793	256.76484088528525	-77.9639806450573	-15.909819126857045	-77.96398064505738	318.86124237075927	
3.568019376487881	-61.5187943075878	-18.012330312413408	6.500956480307956	-18.012330312413333	197.99232001329153	-7.818344469222362	6.500956480307892	-7.818344469222406	345.2995952517959	
3.618273170522922	-135.7212073374525	-56.89600648837599	33.73153588769625	-56.89600648837592	103.60182455751271	44.78264098357924	33.73153588769618	44.7826409835792	341.8727848037235	
3.6685269645579623	-220.40440810069083	-76.32129892710202	65.81928663784382	-76.32129892710196	-1.021498289686889	68.51934553408807	65.81928663784372	68.51934553408806	289.0321126230129	
3.718780758593003	-298.22902745915655	-67.14418792833027	97.38764541024165	-67.14418792833021	-87.84207450082576	60.1119737573374	97.38764541024153	60.111973757337395	183.08982152977813	
3.7690345526280433	-352.69713975956404	-28.820502215555877	121.21267763117166	-28.820502215555877	-138.08754549287522	25.899773700115983	121.2126776311715	25.89977370011598	40.92989304990982	
3.819288346663084	-372.1040667598156	29.82938397712457	131.61274953040564	29.82938397712458	-147.91393450835068	-20.30243988199893	131.61274953040547	-20.302439881998936	-105.2021255079839	
3.8695421406981247	-351.48177480114066	93.63541391459847	125.82139532486048	93.63541391459843	-125.16520640285034	-62.10477921787818	125.8213953248603	-62.10477921787821	-220.393297508018	
3.9197959347331652	-293.32792196982916	146.50881330716425	103.66911201951618	146.50881330716416	-80.69324197650937	-86.33053774510557	103.66911201951598	-86.3305377451056	-280.33336205349616	
3.9700497287682057	-208.65712529581685	175.8634856575813	66.9274819877601	175.86348565758115	-21.623141313286652	-87.34766708841724	66.92748198775993	-87.3476670884173	-278.3012788392975	
4.020303522803246	-114.7739262581725	175.66710391870572	19.37410336257164	175.6671039187056	48.91479178656043	-68.52429104008917	19.37410336257145	-68.52429104008922	-222.91216412312176	
4.070557316838287	-29.72668776649526	147.1074761463481	-32.82179196044179	147.10747614634795	126.56649910498254	-40.01293810469935	-32.821791960442006	-40.01293810469941	-129.54174601576304	
4.120811110873327	35.36363124485439	97.72766632916577	-81.70552585034876	97.72766632916566	201.0221936897522	-13.539617175263928	-81.70552585034898	-13.539617175264027	-11.793464553582886	
4.171064904908368	80.2830135539891	38.983688273615265	-119.67555960923892	38.98368827361521	256.41697496206007	3.7342240462370953	-119.67555960923917	3.7342240462369958	121.8226309149953	
4.221318698943409	113.44953841850125	-17.208462540105064	-142.32746111536358	-17.20846254010505	277.60408905826114	13.090727682944816	-142.32746111536383	13.090727682944717	265.53609210146004	
4.271572492978449	144.59507464652404	-62.46199835144827	-150.3419137152255	-62.461998351448216	259.4180758887008	23.650636962195307	-150.34191371522576	23.650636962195186	411.86474208972106	
4.32182628701349	178.420452810097	-93.79605487488135	-148.8043276836792	-93.79605487488112	212.80005337519373	47.04175537206231	-148.80432768367945	47.041755372062184	549.5332436911904	
4.37208008104853	212.40052375885563	-112.80460026504485	-144.14681215900316	-112.8046002650446	163.8851602766457	90.28601930677964	-144.14681215900336	90.28601930677952	665.4394481382967	
4.422333875083571	240.76632630670116	-122.64307812953281	-140.14531500717607	-122.64307812953254	145.47281409820977	151.03701763437658	-140.1453150071762	151.03701763437644	748.869272546666	
4.472587669118612	260.63620389281584	-123.83640460648039	-135.44067752579957	-123.83640460647999	183.89127092260023	217.93158599082628	-135.44067752579963	217.9315859908261	794.538534283107	
4.522841463153652	277.1652251226519	-112.51086663355423	-124.56610343296164	-112.51086663355392	286.9690744537427	275.51652772241874	-124.56610343296155	275.5165277224186	802.5759025877884	
4.573095257188693	304.5346753853868	-81.03160003865365	-102.2630967835288	-81.03160003865342	440.53923742348024	310.653904002976	-102.26309678352858	310.6539040029758	775.9288923997906	
4.623349051223733	360.4897832728649	-22.06266128239571	-68.50346669184529	-22.062661282395595	613.9037973972124	317.06173396060234	-68.50346669184493	317.0617339606022	717.6245068169605	
4.673602845258774	458.40860427791927	65.7194838612817	-30.602831406847166	65.71948386128167	771.3819307461622	296.7769043790104	-30.602831406846747	296.7769043790103	630.1942711981123	
4.723856639293815	599.5280081544557	174.12156838511612	-0.5907401813983455	174.121568385116	883.8936735410242	259.2142074670815	-0.590740181397905	259.21420746708145	517.4101610441339	
4.774110433328855	770.9386625347009	285.84766958793523	10.928661952385625	285.8476695879349	935.265198299087	218.7213992395009	10.928661952386022	218.72139923950084	386.76656240267056	
4.824364227363896	950.3540085232182	379.86400654853725	0.6056239024445729	379.8640065485367	924.0837123793626	190.7987321469606	0.6056239024448073	190.79873214696062	250.3563201291658	
4.874618021398936	1114.0542120597484	438.83703446146984	-25.767406510999326	438.83703446146933	861.7069949401999	187.21191421349442	-25.767406510999272	187.21191421349442	123.25167754543813	
4.924871815433977	1242.8443393749103	453.94673682016776	-55.94029176816869	453.9467368201673	766.9969579542717	211.19347218860705	-55.940291768168834	211.19347218860707	19.94465097972607	
4.975125609469018	1323.2413606866141	425.80675266338363	-76.39197423737778	425.80675266338324	659.3176986684607	255.22535534238506	-76.39197423737812	255.22535534238503	-49.42903051850679	
5.025379403504058	1345.5651275582788	361.513166895647	-77.06802154427345	361.5131668956466	551.6100417569985	303.39482776130205	-77.06802154427388	303.39482776130205	-81.32334695001114	
5.075633197539099	1304.0543716404297	271.43516440483194	-53.92663805298949	271.43516440483165	447.4676814533393	337.6906831787454	-53.92663805298993	337.69068317874536	-78.71407418796616	
5.125886991574139	1200.7593934224835	166.93565700420936	-9.187363202384194	166.935657004209	344.70765665932396	345.1284874269411	-9.187363202384638	345.12848742694104	-48.91508901798374	
5.17614078560918	1050.4313187411892	59.30573247485228	50.37353367032582	59.305732474851794	242.43883326755162	322.0876279184845	50.37353367032543	322.08762791848443	-0.5851390868480699	
5.226394579644221	881.0018703323906	-40.09963334999563	116.41021482672153	-40.09963334999628	145.8663098201976	274.0050784607252	116.4102148267212	274.0050784607251	58.54354342642962	
5.276648373679261	726.6221107976284	-120.41346384520133	182.09144721128007	-120.41346384520222	65.19679654178526	211.67446759500245	182.09144721127979	211.6744675950024	121.99575946809249	
5.326902167714302	615.4429223392726	-172.2346217148969	243.70497827755221	-172.2346217148979	9.634344218994727	146.621405523885	243.70497827755202	146.62140552388485	183.2494180822485	
5.377155961749342	558.5351107505347	-189.52281915981558	299.79665130897337	-189.52281915981678	-19.080274822615763	87.80510826379759	299.79665130897314	87.80510826379734	234.4270807038216	
5.427409755784383	545.9410053167002	-171.55964307674435	348.319713372798	-171.55964307674552	-28.292287489128505	40.35992241326759	348.31971337279776	40.359922413267164	266.95331794915694	
5.4776635498194235	551.7282935671774	-123.94731867008218	384.26406701638365	-123.94731867008318	-30.913106359260325	5.915028294374613	384.2640670163835	5.915028294373989	274.4051234087965	
5.5279173438544635	546.0720785652882	-57.6763805672814	400.0795569798297	-57.67638056728248	-40.05348691552142	-16.42310733417542	400.0795569798294	-16.423107334176233	255.79305431618621	
5.5781711378895045	507.046519547311	12.92736221481173	389.2766695008973	12.927362214810636	-63.70574609029282	-28.712871373729385	389.2766695008968	-28.71287137373036	216.46513241540575	
5.6284249319245445	429.5395799137669	73.29850632614367	351.16306907468004	73.29850632614242	-102.13636499138188	-32.84462807153345	351.16306907467936	-32.84462807153446	165.65014040549306	
5.6786787259595854	325.7101324158009	111.29250502960691	293.29247980945735	111.29250502960538	-148.0026993871838	-29.640231937553246	293.29247980945644	-29.64023193755417	112.24884608067742	
5.728932519994626	219.91202760765728	119.13977438870094	229.80888670962662	119.13977438869897	-188.21970362659349	-18.80400575438776	229.80888670962548	-18.804005754388477	61.74381138507717	
5.779186314029666	137.48590300107787	95.05245140300144	176.39375219668918	95.05245140299898	-208.58296622840433	0.1312704875036168	176.3937521966879	0.13127048750319759	15.883487505370573	
5.829440108064707	93.96390784944788	43.07372631623481	144.6022577046967	43.07372631623184	-199.9362531241289	26.206780946021624	144.60225770469532	26.206780946021563	-25.390960861535206	
5.879693902099747	89.27541927539204	-27.854250157783873	138.31109595104797	-27.854250157787256	-161.7151619840215	55.812970900160934	138.3110959510465	55.81297090016123	-61.841400800944626	
5.929947696134788	108.98442132600522	-105.99561848398105	153.46768107739933	-105.99561848398463	-102.16125949248307	82.75903754344395	153.46768107739786	82.75903754344455	-92.27145970705442	
5.980201490169829	132.95031465150836	-179.6738198500774	180.55470462774517	-179.67381985008092	-34.372809526298965	100.11211151514519	180.5547046277437	100.11211151514598	-115.22186863119205	
6.030455284204869	145.089043917342	-239.55571977587346	208.1210607989845	-239.55571977587667	29.045237083803357	103.11042704971433	208.1210607989831	103.11042704971516	-129.85316985080675	
6.08070907823991	139.40077944972313	-279.97006955568315	226.0613375244784	-279.9700695556858	79.23403920326919	91.5735329194901	226.06133752447715	91.57353291949084	-136.2748783965878	
6.13096287227495	120.14536334068657	-299.2096796578193	227.9656078504442	-299.20967965782125	111.9912755876083	70.21568482702398	227.96560785044306	70.21568482702457	-135.44374147135713	
6.181216666309991	96.43633458009134	-298.8557430300447	212.17787533424962	-298.8557430300456	126.37174542865034	46.53162860968085	212.17787533424865	46.53162860968125	-129.11688563969784	
6.231470460345032	75.39899911763234	-283.28398931917536	181.65806929547216	-283.28398931917513	123.01881868727007	27.369576495465125	181.65806929547125	27.36957649546536	-120.18715676381709	
6.281724254380072	57.78571920228444	-259.079342752472	142.73437099064435	-259.0793427524706	102.91625185950814	16.09604339686045	142.73437099064333	16.096043396860544	-112.91714470031789	
6.331978048415113	37.61898884688381	-233.93425205334094	103.22592802917683	-233.93425205333864	67.81808825710056	11.905337146799798	103.22592802917563	11.90533714679982	-112.37719642318878	
6.382231842450153	6.087086113386874	-214.83621630176486	70.49007966332786	-214.83621630176194	19.895103528376758	11.19150358101325	70.49007966332645	11.191503581013226	-122.88096109714499	
6.432485636485194	-43.13500622756188	-206.43284888845992	49.761555155595524	-206.43284888845662	-38.40121125770119	9.837155801973804	49.7615551555939	9.837155801973747	-145.998332592113	
6.482739430520235	-109.34707204060604	-210.24963167469664	43.161623207197884	-210.2496316746933	-103.65309599042305	5.058165789338017	43.161623207196136	5.058165789337938	-179.21377449466408	
6.532993224555275	-184.0617808365103	-225.0105706153288	49.58192500393358	-225.0105706153257	-170.80264360697007	-3.8774212249029834	49.581925003931765	-3.8774212249030793	-216.28078984174687	
6.583247018590316	-253.89643835184478	-246.80863989249698	65.56120899304142	-246.8086398924943	-231.88584889459096	-15.845541570343363	65.56120899303964	-15.845541570343482	-249.3779143682462	
6.633500812625356	-306.01818429213847	-269.27430374543366	86.83793748696962	-269.2743037454316	-276.1715161984521	-28.55775935891893	86.83793748696792	-28.557759358919064	-272.1503106059581	
6.683754606660397	-332.940917521757	-284.2408918390651	110.09590675255416	-284.24089183906364	-292.7253691282673	-39.40427488639863	110.09590675255261	-39.40427488639878	-282.10270674615174	
6.734008400695438	-334.286421267492	-284.76921169008966	134.02069589020306	-284.7692116900888	-274.63316579911316	-46.29086509220389	134.02069589020167	-46.29086509220405	-280.99424075707793	
6.784262194730478	-314.9563369991464	-269.11182965901077	159.21098645959773	-269.11182965901054	-222.35347635807221	-48.31214810289235	159.21098645959648	-48.31214810289251	-273.0779517667057	
6.834515988765519	-280.5350244632011	-243.43256095555554	187.0841620632482	-243.4325609555557	-145.2341822469771	-46.100220936323296	187.084162063247	-46.10022093632338	-262.2798745964808	
6.884769782800559	-233.7137703875967	-220.0195002744205	218.49894134537305	-220.01950027442075	-59.040738990616774	-41.597930607258775	218.49894134537197	-41.59793060725873	-250.06950264548684	
6.9350235768356	-173.95456333301567	-211.37953310512918	252.8381450066663	-211.37953310512958	18.295629843805646	-37.152433163792374	252.83814500666534	-37.15243316379216	-235.15719024383492	
6.985277370870641	-101.5846019607834	-224.22839574001884	288.013974209037	-224.2283957400191	71.73342145622482	-34.258599526262266	288.0139742090361	-34.258599526261854	-214.8935987383411	
7.035531164905681	-21.67137115890508	-256.5492155056461	321.19950947927833	-256.54921550564626	93.43690186404456	-32.60064397688975	321.19950947927776	-32.60064397688913	-187.2501794639585	
7.085784958940722	54.59217405133242	-299.732743446194	349.7441886923423	-299.7327434461938	84.55242428354764	-30.05686702595067	349.7441886923419	-30.05686702594987	-152.18020984127338	
7.136038752975762	114.56583243519519	-343.4422874751863	371.73090873806973	-343.4422874751858	54.241043210212155	-23.92797084044411	371.73090873806956	-23.92797084044313	-111.72007237835643	
7.186292547010803	150.408959586617	-380.0259620665506	385.9477384153267	-380.0259620665498	15.843529460072382	-12.706324885499816	385.9477384153267	-12.706324885498688	-69.11277773784961	
7.236546341045844	163.6306688926666	-406.1103502450048	391.4817377727762	-406.11035024500376	-17.91772531581895	2.6305732528910015	391.48173777277634	2.630573252892228	-27.641879864563883	
7.286800135080884	164.53710836926464	-421.7759039510894	387.3673004258627	-421.775903951088	-38.23850698442823	18.637678540111043	387.36730042586294	18.637678540112283	10.13099068798928	
7.337053929115925	167.16572721070494	-428.51180752348216	372.787182713815	-428.5118075234805	-42.23239764828065	30.657461061102293	372.78718271381535	30.657461061103458	42.53090177717186	
7.387307723150965	182.99194616232398	-427.81714826580424	347.99078469173645	-427.8171482658027	-32.765475074080285	34.498784895003176	347.99078469173685	34.4987848950042	68.4271930819897	
7.437561517186006	216.89235223455023	-420.51063716924006	315.4566722728844	-420.5106371692385	-17.71266197883611	27.70891157970405	315.456672272885	27.708911579704928	86.6193947968961	
7.487815311221047	265.34919140366463	-407.66545337977965	280.2895201292677	-407.6654533797782	-8.47724498550717	10.079371335770924	280.2895201292684	10.079371335771675	95.4710364785681	
7.538069105256087	318.26605150273707	-391.2170868759081	249.19989690667538	-391.21708687590694	-16.92855492251735	-16.353623551495943	249.19989690667626	-16.353623551495275	93.16468649682693	
7.588322899291128	362.08341540049724	-374.19504616800106	228.16875236504023	-374.1950461680003	-52.09958126397261	-47.646371113872	228.1687523650412	-47.64637111387137	78.6920600183903	
7.638576693326168	385.4717567010604	-359.80501172614163	219.95589423205587	-359.8050117261413	-115.69874342391802	-78.5825128715141	219.95589423205678	-78.5825128715135	53.193846475260166	
7.6888304873612086	385.1360397950489	-349.7693223158091	222.8742363801262	-349.76932231580906	-199.19010642641058	-103.60784956979516	222.87423638012692	-103.60784956979464	20.7442545437228	
7.7390842813962495	367.9135839683829	-343.25016315605336	231.54479350461494	-343.25016315605365	-285.0393571732061	-117.84700446962216	231.54479350461528	-117.84700446962171	-12.246970046542707	
7.7893380754312895	348.37549669395173	-336.5299580298821	239.1338653962891	-336.52995802988255	-351.5801002734421	-117.90604753349432	239.13386539628914	-117.90604753349398	-38.985715558016594	
7.8395918694663305	341.64029679198416	-324.69132208960616	239.8539130739619	-324.6913220896068	-381.55030009805535	-102.41045439502443	239.85391307396156	-102.41045439502413	-54.74119520488959	
