# Stress in units of bar (10^5 Pa)
# z	Sxx	Sxy	Sxz	Syx	Syy	Syz	Szx	Szy	Szz
0.0	-27.73326079504804	-140.63980636062257	-126.914021144923	-140.6398063606232	222.55420683853131	186.60819435006334	-126.91402114492274	186.60819435006323	284.1486595274304	
0.05203866675516744	-53.41990714799374	-164.55964447845273	-134.7719740222396	-164.55964447845327	247.702643770604	155.33663998906047	-134.7719740222393	155.3366399890603	324.2900273945754	
0.10407733351033488	-87.62043085058673	-189.90090330021172	-141.83142229705496	-189.90090330021224	270.7920905188451	117.26617012193981	-141.83142229705464	117.26617012193961	361.833563065711	
0.15611600026550232	-124.83082230549365	-213.75984140459087	-145.4063484219417	-213.7598414045914	284.81113952073076	73.254198026549	-145.4063484219414	73.25419802654878	393.1279211742934	
0.20815466702066976	-159.71483911133652	-233.28499691954568	-143.35777546211017	-233.2849969195463	283.16187021148835	24.22936522304107	-143.35777546210983	24.22936522304081	414.9098666283951	
0.2601933337758372	-187.94395004144803	-246.23821651732206	-134.46205199976703	-246.23821651732274	261.2909854343255	-28.557583828335197	-134.46205199976663	-28.557583828335524	425.0451656755464	
0.31223200053100464	-207.13940418375225	-251.69476588782993	-118.65489011864169	-251.6947658878307	217.9125272410551	-83.38105512333999	-118.65489011864119	-83.38105512334032	422.8686882460095	
0.3642706672861721	-217.57509395381916	-250.28115305711657	-97.11393801731926	-250.28115305711742	154.974068234292	-138.09069241056878	-97.11393801731866	-138.09069241056912	409.05603299919323	
0.4163093340413395	-221.8885700508964	-244.04630563977267	-72.10797406990199	-244.04630563977352	76.84054020255331	-190.39360041631824	-72.10797406990127	-190.39360041631858	385.17244558311285	
0.46834800079650696	-224.29458446200144	-235.97972079361114	-46.58548860532097	-235.97972079361196	-10.367511865585186	-238.23521938093222	-46.58548860532018	-238.23521938093256	353.16601951906057	
0.5203866675516744	-229.4167377283784	-229.33415783773438	-23.585676670645615	-229.33415783773518	-100.48913184718295	-280.076465578467	-23.58567667064477	-280.0764655784674	314.9833865421023	
0.5724253343068418	-240.47880401395346	-226.81709989159938	-5.500899826900174	-226.81709989159998	-187.52205370669037	-314.9392835085769	-5.500899826899364	-314.93928350857726	272.4846777283056	
0.6244640010620093	-258.67935695755705	-230.22821596064443	6.497664808501142	-230.22821596064486	-266.41696840821464	-342.1598573899617	6.497664808501895	-342.159857389962	227.5920384025663	
0.6765026678171767	-282.7171038021998	-240.240728755499	12.753633767694906	-240.24072875549933	-333.01452695357386	-361.0528072793654	12.753633767695545	-361.0528072793657	182.5322488615847	
0.7285413345723442	-309.24458187845386	-256.5791117268002	14.977183829632732	-256.5791117268003	-384.0440876707446	-370.69734386900484	14.977183829633223	-370.69734386900507	139.99375819633138	
0.7805800013275116	-334.2479640631773	-278.4549281267669	15.726333771908461	-278.4549281267667	-417.3874333127641	-370.00719853951836	15.726333771908791	-370.0071985395185	103.01153938022237	
0.832618668082679	-353.83408861715554	-304.9497319706709	17.691883142132184	-304.94973197067054	-432.0272487724959	-358.13222754880854	17.691883142132376	-358.1322275488086	74.53513257681239	
0.8846573348378465	-365.50358845034873	-335.28884691141064	23.007275160725335	-335.28884691141025	-428.0052986476826	-335.0250004667226	23.007275160725403	-335.0250004667227	56.84610158162245	
0.9366960015930139	-368.3392255804837	-368.72444896083505	32.82131175457653	-368.7244489608346	-406.5015888281024	-301.9027597881318	32.82131175457649	-301.9027597881318	50.92145271605994	
0.9887346683481814	-363.3159156918458	-404.45572774430207	47.19984308600061	-404.45572774430156	-369.5147741696661	-261.32316898210263	47.19984308600053	-261.3231689821026	56.12135419440015	
1.0407733351033488	-352.94119156245245	-441.02311776998283	65.30715860781369	-441.02311776998255	-319.36005866192613	-216.8350424941427	65.30715860781355	-216.83504249414258	70.42728095729488	
1.0928120018585163	-340.6452124353333	-476.26065770869553	85.7166027858805	-476.26065770869536	-258.6823129056293	-172.2856717658696	85.71660278588031	-172.28567176586955	91.12578768948623	
1.1448506686136837	-329.57210759920457	-506.9660441604258	106.70036771741937	-506.96604416042567	-189.47938892155622	-131.0142084004571	106.70036771741916	-131.01420840045702	115.84027660941548	
1.196889335368851	-321.68653016266717	-529.3867462116709	126.47649618244988	-529.3867462116712	-113.59605945975231	-95.19695900725534	126.47649618244961	-95.19695900725529	143.38656190241915	
1.2489280021240186	-316.7165506122245	-539.7156065638264	143.3332345656819	-539.7156065638268	-32.31618276877348	-65.679006076263	143.33323456568158	-65.67900607626297	174.0807339319236	
1.300966668879186	-311.988536035229	-534.8424074441302	155.82510999480454	-534.8424074441307	52.926197581466695	-42.22964459345195	155.82510999480417	-42.22964459345195	209.34393284850526	
1.3530053356343534	-303.1629225571633	-513.2651209906923	163.0116447538805	-513.2651209906927	140.61483954030876	-24.07378945076133	163.01164475388012	-24.07378945076137	250.72232728450575	
1.4050440023895208	-285.6791934349025	-475.2800581670417	164.70725037034398	-475.28005816704206	229.1945695587322	-10.520724707295352	164.70725037034362	-10.520724707295425	298.70138580527936	
1.4570826691446883	-256.7389366680738	-423.09318698421805	161.74280821544306	-423.0931869842184	316.7142056195414	-1.228068206802849	161.74280821544272	-1.228068206802959	351.9001174235043	
1.5091213358998559	-216.68588002494562	-360.62885201330045	155.98694960907386	-360.6288520133006	401.3042537518849	3.9629270435576314	155.98694960907352	3.9629270435575146	406.9597179919596	
1.5611600026550232	-169.24580442181374	-292.90865095672916	150.1070395443375	-292.90865095672933	481.4114612777831	5.558170648414414	150.10703954433723	5.5581706484143005	459.2690532231478	
1.6131986694101905	-120.42551429603441	-225.43417126233834	147.02189870397356	-225.43417126233828	555.614722675948	5.0677266801207	147.02189870397336	5.067726680120607	504.17055417091854	
1.665237336165358	-76.26935909023408	-163.95329626695482	149.27457752185236	-163.9532962669547	622.7556821573567	5.394868305203687	149.2745775218522	5.39486830520363	538.2539808529294	
1.7172760029205256	-40.266736021483666	-113.77811447423426	158.52216782554316	-113.778114474234	681.9264114205258	10.63269669821851	158.52216782554308	10.632696698218524	560.2606795313645	
1.769314669675693	-11.953281390435762	-79.26553406567456	175.18774025735172	-79.26553406567425	732.7900019845728	25.26152131928466	175.18774025735166	25.26152131928476	571.4011629011848	
1.8213533364308603	13.569020597634278	-63.08408467295868	198.41179144507487	-63.084084672958284	775.7739520502382	52.84295274364575	198.41179144507493	52.84295274364594	574.894937546174	
1.8733920031860278	43.743420656798065	-65.464304908561	226.18521260532043	-65.46430490856048	812.2851943561473	94.78359533529238	226.18521260532052	94.78359533529266	575.0680757625106	
1.9254306699411954	86.15039894800877	-83.88079342673225	255.582298261263	-83.88079342673167	844.287799285255	149.54032266218618	255.58229826126308	149.5403226621866	576.1754414337676	
1.9774693366963627	145.16161739924118	-113.11848456182243	283.05252213062704	-113.11848456182179	873.4043899947666	212.58343577061828	283.05252213062727	212.58343577061873	581.2808067172685	
2.02950800345153	219.8674025184706	-146.5235087513229	304.8252145197082	-146.5235087513222	899.8508054839269	277.2897586813406	304.8252145197085	277.28975868134114	591.4389307393174	
2.0815466702066976	303.86791645070025	-177.53061362664974	317.4366942187479	-177.530613626649	922.017374485333	336.27891957878035	317.43669421874824	336.2789195787809	605.3952645508961	
2.133585336961865	386.4245281220048	-201.5423227133337	318.3501212605595	-201.54232271333302	936.3509845035754	382.94970243459306	318.35012126055983	382.94970243459363	619.9188632088867	
2.1856240037170327	455.91361043547687	-216.95163895999434	306.53097906719563	-216.9516389599937	938.534593031043	412.6823334230229	306.5309790671961	412.68233342302347	630.7044334941972	
2.2376626704722	503.0047795063124	-225.2699233879617	282.81551441797245	-225.2699233879611	925.1135104885079	423.42411751375687	282.8155144179728	423.4241175137573	633.6940072150148	
2.2897013372273674	523.2790902086244	-229.66328034048087	249.91382643934935	-229.66328034048036	894.8594340703801	415.62494566587907	249.91382643934963	415.6249456658794	626.4029220013365	
2.341740003982535	517.9815560756184	-233.05045307901867	211.97701920069233	-233.0504530790182	849.299277314962	391.567109219585	211.97701920069252	391.56710921958535	608.8120032064783	
2.393778670737702	493.13138409124053	-236.42665273436438	173.70970789329004	-236.42665273436404	792.5003571313773	354.41250754466057	173.70970789329027	354.41250754466097	583.602995705886	
2.4458173374928696	457.2198677403739	-238.08163976982726	139.32684862278697	-238.08163976982706	729.2783958006922	307.293027934132	139.32684862278717	307.2930279341323	555.5583873328474	
2.497856004248037	419.2761273019164	-234.29762470947435	111.6431764356838	-234.29762470947423	663.9868788850501	252.69045939629325	111.64317643568397	252.69045939629353	530.3535964085276	
2.5498946710032047	386.8633735708331	-220.96351488874012	91.45368491469146	-220.96351488874006	599.1619746864905	192.26437091223585	91.45368491469162	192.26437091223607	513.1691146182351	
2.601933337758372	365.7746234148103	-195.70521598601155	77.52368313227427	-195.70521598601158	535.5405713107997	127.21170038848881	77.52368313227439	127.21170038848904	507.4560954882706	
2.6539720045135393	359.7128502023237	-159.26642289751504	67.03248271603755	-159.26642289751507	473.09273167158295	58.95529149828047	67.03248271603766	58.95529149828066	514.3123897279054	
2.706010671268707	370.78685797060837	-115.62400115682048	56.505051604584125	-115.62400115682048	412.50091998046474	-10.062430502379094	56.50505160458418	-10.06243050237891	532.3706887679006	
2.7580493380238744	398.98924235246204	-71.10140882909485	42.82940569198146	-71.10140882909488	356.14941867170995	-75.73090829116828	42.8294056919815	-75.73090829116813	558.0651102125469	
2.8100880047790415	442.10705863838496	-32.37463148687131	24.06793285604675	-32.374631486871266	308.4400781945561	-132.35499583935837	24.067932856046767	-132.35499583935828	586.2007738225807	
2.862126671534209	495.1626091826179	-4.6419445346204995	-0.08793472780079004	-4.641944534620471	274.4811433607896	-173.59511092908247	-0.08793472780080291	-173.59511092908235	610.5927402387038	
2.9141653382893766	551.0527813023409	9.818135679837802	-28.364833903451277	9.818135679837916	258.58952729739786	-194.0875539057921	-28.36483390345131	-194.08755390579205	624.8059171278844	
2.966204005044544	601.4499183209687	11.99784675459704	-58.27241086870734	11.997846754597171	262.02209337824524	-191.15834638716993	-58.272410868707354	-191.15834638716984	623.0410295230089	
3.0182426717997117	638.0661457688043	5.6831991790424	-86.74904681125571	5.683199179042529	282.0219748772634	-166.1200840684746	-86.74904681125571	-166.12008406847454	601.1456704167341	
3.070281338554879	654.0742972970021	-3.6523374080068614	-110.76110604759926	-3.652337408006721	311.5667845746896	-124.38366551463639	-110.76110604759923	-124.38366551463633	557.5124236258375	
3.1223200053100464	644.530329662253	-10.548825885824805	-127.84347014743255	-10.548825885824677	340.98744472509634	-74.20326996912209	-127.8434701474325	-74.20326996912203	493.65839801005217	
3.174358672065214	606.6254600190824	-10.69522983731818	-136.49199327138786	-10.695229837318074	360.1389805097972	-24.5900721079053	-136.49199327138777	-24.59007210790527	414.20283778468706	
3.226397338820381	539.5863493614946	-1.8297253356053034	-136.35642350610408	-1.8297253356052217	360.55871277837826	16.959568272781453	-136.35642350610397	16.959568272781482	326.2306065799154	
3.2784360055755486	444.81986715147605	15.860891355914587	-128.2897543497315	15.86089135591463	337.34963704956374	46.114128077450594	-128.28975434973137	46.11412807745066	238.04247616654888	
3.330474672330716	326.4712848280225	40.03985061206947	-114.1665731079982	40.0398506120695	289.7288544126185	62.15257627477136	-114.16657310799806	62.15257627477141	157.74613207144156	
3.3825133390858837	192.23804498176065	66.97090566176236	-96.61918759682983	66.97090566176242	221.25796965311662	67.33768404110407	-96.61918759682968	67.33768404110414	91.96235543897345	
3.4345520058410512	53.42626089973072	92.28103856479288	-78.62854131716985	92.28103856479294	138.6929448638213	65.5833102687253	-78.62854131716972	65.58331026872538	44.94828740430659	
3.4865906725962184	-75.62525003845354	111.92617020014018	-63.05892851329317	111.92617020014023	50.963951494012335	61.01979258588735	-63.058928513293026	61.019792585887416	18.24359816985126	
3.538629339351386	-179.69287508597534	122.92247358056238	-52.190844740114144	122.92247358056247	-32.03131174346911	57.11306824641417	-52.19084474011402	57.11306824641426	10.934222214705883	
3.5906680061065535	-245.56678659604108	123.92912730577595	-47.358084122923515	123.92912730577606	-100.83700097704707	56.20693404691626	-47.35808412292341	56.20693404691634	20.17638954390764	
3.6427066728617206	-265.30797083948323	115.41174900553409	-48.608151755648215	115.41174900553418	-147.81043726689273	59.62903814076093	-48.608151755648166	59.62903814076101	41.93740935811985	
3.694745339616888	-238.02909999425626	99.38103775657973	-54.50079935185225	99.38103775657986	-168.30981755018905	67.91955815336489	-54.500799351852194	67.91955815336496	71.6551383106581	
3.7467840063720557	-170.61025049776745	78.96162414598234	-62.12695193557856	78.96162414598244	-161.774776217336	80.97886856730523	-62.126951935578546	80.97886856730531	104.81656753280484	
3.798822673127223	-75.87840247648879	57.49609228762594	-67.45567641753593	57.496092287626	-132.20233424792414	98.18763572916716	-67.45567641753593	98.18763572916723	137.40590564873787	
3.8508613398823908	30.48570693809397	37.908777976320195	-66.06211121308179	37.90877797632024	-87.46638107516051	118.39758938708403	-66.06211121308178	118.39758938708408	166.08981975385996	
3.902900006637558	133.81495231042942	22.168858107136423	-54.29318601740488	22.16885810713644	-37.96219685600246	140.09332598552612	-54.29318601740484	140.09332598552618	188.2449185693655	
3.9549386733927254	223.47577524694668	10.955056630977012	-30.487399101377733	10.955056630976983	5.591045732012148	161.63490906534594	-30.487399101377676	161.63490906534594	201.81246710726393	
4.006977340147893	294.9843081327248	3.6983357521066154	4.052290208838087	3.698335752106569	34.472246588791705	181.61422564702116	4.052290208838137	181.61422564702121	205.24021316014338	
4.05901600690306	349.84730701074204	-1.1792107530362301	44.923294119739985	-1.1792107530363083	43.63409704486462	199.2446048920179	44.92329411974004	199.24460489201795	197.62157933166455	
4.111054673658228	394.2230271273105	-5.816156492888968	85.41076585624435	-5.81615649288905	32.6508221650759	214.50107827841225	85.41076585624442	214.5010782784123	178.99101019775145	
4.163093340413395	436.2853630535229	-12.41126580366249	118.09475927025775	-12.411265803662584	5.391824993005585	228.04272256704905	118.09475927025784	228.04272256704908	151.0295829377331	
4.215132007168562	483.31182446507563	-22.58497743713592	136.70477571702435	-22.58497743713602	-31.420364579673745	240.90253495222368	136.70477571702446	240.90253495222373	117.61323573186152	
4.26717067392373	540.035874812825	-36.97968272143182	137.66876037164383	-36.97968272143193	-70.03918057550862	254.00711581844652	137.6687603716439	254.0071158184466	84.79506698045972	
4.319209340678897	606.983111031897	-54.484963040075414	120.70103619582957	-54.4849630400755	-103.77459962599806	267.6896833604431	120.70103619582966	267.68968336044327	60.06898012811609	
4.371248007434065	681.2606396526127	-72.24268924596782	88.49889280563565	-72.24268924596794	-127.69240819824725	281.3628777148796	88.49889280563576	281.36287771487974	50.83595525899679	
4.4232866741892325	757.8297150467657	-86.04926310078525	45.53871570605534	-86.04926310078531	-139.18754162911947	293.44028158168805	45.53871570605543	293.4402815816882	62.72202086960286	
4.4753253409444	831.0731060195576	-90.98277078701572	-3.224559488752572	-90.98277078701577	-137.0918791747879	301.4806155635446	-3.224559488752499	301.4806155635448	98.3791683639585	
4.527364007699568	896.7072704711459	-82.76095954923677	-53.432552847085574	-82.7609595492368	-120.84618772879948	302.76627122681737	-53.43255284708553	302.76627122681765	157.2058384691812	
4.579402674454735	952.1010258960323	-59.06113092420314	-101.82736874924869	-59.06113092420313	-90.03098896381402	295.01929706969975	-101.82736874924865	295.0192970696999	235.93425083704363	
4.631441341209902	996.4269773210281	-20.424779804102577	-146.2083633318431	-20.424779804102553	-44.4689149430145	277.0595695583134	-146.2083633318431	277.05956955831357	329.6385075239717	
4.68348000796507	1029.5114317265593	29.285391722791783	-185.03917767911798	29.28539172279185	14.931502778947035	249.22443848384322	-185.03917767911798	249.22443848384336	432.3978929818522	
4.735518674720237	1051.0838210683926	83.38986693048295	-217.04491831926146	83.38986693048304	85.08322579294482	213.51337633200822	-217.04491831926146	213.51337633200836	537.3599160031259	
4.787557341475404	1059.9002929721855	133.57190752290222	-241.0633085216907	133.57190752290225	160.4408110900797	173.2816977351001	-241.0633085216906	173.28169773510024	636.5151010508589	
4.839596008230572	1054.151432079974	171.87242458055414	-256.11656960056825	171.87242458055417	233.7304927700129	132.66448681840217	-256.11656960056814	132.66448681840228	720.7142986905442	
4.891634674985739	1032.3781544034896	192.6182116149177	-261.69350884764816	192.61821161491775	297.60043135900145	95.98253458032602	-261.693508847648	95.9825345803261	780.5181445091596	
4.943673341740907	994.4949460507465	193.9146795409819	-257.98696914258625	193.91467954098204	347.3121732942724	67.20268886119835	-257.98696914258596	67.20268886119845	807.9449050817459	
4.995712008496074	942.444332860201	178.2933503306267	-245.9378384730058	178.29335033062677	382.3614746976007	49.516640363866934	-245.9378384730055	49.51664036386703	798.6155340301124	
5.047750675251241	880.317376625534	152.0418116416442	-227.10055514004858	152.04181164164424	407.5554110008154	45.07144275531215	-227.1005551400482	45.071442755312226	753.3262066964917	
5.099789342006409	813.1180608987601	123.64213944216355	-203.29586320533394	123.64213944216365	431.99087727293545	54.712415861618666	-203.29586320533352	54.712415861618716	678.3577768686821	
5.151828008761576	745.6799539589197	101.22055788688611	-176.26181207421578	101.22055788688625	466.4663440716073	77.85860603315965	-176.2618120742153	77.8586060331597	584.2916806913884	
5.203866675516744	680.8329394791815	90.69325987914524	-147.39254796226447	90.69325987914536	520.1563093713528	112.41981805821456	-147.39254796226405	112.41981805821459	483.68637059293286	
5.2559053422719115	618.9000840479015	94.22989724446205	-117.75573347924058	94.22989724446215	597.5346583947877	154.75415898360592	-117.75573347924019	154.75415898360586	388.3506739066737	
5.307944009027079	556.9865852856099	110.54336258826075	-88.16883377636485	110.54336258826083	695.934959862856	199.91366371129834	-88.16883377636458	199.9136637112983	307.00129801231066	
5.359982675782247	489.87129180695877	135.76988629375137	-59.3401984653032	135.76988629375145	805.9536200319533	242.0038024171735	-59.340198465303075	242.00380241717343	243.844573634931	
5.412021342537414	410.9024024716949	165.57326449554688	-31.919448401810072	165.5732644955469	912.6465165771774	274.8605001829528	-31.919448401810115	274.8605001829528	198.3784381799521	
5.464060009292581	313.78844156796106	196.63570342226924	-6.447308007184564	196.6357034222692	998.8950365823753	292.90249200922875	-6.447308007184775	292.9024920092287	166.27325470640938	
5.516098676047749	194.2915800423062	227.6364166450673	16.720021588056113	227.63641664506713	1049.0437308221706	292.14335245159464	16.720021588055744	292.1433524515947	141.04528780674946	
5.568137342802916	51.801142151939715	258.9410545260339	37.41821848400118	258.9410545260337	1051.9630055312505	271.0904111632422	37.418218484000676	271.0904111632423	116.16514887394189	
5.620176009558083	-109.62328299718624	291.43222797132705	55.70184872408361	291.4322279713267	1003.1065452349387	231.1916792198879	55.701848724083014	231.1916792198881	86.91935322178416	
5.672214676313251	-280.69988379818477	325.23925063072045	71.77420449325734	325.23925063072	905.0916748285335	176.71037711187154	71.77420449325668	176.71037711187182	51.64418549573633	
5.724253343068418	-448.5910341207549	358.49701546104734	85.96908375457116	358.49701546104683	766.3992800095866	113.8491084763415	85.96908375457045	113.84910847634187	11.972338382308115	
5.776292009823586	-598.3739670347443	387.31548846676264	98.71166278811981	387.3154884667622	599.5079324872338	49.39874559039274	98.71166278811914	49.3987455903932	-27.858857762060715	
5.828330676578753	-716.5257619406989	406.5482048087675	110.49383533746017	406.548204808767	418.03066479858387	-10.635629606900181	110.4938353374595	-10.635629606899712	-62.3830221238499	
5.88036934333392	-793.4251628874374	411.3841754679411	121.77791755253098	411.38417546794057	234.7533302338652	-62.101189054079285	121.77791755253041	-62.101189054078816	-86.6344871219224	
5.932408010089088	-825.5898069981629	398.7941900091652	132.88147765039676	398.79419000916465	60.11983620526398	-103.04109231464196	132.8814776503963	-103.04109231464156	-97.4659521470733	
5.9844466768442555	-816.4214555587309	368.7301465381057	143.7597205917148	368.73014653810515	-98.34161960588774	-133.25870753157443	143.75972059171448	-133.25870753157412	-94.23519115575805	
6.0364853435994235	-774.6681058746517	323.91517529733187	153.80911241681272	323.9151752973312	-235.386110858076	-153.5194338035666	153.80911241681258	-153.51943380356647	-78.73639325630539	
6.088524010354591	-712.8234183613329	269.4472572488689	161.71006485803048	269.44725724886825	-347.9586596103958	-164.6881484801347	161.71006485803045	-164.6881484801347	-54.43646804351517	
6.140562677109758	-644.0554343383576	211.43127856614848	165.48060440213544	211.43127856614797	-433.8156263058129	-167.2600664334122	165.48060440213553	-167.26006643341236	-25.41851036133686	
6.192601343864926	-580.1049852748208	155.42583476108885	162.73111809465064	155.4258347610884	-491.74268758757876	-161.38151064343646	162.7311180946508	-161.38151064343668	4.65871822394557	
6.244640010620093	-529.8165579557782	105.52562298779438	151.222664773753	105.52562298779401	-521.1647874074159	-147.33343547687582	151.22266477375325	-147.3334354768761	33.21609055932862	
6.29667867737526	-498.3375876996164	63.618853975326964	129.4692787838316	63.61885397532663	-522.7785369349133	-126.0482036430468	129.4692787838319	-126.04820364304709	58.990814748215165	
6.348717344130428	-487.4663633130286	29.375670411842584	97.3028172775548	29.375670411842357	-498.9811597902957	-99.4368427991178	97.30281727755512	-99.43684279911803	81.80772971354307	
6.400756010885595	-495.79216871878134	0.7468304492954019	56.15612621965418	0.746830449295274	-454.1529595311629	-70.31608132906156	56.15612621965452	-70.31608132906167	102.11931256298675	
6.452794677640762	-519.3049204589903	-25.443364406874736	8.952518247330826	-25.443364406874792	-394.15926859960183	-41.995260107114646	8.952518247331172	-41.995260107114646	120.50894553092955	
6.50483334439593	-551.7806949873598	-52.492371429586214	-40.36317519996567	-52.49237142958616	-326.06653989180086	-17.618441933556216	-40.3631751999653	-17.618441933556138	137.3002184862408	
6.556872011151097	-585.6953848067583	-83.20028475330199	-87.52159971127985	-83.20028475330179	-256.87812539684137	0.48537958564927663	-87.52159971127949	0.48537958564941874	152.34645637673893	
6.608910677906265	-613.1116896125013	-119.07847937451662	-128.66443982353454	-119.0784793745163	-192.70315837106907	11.211760394872769	-128.6644398235342	11.211760394872911	165.0095836047928	
6.660949344661432	-626.8358112582721	-159.89643223489927	-160.86394379816423	-159.8964322348988	-138.3680721716721	14.817506872703618	-160.86394379816392	14.817506872703673	174.32042471152994	
6.712988011416599	-621.7307724410758	-203.67281699346026	-182.3850124005806	-203.6728169934597	-97.01430940939895	12.731565550091917	-182.38501240058037	12.731565550091837	179.1847077307526	
6.765026678171767	-595.4638810737343	-247.05614705280578	-192.66452204150897	-247.0561470528052	-70.38831852166076	7.140270109348586	-192.66452204150883	7.1402701093483465	178.71065315622164	
6.8170653449269345	-548.6130836922629	-286.26978606174544	-192.15556404867755	-286.26978606174475	-58.73239482256827	0.45820820309237753	-192.1555640486775	0.45820820309196897	172.49271426381145	
6.8691040116821025	-484.32627553488965	-317.77865532609445	-182.11798287546964	-317.7786553260938	-60.868820551399466	-5.181626431801305	-182.11798287546972	-5.181626431801853	160.82243267562612	
6.92114267843727	-407.4654743996558	-339.5698384357021	-164.43135396610248	-339.5698384357016	-74.0210158861521	-8.305250660368417	-164.43135396610268	-8.30525066036905	144.73725456955466	
6.973181345192437	-323.45590425228977	-351.13606527239773	-141.3681950724382	-351.1360652723974	-93.87779495021329	-8.257749109376444	-141.36819507243845	-8.257749109377102	125.86396624815417	
7.025220011947605	-237.40287977654492	-353.7037400825946	-115.42612284346038	-353.70374008259455	-114.62320437513014	-5.159210074616732	-115.42612284346063	-5.159210074617347	106.1332867641751	
7.077258678702772	-153.55177588918428	-349.149381049143	-89.14120797681956	-349.1493810491432	-130.03052709556056	0.3228393154374132	-89.14120797681976	0.32283931543688027	87.40664621284812	
7.129297345457939	-75.17032067328543	-339.37968718215785	-64.87239969461561	-339.3796871821583	-134.39680354386024	7.2759371092905685	-64.87239969461568	7.27593710929016	71.1276739684935	
7.181336012213107	-4.973770678203863	-325.19175157829676	-44.62051667713402	-325.1917515782974	-124.17775878410093	14.872374189360892	-44.62051667713394	14.872374189360624	58.09877896104599	
7.233374678968274	54.34583335000423	-306.32365133669254	-29.91538196845905	-306.3236513366934	-99.5369622719484	22.529811076883913	-29.91538196845881	22.529811076883767	48.407458584166115	
7.285413345723441	99.97428922228221	-281.50425652372087	-21.733692875030222	-281.5042565237219	-64.34108135164342	29.979455895711382	-21.733692875029803	29.979455895711347	41.53344255009836	
7.337452012478609	128.68905413461945	-249.41719187538735	-20.49715151695415	-249.41719187538837	-26.130600718652943	37.217857128715224	-20.497151516953597	37.21785712871528	36.563718453452424	
7.389490679233776	137.68548816805446	-209.7745665774811	-26.102546435381417	-209.77456657748223	6.088748791768841	44.33579149374723	-26.102546435380738	44.335791493747344	32.416584999375836	
7.441529345988944	125.72459343033347	-163.82732765295475	-37.98286784134274	-163.82732765295583	24.056144189237415	51.361088815792705	-37.98286784134199	51.36108881579285	28.072633713701798	
7.493568012744111	93.6943624128104	-114.66751892194708	-55.14823592798798	-114.66751892194813	22.70305447511187	58.11883507420986	-55.14823592798719	58.118835074210004	22.721998984447712	
7.545606679499278	45.456642949058846	-66.50650032241516	-76.27312774136104	-66.50650032241619	1.792688435510975	64.22851110590804	-76.27312774136024	64.22851110590815	15.882569023571874	
7.597645346254446	-12.847512349044678	-23.834403889689078	-99.82856578569884	-23.834403889689916	-34.033251975044436	69.25786474799915	-99.82856578569806	69.25786474799924	7.468270865380922	
7.6496840130096135	-73.97641735935406	9.752438245803035	-124.21303721248785	9.752438245802352	-76.45990023078645	72.97337686789872	-124.21303721248718	72.97337686789875	-2.1789898045735336	
7.7017226797647815	-131.05384592624495	32.10585949795747	-147.86773797924766	32.10585949795697	-115.6058687598463	75.58154382967604	-147.86773797924712	75.58154382967604	-12.24214117819193	
7.753761346519949	-179.1600583675581	42.891376530456384	-169.36831614197945	42.89137653045606	-142.60909662947833	77.88782625154408	-169.36831614197908	77.88782625154404	-21.426850141181045	
7.805800013275116	-215.58615977107746	43.118899412824476	-187.4425012058773	43.11889941282426	-151.49709372206843	81.2066929978622	-187.4425012058771	81.20669299786215	-28.07323099381199	
7.857838680030284	-239.6084527187151	34.83994904093795	-200.9502359209535	34.83994904093785	-140.10483742353284	87.07757367521828	-200.95023592095353	87.0775736752182	-30.376806038269926	
7.909877346785451	-251.4858343703793	20.43403728922165	-208.94525038567332	20.434037289221664	-110.05786585472478	96.86234565865622	-208.94525038567355	96.86234565865615	-26.76937769033171	
7.961916013540618	-251.67866710826695	2.3923764375138887	-210.7809572306981	2.3923764375138887	-66.17353537300644	111.31041795927725	-210.78095723069853	111.31041795927717	-16.3318637436983	
8.013954680295786	-240.46040107708018	-16.906811526763704	-206.28602355601498	-16.906811526763732	-15.017520525098064	130.24702273597356	-206.28602355601555	130.24702273597353	0.897449135233856	
8.065993347050954	-218.20113065845834	-35.409954246164475	-195.9853747775669	-35.40995424616469	36.312205871897504	152.49656607240183	-195.98537477756747	152.49656607240172	23.877332901944058	
8.11803201380612	-186.0996300819437	-51.56097486909501	-181.21307044961154	-51.560974869095354	81.921650038302	176.00502243152448	-181.21307044961216	176.0050224315244	50.89304455811255	
8.170070680561288	-146.9069815100846	-64.6029016054633	-164.043443033003	-64.60290160546377	117.8040285619931	198.16362049979378	-164.0434430330035	198.1636204997936	80.12251658575626	
8.222109347316456	-105.00016909558641	-74.8330008514282	-147.02628681266495	-74.8330008514288	143.03304754548662	216.22705583635747	-147.0262868126653	216.2270558363573	110.28605944427082	
8.274148014071622	-65.86612742247551	-83.55979619941702	-132.70703647181236	-83.5597961994177	159.6197269544229	227.77135561829326	-132.70703647181253	227.77135561829311	141.07314772228747	
8.32618668082679	-35.15419581445752	-92.72546208897124	-123.1043026635237	-92.72546208897197	171.60094222658893	231.05122871702812	-123.10430266352371	231.05122871702795	173.09417876827092	
8.378225347581958	-17.36975144185326	-104.45485649391824	-119.26000615654745	-104.45485649391895	183.96108681619148	225.1995754513182	-119.26000615654733	225.19957545131803	207.36397133406646	
8.430264014337125	-14.84511665953886	-120.30169226155508	-120.98509593805704	-120.30169226155571	200.5546025924416	210.18998712350344	-120.9850959380568	210.18998712350333	244.53682600587	
