# Stress in units of bar (10^5 Pa)
# z	Sxx	Sxy	Sxz	Syx	Syy	Syz	Szx	Szy	Szz
0.0	87.18816825047412	-80.35460355876117	-105.8962386271574	-80.3546035587614	28.293285109411073	207.91001318745492	-105.8962386271565	207.91001318745535	204.9984541172553	
0.05203866675516744	3.3574852750240893	-147.21490814267247	-148.07209945337138	-147.2149081426723	181.97707645738205	159.22377775976418	-148.07209945337104	159.22377775976452	313.72764904680383	
0.10407733351033488	-79.10671853271992	-207.96536635985274	-184.5001449270601	-207.96536635985245	369.73661031118183	132.14489982533183	-184.5001449270602	132.14489982533183	433.316548203681	
0.15611600026550232	-146.85085951477458	-252.77164937660183	-204.26432308783313	-252.77164937660174	508.69841759303597	116.37051959568592	-204.26432308783342	116.37051959568544	523.6457294875396	
0.20815466702066976	-212.91162487588232	-292.7563576140698	-205.660634712884	-292.7563576140701	557.7222041871388	88.6937358147844	-205.66063471288425	88.69373581478368	560.121443315007	
0.2601933337758372	-295.6605661421474	-334.8664422020835	-195.8878183398307	-334.86644220208433	511.51014710760074	30.017248598101773	-195.88781833983077	30.0172485981011	544.1268576862293	
0.31223200053100464	-374.2527732028592	-360.00298398109743	-180.45710407554373	-360.0029839810988	387.557354281685	-61.62966390665168	-180.4571040755435	-61.62966390665207	497.76025641534943	
0.3642706672861721	-386.0303538160699	-338.2925721822497	-154.13254516778952	-338.2925721822513	228.90067600275282	-168.87362187757105	-154.13254516778895	-168.87362187757117	447.46200521519023	
0.4163093340413395	-291.279010834131	-266.5452302776473	-104.98209604267885	-266.5452302776488	84.76230095393703	-264.0560786017528	-104.98209604267788	-264.0560786017529	407.39937092196715	
0.46834800079650696	-135.8899183566667	-182.72216463720366	-29.836557942171325	-182.72216463720477	-28.667837778687215	-324.78068819029227	-29.83655794216997	-324.7806881902925	374.7660676381135	
0.5203866675516744	-29.355384825393536	-136.0127357908943	52.79170436836169	-136.0127357908951	-130.46304238353196	-346.89499227982105	52.7917043683633	-346.8949922798216	339.63451006208624	
0.5724253343068418	-48.98248406273058	-142.6781624509387	108.39744697202747	-142.67816245093945	-237.50424785460845	-346.405016606627	108.39744697202909	-346.40501660662767	297.29001937311716	
0.6244640010620093	-171.6904436019666	-177.3980116118023	111.29690215025008	-177.3980116118031	-344.73759451470954	-348.58642790319965	111.29690215025136	-348.58642790320016	249.56782471621182	
0.6765026678171767	-306.6669063906585	-209.12921360682776	66.55206255234441	-209.1292136068285	-439.491048253933	-371.4827607671501	66.55206255234522	-371.48276076715035	196.83924603656345	
0.7285413345723442	-387.28600149034264	-232.62742931203675	6.0290009169387915	-232.62742931203718	-515.145690992987	-414.8891256182705	6.029000916939181	-414.8891256182705	134.04665264223226	
0.7805800013275116	-415.2927783809944	-260.3485571511256	-37.177343892041044	-260.3485571511254	-566.192868497987	-460.9621381416824	-37.177343892040895	-460.96213814168243	57.59727080415753	
0.832618668082679	-423.47495084276846	-296.1681262969299	-49.450684985321786	-296.1681262969292	-580.5654279968569	-484.4534583489863	-49.45068498532183	-484.45345834898654	-23.819725308252814	
0.8846573348378465	-432.4704113591447	-329.85372873968964	-36.277991136275595	-329.85372873968834	-553.6997295190039	-465.7244968531367	-36.27799113627583	-465.724496853137	-86.35900453373415	
0.9366960015930139	-445.36852634149045	-353.71981369962884	-9.557136100000504	-353.7198136996273	-503.563903185941	-399.9432771100985	-9.557136100000935	-399.9432771100986	-101.78906484426419	
0.9887346683481814	-449.26174853830986	-374.35146886193803	22.269280236088665	-374.35146886193655	-448.7928441381544	-299.1777532669176	22.269280236088207	-299.1777532669174	-56.41829794757815	
1.0407733351033488	-416.52685407480743	-404.69846152250955	56.22059494391334	-404.69846152250847	-380.7255276019222	-187.62631968054748	56.220594943913085	-187.62631968054714	35.77710789165922	
1.0928120018585163	-334.3286511585698	-453.4717280365342	90.90775166285994	-453.47172803653365	-285.8578283864165	-92.16378259347566	90.90775166285997	-92.16378259347533	137.13345817522935	
1.1448506686136837	-234.70011595367475	-524.9707094721093	121.72777990202776	-524.9707094721093	-186.067052044054	-31.611313248926173	121.727779902028	-31.61131324892592	205.4445575971236	
1.196889335368851	-173.81715324831606	-614.8074129563895	143.10294145420264	-614.8074129563902	-119.21772405247083	-9.864425175851558	143.10294145420275	-9.864425175851373	215.91683752222843	
1.2489280021240186	-184.69880273799282	-696.4092493634564	158.07472543014015	-696.4092493634575	-80.3161696242449	-16.732151464004676	158.07472543013992	-16.732151464004563	174.55097114524722	
1.300966668879186	-266.00934426301825	-725.6231951612948	180.1301275436314	-725.6231951612958	-20.674812309475058	-34.45049043360927	180.13012754363078	-34.4504904336093	117.55955919512397	
1.3530053356343534	-393.8212552885751	-678.8234569531655	216.40961316337064	-678.8234569531668	92.75172361023888	-44.635947261537765	216.40961316336973	-44.63594726153795	95.42306744939673	
1.4050440023895208	-514.5499386573006	-581.4576218831095	249.0937312878881	-581.4576218831103	244.52327971228758	-33.663968011827585	249.09373128788715	-33.66396801182785	146.4263999218607	
1.4570826691446883	-545.2618618249169	-479.255270452677	244.00348836174746	-479.25527045267734	391.4603721711692	2.358715247011393	244.00348836174678	2.3587152470111903	273.1181537955723	
1.5091213358998559	-427.95089732257685	-387.82760341481696	185.92082687690788	-387.82760341481696	491.84899657383664	53.37232773770612	185.9208268769075	53.37232773770604	437.69137874392754	
1.5611600026550232	-195.6020221528667	-291.87116496142755	102.55498318204663	-291.8711649614272	528.8027268456126	95.0319362477222	102.55498318204656	95.03193624772214	583.2228844662374	
1.6131986694101905	40.22578845075287	-187.02274824248457	46.13970058886804	-187.022748242484	536.1919377597918	96.85276952184088	46.13970058886814	96.85276952184071	668.9023088601689	
1.665237336165358	181.1275531986185	-92.30061092898248	48.18916690298847	-92.30061092898192	589.6326974657605	40.86513402985377	48.1891669029886	40.86513402985345	691.4504117788554	
1.7172760029205256	205.85133848438159	-18.23122345786203	94.14866744064207	-18.23122345786163	727.6377778773314	-57.24654235184379	94.14866744064209	-57.24654235184418	674.0801531279844	
1.769314669675693	144.50245262107114	49.69172806885166	143.87555160564375	49.69172806885186	885.6684581082498	-145.92989912905364	143.87555160564358	-145.92989912905387	638.507433485096	
1.8213533364308603	25.623520558396592	119.7916565268639	173.9128314807534	119.79165652686399	950.05399401042	-167.90380247898082	173.9128314807531	-167.90380247898082	592.3785573247111	
1.8733920031860278	-123.01811315231294	159.8385276674176	195.53514959969516	159.83852766741774	885.9240338505507	-100.43339919765099	195.53514959969496	-100.43339919765071	539.9310331312531	
1.9254306699411954	-240.26219484195153	115.05653895946881	234.07672505730162	115.0565389594692	780.0668560996766	34.18973912400948	234.07672505730162	34.18973912400998	494.2178663224213	
1.9774693366963627	-238.91717467785892	-33.152024608691505	298.4531723121513	-33.15202460869072	743.9635824653428	194.89595731535672	298.45317231215165	194.89595731535746	473.8360258521276	
2.02950800345153	-65.1136668818146	-234.9303007550925	372.96133674038254	-234.9303007550913	803.431216636899	350.84977035327313	372.9613367403831	350.849770353274	491.0583486883047	
2.0815466702066976	250.50547168822158	-401.1064213974402	432.375650950165	-401.1064213974387	908.9644670637092	485.0962898409607	432.37565095016555	485.0962898409616	546.4443061487883	
2.133585336961865	600.2639799515832	-457.953063277475	458.4142940084474	-457.9530632774734	1021.6634728962704	580.9285386708741	458.41429400844805	580.9285386708749	630.4361901507879	
2.1856240037170327	859.1629187203138	-384.69023182788084	443.47534796760243	-384.6902318278797	1130.9724588611632	617.5768130240087	443.47534796760294	617.5768130240094	723.0086410631701	
2.2376626704722	948.7083969430457	-226.74474369358992	388.5296605639895	-226.74474369358916	1197.0753462534021	586.910005466608	388.52966056398986	586.9100054666087	793.3449419924281	
2.2897013372273674	864.743272005077	-78.51405095926475	303.49198315138204	-78.5140509592643	1150.916203766693	511.1604888439713	303.4919831513822	511.16048884397173	809.339289571695	
2.341740003982535	665.0969954082512	-26.65012302472047	204.75144377614782	-26.650123024720216	977.2824460388133	431.7045807497203	204.75144377614797	431.7045807497208	754.294099040462	
2.393778670737702	440.38309923810675	-95.67641057145299	108.26175763230648	-95.67641057145275	751.7667494884777	373.70142910451005	108.26175763230663	373.7014291045102	637.8834256411967	
2.4458173374928696	284.1603070848046	-246.04473629095804	28.460610760189773	-246.04473629095787	576.4618248756003	327.50246201605734	28.46061076018994	327.5024620160574	496.02198266955486	
2.497856004248037	254.68215185786062	-403.689489408041	-17.43162940347103	-403.68948940804097	505.913217048768	270.07129372619863	-17.431629403470883	270.07129372619875	380.4952604635443	
2.5498946710032047	327.5507927394058	-487.4281212456451	-14.63824354053412	-487.42812124564523	528.0699649444425	199.71381859731065	-14.638243540533942	199.71381859731088	335.2758732548509	
2.601933337758372	392.41410875649956	-444.92482736720183	33.44948956971196	-444.9248273672019	583.2066085272197	140.0355164391193	33.449489569712114	140.03551643911962	366.768682070094	
2.6539720045135393	346.1626841183031	-289.8332229654113	98.72447511415395	-289.83322296541144	601.2502542825179	106.02828288497494	98.7244751141541	106.02828288497527	437.04978759601374	
2.706010671268707	208.7292170746827	-93.93629791459705	143.01171388382667	-93.93629791459716	541.9732905616395	72.3521946349334	143.0117138838268	72.35219463493362	497.3577558604766	
2.7580493380238744	116.89667216451892	67.48905834059815	142.52123368616967	67.48905834059809	405.3066498010429	-12.952112714570859	142.52123368616975	-12.952112714570703	532.4476829355375	
2.8100880047790415	189.07246032992637	158.60682978421522	101.1073747178701	158.60682978421522	220.13533726634523	-174.985457403652	101.10737471787003	-174.98545740365188	568.4897783650373	
2.862126671534209	413.2803503764939	183.0250015709799	41.27521689470554	183.02500157097998	40.978336468854565	-373.67070096538737	41.27521689470535	-373.6707009653873	636.5880300475308	
2.9141653382893766	668.4461747968901	160.20675404888675	-17.863376831000473	160.20675404888698	-60.63965211664856	-522.4853530241132	-17.863376831000693	-522.4853530241132	732.86988727417	
2.966204005044544	834.826269142929	103.74756358504482	-73.25626507397047	103.74756358504517	-32.601720211478664	-545.5354710715288	-73.25626507397064	-545.5354710715288	816.6429367354347	
3.0182426717997117	876.8977748686276	19.761908771170162	-128.55767812251014	19.761908771170567	117.15033027825805	-422.5944954700742	-128.5576781225102	-422.5944954700742	843.1415645346204	
3.070281338554879	838.4910537141694	-73.95518567991292	-177.90659514323994	-73.95518567991256	322.5635221622845	-196.87794892069576	-177.90659514323988	-196.87794892069573	792.2225966664058	
3.1223200053100464	782.7758814724195	-140.68167308352847	-207.90556879123378	-140.6816730835282	506.73691428014	46.416978190886866	-207.90556879123363	46.41697819088688	670.2495978059674	
3.174358672065214	742.3269829846661	-150.03996865678045	-214.831905259845	-150.03996865678033	622.0461583869146	217.73178564278027	-214.83190525984486	217.73178564278027	498.5861033605229	
3.226397338820381	710.5802691302439	-105.71018700269644	-207.60827386050659	-105.71018700269647	649.9367756818823	266.59961233523177	-207.6082738605064	266.5996123352318	306.4861036686875	
3.2784360055755486	661.2494358738888	-38.44156142517355	-189.9694746744244	-38.4415614251737	589.5760001901178	208.55330332424415	-189.9694746744242	208.55330332424427	126.26893174118133	
3.330474672330716	564.4004895807215	25.011471088029424	-153.10469537466616	25.011471088029232	461.9649085301696	110.1809465229333	-153.10469537466597	110.1809465229334	-14.952709882612071	
3.3825133390858837	391.84993487597626	80.7315908258938	-95.02000211191702	80.73159082589365	307.03656226556484	37.92099859617023	-95.02000211191675	37.92099859617036	-102.75569859735444	
3.4345520058410512	127.73647925420565	139.37515110523032	-36.10127163577611	139.37515110523026	159.65158408871955	14.284264965084361	-36.10127163577582	14.284264965084489	-137.07760759400168	
3.4865906725962184	-210.06302646149817	202.34801840736003	-1.8798367917902894	202.34801840736012	28.899308335306287	20.749983311724236	-1.8798367917899874	20.749983311724396	-129.36946928114114	
3.538629339351386	-556.2102756409624	248.16765547516775	4.563619590650596	248.16765547516792	-101.1604927729461	33.38161670287976	4.563619590650802	33.38161670287992	-96.63839448034392	
3.5906680061065535	-810.5968383441495	248.56631708705748	1.457947569652113	248.56631708705777	-249.56720894300128	42.7537174968126	1.4579475696522195	42.75371749681276	-52.40855418459445	
3.6427066728617206	-878.4677408215034	198.85136062698987	2.688331417452442	198.85136062699019	-403.40145149810246	45.22206669496209	2.688331417452428	45.22206669496221	-0.9770156035490984	
3.694745339616888	-723.6229579947552	123.51877826530136	2.0447041476706396	123.5187782653016	-502.8221702095061	38.067407874167486	2.0447041476705614	38.06740787416756	58.36709019204871	
3.7467840063720557	-402.0349943572153	52.18142815557289	-19.40852828389105	52.18142815557306	-480.624478053438	30.114846753118186	-19.408528283891137	30.114846753118208	123.66582672243803	
3.798822673127223	-38.59338752495505	0.7471873088598144	-75.1531056106648	0.7471873088598429	-327.3826511284158	41.22559578095424	-75.15310561066482	41.22559578095426	187.67385337532224	
3.8508613398823908	251.60311327314136	-26.951784876104654	-157.2315985600508	-26.951784876104703	-108.26025741274492	83.0071155652171	-157.2315985600508	83.00711556521718	237.81795202657108	
3.902900006637558	428.4301102546168	-33.626006862425314	-231.2692257872519	-33.626006862425385	89.9705353869038	146.1293424029222	-231.26922578725186	146.1293424029223	259.7610922846618	
3.9549386733927254	514.3569515474893	-26.63721401038553	-248.58763871686918	-26.637214010385588	221.45378436266105	207.2211840953762	-248.5876387168691	207.22118409537632	251.35027402079035	
4.006977340147893	532.9561651193961	-14.63664116588177	-173.26216809058894	-14.636641165881827	289.33157605185073	243.71618718237272	-173.26216809058886	243.7161871823728	234.49961474688922	
4.05901600690306	481.8531490640289	-3.9813898032260227	-9.405848393639971	-3.9813898032260937	302.9077355186837	247.08446585491146	-9.405848393639943	247.08446585491146	241.19281840354844	
4.111054673658228	369.5914537864099	3.2724661225168212	191.41771294210713	3.27246612251669	246.89642251570857	229.49462300027727	191.41771294210716	229.49462300027724	278.90012151370826	
4.163093340413395	256.80459880562876	12.164525337220603	352.61528113219816	12.164525337220454	107.17876877385231	215.16551435037675	352.6152811321982	215.16551435037672	310.1413152943286	
4.215132007168562	231.0325158179009	29.891697062749557	413.33476749260694	29.891697062749387	-83.95991774982126	218.77930343134184	413.33476749260706	218.77930343134176	270.65650243994435	
4.26717067392373	331.39755452293184	47.533714668385386	361.313094098325	47.5337146683852	-249.430763414377	233.69160363071035	361.3130940983252	233.6916036307104	120.94294110192828	
4.319209340678897	513.443525998301	33.035934428955755	235.6068048003558	33.035934428955585	-318.6343975514206	245.70963385781695	235.60680480035603	245.70963385781715	-102.11243777598327	
4.371248007434065	700.8612280842117	-38.67167351921647	98.44450072335925	-38.671673519216654	-276.7548805954718	255.08175479305808	98.44450072335951	255.08175479305837	-284.5213186256412	
4.4232866741892325	856.6641206708443	-147.48500353590205	-2.284030564686468	-147.4850035359022	-174.72120306616733	278.5987071206441	-2.284030564686276	278.59870712064446	-308.9984597791314	
4.4753253409444	981.5969566513846	-237.9747367455888	-55.243453310402785	-237.97473674558896	-95.94192588899861	328.89666365490234	-55.24345331040266	328.8966636549026	-150.66269108642342	
4.527364007699568	1062.7963212653524	-271.107907547738	-82.07418591899877	-271.10790754773814	-98.75750906090795	393.1660472302124	-82.07418591899872	393.16604723021265	97.88864176348265	
4.579402674454735	1071.0524435192485	-248.3455547003577	-112.92943008278915	-248.3455547003578	-173.53364560722184	434.0676661316816	-112.92943008278918	434.0676661316819	300.5818984970657	
4.631441341209902	1017.6386129416912	-182.12359959050923	-160.06766325324077	-182.1235995905093	-245.8843011935943	416.4898425846749	-160.06766325324082	416.48984258467505	381.51883440964974	
4.68348000796507	973.8849594522984	-70.2127659278471	-213.0806023007488	-70.21276592784706	-228.03332175404825	338.1553562672322	-213.0806023007488	338.1553562672324	374.0247487141157	
4.735518674720237	1008.2353587499572	86.12368886510689	-258.2781560688513	86.12368886510704	-85.26930602950262	233.4923855026468	-258.2781560688513	233.49238550264693	390.17809372874615	
4.787557341475404	1119.9908336831843	257.42495766776005	-295.82953145184706	257.42495766776017	138.75691073374827	144.48362973558682	-295.82953145184706	144.48362973558682	535.3409850157137	
4.839596008230572	1240.4191800394017	397.7562530611708	-332.64079421704355	397.7562530611709	363.4032647784512	86.90417377031208	-332.64079421704344	86.90417377031213	818.3503982326396	
4.891634674985739	1283.9426893179393	472.72562566765805	-361.68907066097677	472.72562566765816	534.2068039169831	45.1298778467175	-361.6890706609766	45.129877846717534	1127.0000583494605	
4.943673341740907	1207.1095505064568	463.0668141977605	-358.50727316046203	463.06681419776055	636.9910522029039	-1.5471937627682906	-358.50727316046186	-1.5471937627682277	1305.155387056509	
4.995712008496074	1041.0070341994358	356.0325609731794	-306.610960782983	356.03256097317944	657.9561571280142	-51.34502276265262	-306.6109607829827	-51.345022762652555	1270.5931549437134	
5.047750675251241	863.2590666779433	165.1249480838974	-225.62055973979804	165.12494808389732	563.954500671536	-81.11133159439463	-225.62055973979756	-81.11133159439461	1063.6272707812138	
5.099789342006409	727.071373098552	-40.82950716969614	-163.36598635275612	-40.82950716969641	356.278066896416	-70.89689173738275	-163.3659863527555	-70.8968917373827	791.9491799313821	
5.151828008761576	634.5219974378799	-166.04612954181414	-150.9741064256679	-166.04612954181417	134.58113398457974	-21.9736420600538	-150.9741064256671	-21.97364206005369	542.0977847766893	
5.203866675516744	575.0030734495579	-163.28152004916916	-168.4495802166416	-163.28152004916902	55.68774797565328	47.41117902874579	-168.4495802166407	47.41117902874597	340.8304538406092	
5.2559053422719115	550.784939477307	-62.755416078696356	-163.88673708098503	-62.75541607869593	198.7292237619294	119.73556811561966	-163.88673708098406	119.73556811561978	180.99473599626927	
5.307944009027079	555.645777151999	72.46385610838644	-109.15662170880516	72.46385610838702	495.10332284124013	192.75962614629728	-109.15662170880432	192.75962614629728	64.22065782374463	
5.359982675782247	563.0503742648807	195.95538391136205	-30.371279710749974	195.95538391136267	813.1208038960418	277.0957470860044	-30.371279710749583	277.0957470860042	11.518584280403573	
5.412021342537414	549.6004411053088	284.34505101990266	21.761261245933852	284.34505101990317	1085.8420923456079	375.87803652413544	21.761261245933667	375.87803652413515	37.90109294907904	
5.464060009292581	512.3430800814128	319.5499103100975	27.55162362781986	319.5499103100977	1325.3855006988215	468.0711183123363	27.551623627819218	468.071118312336	124.8846795975767	
5.516098676047749	446.9704535729493	286.90998700944374	16.425426298962634	286.90998700944334	1528.8983016143893	517.5227385357117	16.425426298961767	517.5227385357115	221.89432056027863	
5.568137342802916	325.7803702703459	202.80368479867053	28.51231721876352	202.8036847986698	1623.4980079998486	497.7194931767142	28.512317218762718	497.71949317671425	275.1287697819836	
5.620176009558083	116.98713264881088	135.32695451722333	67.71099014822158	135.32695451722236	1527.5610542150519	404.93810204853605	67.71099014822094	404.9381020485363	256.6453549890115	
5.672214676313251	-182.48427552614373	165.01596200962763	102.59852816969325	165.01596200962678	1245.7055179050037	255.2604634876671	102.59852816969264	255.26046348766744	171.0315541089691	
5.724253343068418	-543.5346072923676	306.47267422762684	109.76860090550133	306.47267422762644	881.5873966757613	79.90732165121695	109.76860090550056	79.90732165121736	43.0443855331178	
5.776292009823586	-912.1887316705383	485.46901165713814	100.94789821494713	485.469011657138	554.892651948541	-78.70732166298143	100.9478982149461	-78.70732166298089	-95.09361836325357	
5.828330676578753	-1206.7293580499693	608.6274176409137	102.05271011718713	608.6274176409136	313.7278436206102	-180.08247685580358	102.05271011718598	-180.08247685580278	-209.63055775616135	
5.88036934333392	-1339.6549926569219	639.7860633599644	118.61876101469164	639.7860633599641	126.22476187193666	-206.57087669075946	118.61876101469059	-206.57087669075838	-272.5120048500569	
5.932408010089088	-1278.501992076152	600.1389595979593	134.5239213678583	600.1389595979587	-59.8211541752803	-176.277320094272	134.5239213678575	-176.27732009427092	-272.3379897291382	
5.9844466768442555	-1077.0121321111187	518.4012992223431	138.44240946382394	518.401299222342	-254.83278286126864	-135.01993778675578	138.44240946382348	-135.01993778675504	-218.106326429425	
6.0364853435994235	-834.3588085605134	404.7248665971107	138.32453995317394	404.72486659710927	-419.0266802440285	-128.43010211011398	138.32453995317385	-128.43010211011378	-131.53242685394648	
6.088524010354591	-628.4490356824674	266.2396413499764	150.28844020802057	266.23964134997505	-515.1369721927491	-170.13258434862865	150.28844020802077	-170.1325843486289	-38.52998536085411	
6.140562677109758	-488.8864747425665	127.2442305682957	181.88015969220393	127.24423056829508	-562.5450983012469	-231.67424054422088	181.8801596922044	-231.67424054422148	35.00564646711086	
6.192601343864926	-410.4149009134917	25.140298380944188	225.3630927311954	25.14029838094416	-621.4996915610503	-267.44134390384596	225.36309273119605	-267.4413439038467	71.69080323061608	
6.244640010620093	-373.81043841572335	-16.411572292753505	260.2126771768373	-16.411572292753362	-716.5605715086767	-252.77337778410418	260.21267717683793	-252.77337778410498	75.14189374176085	
6.29667867737526	-357.60999700849266	-10.18219975405703	262.14862241558956	-10.182199754057066	-790.5202548979839	-197.2611069307417	262.14862241559007	-197.26110693074253	69.11365779297776	
6.348717344130428	-348.31070105035747	3.7322335593453175	216.37979254377507	3.7322335593449054	-757.5792276576209	-125.17535424357555	216.37979254377535	-125.17535424357627	76.63972293696955	
6.400756010885595	-350.03663036971534	-3.8831038878393542	127.23802136216213	-3.883103887839951	-599.6721760049936	-52.81081205224767	127.2380213621622	-52.810812052248096	99.99431792352101	
6.452794677640762	-386.47360564205917	-23.947350054501015	16.61296375581027	-23.947350054501584	-391.7912209342059	12.625794378519686	16.61296375581028	12.625794378519767	124.53324398474234	
6.50483334439593	-482.50260413436683	-28.30556738128749	-88.02443527405461	-28.305567381287716	-231.37230813056505	62.750278252808485	-88.02443527405451	62.75027825280903	140.04882542477827	
6.556872011151097	-630.1616436799429	-13.544021151045868	-167.65488998323195	-13.544021151045655	-154.07971970328643	87.8774860625357	-167.65488998323158	87.87748606253658	152.2021416820599	
6.608910677906265	-775.7624535142224	-12.889114325159614	-218.32090216272528	-12.88911432515898	-120.5466339518673	86.24027019947819	-218.32090216272468	86.24027019947923	171.90999096259415	
6.660949344661432	-856.3952278110869	-62.46662188165102	-246.83735207703592	-62.46662188165017	-74.36454739566067	65.92033612144475	-246.83735207703512	65.9203361214457	199.8121006324954	
6.712988011416599	-849.8712467815578	-166.1677442180876	-261.34388479466196	-166.16774421808663	-4.205586883928447	36.4285426807057	-261.34388479466116	36.42854268070625	225.53952012084494	
6.765026678171767	-781.1170625108355	-292.9559170610477	-265.3724079743337	-292.95591706104676	52.576836520255725	3.032095933783612	-265.3724079743331	3.032095933783502	238.25906692591457	
6.8170653449269345	-682.7800355121251	-400.52168515373563	-258.1234924673958	-400.5216851537346	62.164250396524494	-29.695366897597392	-258.12349246739564	-29.69536689759829	233.17409359609775	
6.8691040116821025	-563.9101480721768	-460.5916270658746	-237.9658371872424	-460.5916270658736	34.511721063604625	-52.98971256630116	-237.9658371872428	-52.989712566302664	210.39714504351613	
6.92114267843727	-424.4946611386624	-469.28064075715224	-205.4754864153249	-469.2806407571511	1.11039401505667	-57.14112777151701	-205.47548641532572	-57.14112777151871	173.0372524275155	
6.973181345192437	-283.6704773797856	-439.48581913254077	-163.57929684802292	-439.48581913253975	-33.70553304404683	-41.07010721637059	-163.57929684802394	-41.07010721637204	127.29788676699795	
7.025220011947605	-170.38470527701242	-387.25902899807727	-115.77946239121204	-387.2590289980766	-97.91698620988899	-15.799206563025347	-115.779462391213	-15.799206563026255	82.0774521593288	
7.077258678702772	-91.77301920381933	-328.8305976551881	-66.4303249241089	-328.8305976551881	-207.13978155577684	4.9389126744095435	-66.43032492410964	4.938912674409114	46.569556051517054	
7.129297345457939	-30.483881169018048	-285.60803803311745	-22.74823205444884	-285.6080380331183	-327.0456831869699	16.383732107957716	-22.74823205444922	16.383732107957574	26.577181408191237	
7.181336012213107	29.45820820077506	-279.61257979657	7.143326915519491	-279.6125797965716	-387.3048385937666	23.11190263964511	7.143326915519513	23.111902639645052	21.699877762129244	
7.233374678968274	90.2344928100434	-315.06059580099105	20.596999941164768	-315.06059580099276	-336.34267488442885	30.239423383605697	20.5969999411652	30.239423383605665	26.147402212599722	
7.285413345723441	153.65175208947045	-366.29274579892655	23.09337558068583	-366.2927457989281	-182.95519458735515	37.29909389106848	23.09337558068664	37.299093891068516	32.98508873319295	
7.337452012478609	231.06029376694136	-390.12759645374274	22.233085008253983	-390.1275964537439	19.16516726726647	40.10192260090638	22.23308500825501	40.10192260090655	37.993590726435244	
7.389490679233776	324.10589516096684	-352.9069968454862	19.41505535861487	-352.906996845487	212.95236452659918	37.31006222911573	19.415055358615906	37.31006222911605	40.55688007188531	
7.441529345988944	390.9850469854332	-249.40569089768135	8.48488312917722	-249.40569089768223	346.18814961869464	34.96069005562133	8.484883129178133	34.960690055621704	41.44055558338897	
7.493568012744111	358.21337958270203	-105.45682058152046	-17.49766819902539	-105.45682058152177	364.24218065271623	43.0046044851991	-17.49766819902455	43.004604485199465	39.60003907431987	
7.545606679499278	193.4371831107576	32.44529005922246	-58.18998818530633	32.44529005922075	240.90889914751128	65.40902894416428	-58.189988185305424	65.40902894416459	32.40082901141102	
7.597645346254446	-43.39616543075488	121.47741103292068	-104.18296863657824	121.47741103291892	20.929655737521756	93.96084096922313	-104.18296863657724	93.96084096922336	19.742321682246576	
7.6496840130096135	-246.05871549826261	147.93772478132675	-143.5039503775723	147.93772478132547	-199.44036876794542	113.11843633071175	-143.50395037757124	113.11843633071182	5.8166588967587565	
7.7017226797647815	-346.46716098149875	130.3245088578636	-170.6413318482987	130.32450885786304	-339.87151820108363	111.32630535841147	-170.64133184829768	111.3263053584113	-5.524607242790898	
7.753761346519949	-344.06606467247923	97.71448929977771	-189.3823015628496	97.71448929977782	-381.16490624146826	88.99957446405296	-189.38230156284874	88.99957446405259	-17.153108887480276	
7.805800013275116	-281.48196696440664	69.28220440665629	-207.13711007646452	69.2822044066566	-354.18220285963287	58.15435195578213	-207.13711007646393	58.15435195578168	-37.765865259257595	
7.857838680030284	-219.78403760086803	51.29034962051014	-227.3942112273669	51.29034962051044	-297.25150822274077	35.290342614867356	-227.39421122736678	35.29034261486701	-70.8393298034708	
7.909877346785451	-214.89796086630918	41.67002521119494	-247.79322061667915	41.670025211195195	-222.79810902443654	32.75302412982642	-247.79322061667963	32.75302412982639	-103.99831550064147	
7.961916013540618	-279.25436883245493	29.555533879790744	-263.49971679274654	29.555533879791085	-123.82414429795881	53.48720083244348	-263.4997167927476	53.487200832443776	-113.64881168417722	
8.013954680295786	-361.39601845909436	-1.3556387290500993	-269.1830484604528	-1.355638729049673	-2.959523851100812	91.10266065865605	-269.18304846045413	91.10266065865645	-83.42465909753278	
8.065993347050954	-387.026548585343	-54.99478939798598	-257.84218689714146	-54.994789397985954	117.87452225969002	135.34912947711493	-257.84218689714277	135.34912947711518	-17.464350870294084	
8.11803201380612	-326.73386574323877	-111.19592705237937	-223.4869815663153	-111.19592705237963	215.00521515378125	179.77420004320726	-223.4869815663165	179.77420004320717	63.34036361882011	
8.170070680561288	-210.4671743534572	-140.85461987858957	-169.57056989317186	-140.85461987859014	277.0609087475049	224.23799602671158	-169.57056989317294	224.2379960267112	133.89963769886668	
8.222109347316456	-81.88758825102619	-131.2215385966666	-111.72141022503604	-131.22153859666759	297.4336146442773	269.174615077293	-111.72141022503692	269.1746150772924	174.70100613504042	
8.274148014071622	33.30198303102233	-93.06273554846405	-67.88549901087333	-93.06273554846548	264.186304556311	308.03529953624405	-67.88549901087367	308.03529953624354	178.21330498738809	
8.32618668082679	119.22284878954281	-49.37380563546775	-47.1109247736958	-49.37380563546944	172.49423025735933	326.7740960458427	-47.11092477369536	326.7740960458423	154.38328374056198	
8.378225347581958	159.69158690868227	-23.669851335064614	-49.100662678463166	-23.669851335066056	54.695824891474786	312.79295201190286	-49.10066267846208	312.7929520119027	130.80772665658216	
8.430264014337125	146.43500776155142	-33.18018164709855	-70.23099320291774	-33.18018164709942	-15.411331015367892	267.08538518223276	-70.23099320291651	267.0853851822329	141.12308676442427	
