# Stress in units of bar (10^5 Pa)
# z	Sxx	Sxy	Sxz	Syx	Syy	Syz	Szx	Szy	Szz
0.0	-83.37295385296234	-19.24622574259375	-145.04942905182884	-19.246225742594127	162.05672829756526	-20.157528894110705	-145.04942905182872	-20.1575288941109	197.63042927355818	
0.054681226480042124	-15.113456018797962	-36.36997698967073	-155.2659641394115	-36.36997698967125	72.54014490231728	-35.69973317700094	-155.26596413941127	-35.6997331770009	219.99373338859573	
0.10936245296008425	76.11258001073675	-64.13902236170972	-145.87133932624778	-64.13902236171035	8.510982326718064	-56.19734943600429	-145.8713393262475	-56.19734943600413	246.49576040007875	
0.16404367944012638	168.01792404331997	-87.5915529705085	-119.10476573916665	-87.59155297050914	-36.280453170863154	-74.12660938923305	-119.10476573916631	-74.12660938923298	274.397339969996	
0.2187249059201685	250.39573810380924	-89.96243638883698	-81.84376292823771	-89.96243638883738	-54.71827595147764	-83.92038795153191	-81.84376292823741	-83.92038795153204	300.0772524122301	
0.2734061324002106	314.28008432970614	-64.57442383551934	-42.654976464486545	-64.57442383551937	-35.3859755331886	-84.93538440233965	-42.6549764644864	-84.93538440234002	323.9561922908639	
0.32808735888025276	345.51953854966	-26.355351852401725	-10.04611137655116	-26.355351852401455	19.024709054589707	-81.55145380637802	-10.046111376551188	-81.5514538063786	350.2269155819648	
0.38276858536029484	335.7067299751457	-7.598700998796247	9.99439883370782	-7.598700998795891	91.23059814555232	-80.73235921826544	9.994398833707717	-80.73235921826625	381.54869394079174	
0.437449811840337	294.6970305092518	-33.16658059195575	16.959661302596853	-33.166580591955494	164.88951218870264	-88.14931932786226	16.95966130259682	-88.1493193278634	414.81475956222334	
0.49213103832037913	244.7219849976397	-97.62142682800464	15.424324337387468	-97.62142682800449	230.5409379657634	-104.43528600073581	15.424324337387628	-104.4352860007373	442.09869029662	
0.5468122648004212	201.77926941369145	-167.7320800661592	11.528986835049503	-167.73208006615903	274.3227693106595	-123.81991425225156	11.528986835049894	-123.81991425225334	455.0650330880759	
0.6014934912804634	167.78095783502863	-208.4722690186008	10.936318070694373	-208.47226901860057	275.354430866978	-136.75419791876618	10.936318070694973	-136.75419791876817	448.4148378167528	
0.6561747177605055	136.8866795581645	-209.51020667202272	18.126508722209383	-209.5102066720224	223.62039637103794	-134.91990723522986	18.126508722210108	-134.91990723523185	421.0889902642299	
0.7108559442405477	104.6326735271694	-187.10267652620917	33.38447223350086	-187.1026765262089	136.99154463741826	-115.35205096056686	33.384472233501555	-115.35205096056868	377.47550369175906	
0.7655371707205897	78.52969598060713	-159.18930115463706	49.87076293758548	-159.18930115463692	56.152684854306315	-82.3935298084612	49.87076293758598	-82.3935298084628	327.7813247366703	
0.8202183972006318	80.14799332642562	-123.01692875561457	56.59465470510665	-123.01692875561452	19.31249646037461	-47.03507575384117	56.59465470510685	-47.035075753842584	283.03274723187883	
0.874899623680674	121.3254389081705	-63.585890867402554	45.91053594988135	-63.585890867402455	30.840787588599767	-22.010527129462535	45.91053594988132	-22.01052712946382	246.61048199625253	
0.9295808501607161	175.30529734753765	18.176793270510103	18.175614149596026	18.176793270510373	53.199810196219445	-14.135784257814787	18.175614149595944	-14.135784257816017	213.121033094942	
0.9842620766407583	189.32043891539632	96.01187830045532	-19.443781840532367	96.01187830045569	41.53447037410064	-20.213254406430842	-19.44378184053233	-20.2132544064321	178.14774241876103	
1.0389433031208004	132.7766480890616	140.43060464626828	-56.38754427564855	140.43060464626856	-12.577819990962688	-30.108111205291447	-56.38754427564838	-30.108111205292783	146.16880933190865	
1.0936245296008424	20.798557347304325	143.27275350788491	-81.3138174664929	143.27275350788486	-81.27942334074943	-33.16102736955253	-81.3138174664927	-33.161027369553885	125.15573859161194	
1.1483057560808847	-105.48374289629066	117.20916742032878	-85.16496797214461	117.20916742032831	-136.79961373584376	-22.98691665989608	-85.16496797214444	-22.986916659897272	115.52993514178698	
1.2029869825609267	-205.2906262975722	78.99015564696398	-65.67458551771213	78.99015564696333	-173.90029280764492	0.12008281979687752	-65.67458551771207	0.12008281979604263	109.16933809639713	
1.2576682090409688	-248.19591081541927	40.013737041777176	-29.797861132993386	40.01373704177669	-197.90127489086973	29.243540538194956	-29.797861132993386	29.24354053819453	100.06228610612895	
1.312349435521011	-223.86628947590432	9.320139643758807	9.295566929537348	9.320139643758608	-202.42206456045818	55.47072529288133	9.295566929537303	55.470725292881255	92.85170717891562	
1.367030662001053	-152.74169770918195	-3.4442094980839784	38.05542295158456	-3.4442094980837226	-167.03343801856332	75.2626524539557	38.05542295158441	75.26265245395581	97.48957888957237	
1.4217118884810953	-76.6346934275756	5.061929503743556	47.577346610445964	5.061929503744068	-78.60322787913415	92.00962090556516	47.577346610445645	92.00962090556538	114.16725899018184	
1.4763931149611373	-30.151030822735322	22.324777249092854	38.068181139039055	22.324777249093376	50.378579066176144	108.01883944885839	38.06818113903854	108.01883944885867	125.65178961284582	
1.5310743414411794	-23.709102540472998	24.025240486210237	20.519257585432722	24.02524048621055	191.53281848802516	116.94724441644843	20.519257585432076	116.9472444164487	109.20736870092445	
1.5857555679212216	-49.93503803213977	-3.190170662737856	9.836207250145378	-3.1901706627379554	319.147501870286	107.71237957765533	9.83620725014473	107.71237957765551	58.517224137244845	
1.6404367944012637	-88.57941219318391	-39.09205296656114	12.00270843088386	-39.092052966561454	414.611964734563	76.52018970171204	12.00270843088336	76.52018970171213	-7.829550992709116	
1.695118020881306	-103.59804335912486	-38.6711034262855	18.124253373416543	-38.67110342628595	462.847103557695	33.76998103591249	18.124253373416295	33.76998103591244	-60.37484255574935	
1.749799247361348	-55.23704313917065	23.205513282651093	12.34694850410539	23.205513282650656	458.69906322276165	-2.813228075654422	12.346948504105445	-2.813228075654539	-78.85867498474545	
1.80448047384139	70.69856147238696	116.933783708805	-14.193120669373977	116.93378370880467	417.54879117079804	-23.948590782328708	-14.19312066937366	-23.94859078232884	-58.239256682179935	
1.8591617003214322	249.3637925705934	178.94372542721578	-56.916516450812594	178.94372542721558	375.57918686036925	-36.493927409763984	-56.91651645081214	-36.4939274097641	-2.5438694851510864	
1.9138429268014743	439.2353433171555	166.58737445442944	-103.3316114010039	166.58737445442935	376.2508196595161	-52.15105721658047	-103.33161140100347	-52.15105721658055	76.81951487640711	
1.9685241532815165	611.2758805338732	88.46728770103464	-142.70766210665744	88.46728770103456	447.08207410694456	-70.69044858548898	-142.70766210665712	-70.69044858548907	156.6821700300502	
2.0232053797615586	750.1717424939793	-9.441743108317421	-170.8087006552796	-9.441743108317574	575.7762779880617	-80.78900378287553	-170.80870065527944	-80.78900378287564	209.25264101905034	
2.077886606241601	839.4063495073143	-73.60601181205061	-189.1136433406623	-73.60601181205087	710.8372623898697	-78.68755734973617	-189.11364334066232	-78.68755734973634	224.633050096658	
2.1325678327216426	866.5247335387185	-68.42788870726913	-201.0497026917041	-68.42788870726946	803.4003304495384	-79.91967148083897	-201.04970269170428	-79.91967148083916	222.73934200306928	
2.187249059201685	844.291487886081	3.946030884493183	-205.56171498305812	3.946030884492828	845.8195707537325	-106.32670800517133	-205.56171498305847	-106.3267080051715	231.29015692939512	
2.241930285681727	806.6913925024918	100.88578608594409	-192.6979235725774	100.8857860859438	852.6567869567507	-161.01248309948474	-192.69792357257785	-161.01248309948488	249.07363380666033	
2.2966115121617694	777.4528574796013	167.33786741893803	-150.0056183654254	167.33786741893783	819.1510157327257	-220.4817120132298	-150.00561836542585	-220.48171201323	241.7817614718763	
2.351292738641811	749.9497922580188	175.87616513166182	-77.7181364937556	175.8761651316617	721.7275795950799	-253.57740434868936	-77.71813649375594	-253.57740434868944	183.5316325244906	
2.4059739651218535	691.9588642951187	138.48228464727032	3.6455101034085757	138.48228464727026	551.3571463870926	-245.62270455075748	3.645510103408359	-245.62270455075748	97.48706909951889	
2.4606551916018957	572.7910424164047	84.80497592002618	64.33251004085903	84.80497592002618	331.45703547125436	-204.46635558871554	64.33251004085889	-204.4663555887155	45.493113493635335	
2.5153364180819375	401.1695949583609	40.172438294655514	84.7373812371564	40.17243829465546	108.2853228130246	-150.49501276750343	84.73738123715626	-150.49501276750325	76.27420980174094	
2.57001764456198	225.83207217468876	20.224982984382653	63.8501573809749	20.22498298438255	-71.68215956448549	-105.99764869318594	63.850157380974736	-105.99764869318574	185.72406486435744	
2.624698871042022	82.69397319768153	29.474327309528398	13.24934759258769	29.474327309528242	-181.30772503758612	-87.48071415956252	13.249347592587533	-87.48071415956234	322.34623652854566	
2.679380097522064	-35.60725346395799	57.9834319873454	-49.73056903019875	57.9834319873452	-220.8797410339335	-96.53107649189555	-49.73056903019883	-96.53107649189535	424.04647177263934	
2.734061324002106	-137.03723601739335	85.73075948725746	-102.39871458784383	85.73075948725722	-205.77106308109398	-115.85598425848667	-102.39871458784381	-115.85598425848644	453.59272301485987	
2.7887425504821484	-188.48300367563445	97.58403989397506	-120.32888061016726	97.5840398939748	-146.806425452511	-121.93715742422742	-120.32888061016718	-121.93715742422718	413.64853158132354	
2.8434237769621906	-150.98190691282335	95.62802972857118	-93.11095704833939	95.62802972857097	-50.15071752574295	-105.7926536390226	-93.11095704833926	-105.79265363902233	339.35845934396616	
2.8981050034422324	-40.032357355177155	90.29267654095327	-38.779693304511916	90.29267654095307	65.27939019090005	-76.75450683057711	-38.7796933045118	-76.75450683057686	274.84569289102234	
2.9527862299222747	78.83868050791088	76.59652163855422	7.069373970964836	76.59652163855401	171.84008954085806	-45.18393670266033	7.069373970964929	-45.183936702660176	248.27405614654973	
3.007467456402317	150.70209146150628	33.08100520509961	22.35812194974089	33.081005205099416	258.52595615560233	-11.383584698261028	22.358121949740962	-11.383584698260954	262.54201372438195	
3.0621486828823588	169.21896185320682	-45.566461655087636	13.255190346235374	-45.566461655087835	327.03148093240156	23.5416504577895	13.255190346235391	23.541650457789498	302.7122848133399	
3.116829909362401	161.5342715713809	-127.88227441521397	-2.362786426685311	-127.88227441521418	360.9444818339922	46.9534160347652	-2.3627864266852967	46.95341603476515	344.6727416910302	
3.1715111358424433	160.76776813790758	-170.35649458372902	-14.23461603364385	-170.35649458372916	329.6663676375275	45.980536662636936	-14.23461603364386	45.98053666263681	358.159604170766	
3.226192362322485	190.97969755920718	-155.35436767059602	-19.536513113475593	-155.3543676705961	229.67488289784603	25.54755512036904	-19.536513113475618	25.547555120368894	316.29912025025044	
3.2808735888025273	250.32779008897845	-98.91368564784005	-17.675610688617315	-98.91368564784014	98.75077001092771	6.04483389767347	-17.675610688617333	6.044833897673321	217.95228665758236	
3.3355548152825696	299.7610945824931	-31.760887595284757	-14.46354120275203	-31.7608875952848	-16.920663786659645	3.2719198978690804	-14.463541202752015	3.2719198978689175	101.55654956872151	
3.390236041762612	289.6625530306653	19.63682318533054	-24.254977695827804	19.63682318533057	-93.97314375914877	14.962087851404473	-24.254977695827762	14.962087851404299	25.397864502795073	
3.4449172682426537	212.91709731188212	41.32052313791287	-58.91072355575527	41.32052313791296	-129.79716852796005	25.884475378718513	-58.910723555755226	25.884475378718328	25.479069792095462	
3.499598494722696	120.0054218819334	33.00460215128296	-112.83351577454113	33.00460215128311	-133.56416199295012	22.13637881259898	-112.83351577454108	22.1363788125988	90.75050543878612	
3.554279721202738	71.82908405372734	5.492951232938836	-160.1556172659491	5.492951232939028	-126.43408111644294	0.17965977800878896	-160.1556172659491	0.1796597780086584	174.65912279745913	
3.60896094768278	82.25952887193938	-24.831127748296375	-170.14095148318242	-24.83112774829616	-128.38884336958628	-34.188419666123764	-170.14095148318248	-34.18841966612382	224.47740342084873	
3.6636421741628222	112.71205196232856	-41.89769126528596	-130.97140749092156	-41.8976912652858	-134.68793590407242	-71.60050293778484	-130.9714074909217	-71.6005029377848	206.71172956674172	
3.7183234006428645	121.64168034752987	-37.381861704910584	-61.17867114193247	-37.38186170491045	-122.56433177766735	-102.78606791833786	-61.17867114193264	-102.78606791833774	123.69213232448428	
3.7730046271229067	111.71137447906405	-18.727530522247918	3.7826692194736182	-18.72753052224786	-85.17692067078556	-118.79348831985759	3.7826692194734335	-118.79348831985742	16.082133616459082	
3.8276858536029486	120.45301257423642	-6.840265000461329	38.06950976830332	-6.840265000461329	-37.59144424918935	-112.45719113195264	38.06950976830312	-112.45719113195244	-57.14729161268028	
3.882367080082991	167.56866068740354	-17.035601747420174	40.96205746773672	-17.035601747420245	11.220680077461282	-85.64660967488433	40.9620574677365	-85.64660967488412	-52.6216911666677	
3.937048306563033	225.8230125734818	-40.220603831949134	30.21519365410889	-40.22060383194925	65.94280238752894	-56.625073332576804	30.215193654108642	-56.62507333257659	33.82758829092783	
3.991729533043075	251.26691391754343	-46.70319795599349	21.712895554704623	-46.703197955993744	123.16984409230476	-53.185491797017775	21.712895554704357	-53.185491797017534	169.2025851156584	
4.046410759523117	233.26436183736166	-12.874834134969692	13.56140542323176	-12.874834134969914	164.03640551673698	-89.38099562247646	13.561405423231486	-89.38099562247622	306.50353335563113	
4.101091986003159	206.1785991410331	52.85741416868981	-9.84625934983746	52.85741416868965	170.58241645571863	-147.6805097957723	-9.84625934983773	-147.68050979577208	412.0186429474861	
4.155773212483202	216.46510069365135	111.12111582586282	-55.09771612964845	111.12111582586269	134.067894750256	-189.757399713941	-55.09771612964867	-189.7573997139408	478.51495660837753	
4.210454438963244	284.67968541088663	125.24155738935006	-102.15285174923619	125.24155738935002	56.73447098536556	-188.72778502595924	-102.15285174923633	-188.72778502595904	516.1244533805951	
4.265135665443285	385.4731379523736	95.69505732900184	-115.67795799937906	95.6950573290018	-38.16380581430245	-149.55733748602003	-115.67795799937916	-149.55733748601995	531.6221673265491	
4.3198168919233275	448.8271354641145	55.80109358704448	-77.44389804330567	55.8010935870444	-106.03287234943855	-98.01201707288007	-77.44389804330568	-98.01201707288007	519.0805144061787	
4.37449811840337	398.8729709543555	33.561521066404204	-5.551622762220175	33.56152106640408	-113.14551226057685	-55.515084124875045	-5.551622762220159	-55.51508412487512	472.6511225914147	
4.429179344883412	223.99806980784055	27.50785317919093	59.05480064591363	27.50785317919076	-73.64847620559675	-28.181577409563324	59.054800645913645	-28.18157740956345	403.1528580071677	
4.483860571363454	4.081897713446679	21.236958074639944	83.20073852545258	21.236958074639787	-41.00774736522379	-13.16540210942865	83.20073852545258	-13.165402109428754	333.76067423135896	
4.5385417978434965	-160.14525517272705	8.18637060006796	61.26813931314515	8.186370600067818	-59.06434509379818	-5.614092735558101	61.26813931314516	-5.614092735558151	279.36817608389833	
4.593223024323539	-241.01252709279765	-10.463595893542703	12.715334821371094	-10.463595893542816	-128.45161618212143	0.242965782153572	12.715334821371107	0.2429657821535791	236.66459729769232	
4.64790425080358	-282.12141146361915	-41.34264942865886	-34.96042359233476	-41.3426494286589	-217.76336727991247	8.900905716777729	-34.96042359233476	8.900905716777778	194.3689173018875	
4.702585477283622	-312.93891355663385	-90.61422999442482	-63.261739847704675	-90.61422999442476	-289.4496434933974	20.48285889378579	-63.26173984770468	20.482858893785846	145.68520131079842	
4.757266703763665	-301.6519197114978	-141.22106906466797	-68.809478595984	-141.22106906466786	-310.8047514104386	34.567816181691626	-68.80947859598405	34.56781618169165	89.02762754217031	
4.811947930243707	-199.6491939285438	-161.74211897805088	-59.00399231481293	-161.7421189780507	-260.7149572517064	55.78718098450418	-59.00399231481297	55.78718098450419	25.042887424512255	
4.866629156723749	-7.083138953088707	-147.3533854585501	-47.18313094376015	-147.35338545855004	-144.43262524746865	86.9398465234549	-47.18313094376017	86.9398465234549	-39.822034706106834	
4.921310383203791	222.187978684748	-131.78409205673898	-51.03520272826681	-131.78409205673904	2.836715465961845	115.07699545511215	-51.03520272826681	115.07699545511218	-90.11520464408855	
4.975991609683833	429.42587797211803	-144.19949886777547	-85.84948169931623	-144.1994988677757	140.48149387821613	114.03889723628888	-85.84948169931621	114.03889723628889	-109.7477227058724	
5.030672836163875	583.362305575937	-168.51779311639459	-150.03138243410933	-168.51779311639478	253.416764985201	68.00708176157039	-150.03138243410933	68.00708176157039	-97.0530580546218	
5.085354062643917	670.4487963901701	-160.75679534060208	-219.181954277782	-160.75679534060214	360.5015435469418	-8.566364702023535	-219.1819542777821	-8.56636470202362	-68.17779613515678	
5.14003528912396	686.3068253239817	-100.39088156012272	-263.31690619151556	-100.39088156012238	489.309182905515	-76.66600580997643	-263.3169061915157	-76.6660058099766	-40.45478732684647	
5.194716515604002	645.9427031617258	-13.989416527148194	-272.92060825582115	-13.989416527147569	633.0979207262552	-99.15401290705219	-272.9206082558215	-99.15401290705242	-13.747324192313926	
5.249397742084044	578.3392549181343	49.917976019087064	-264.4099438088792	49.91797601908779	737.9428270600133	-66.745300161728	-264.4099438088795	-66.74530016172818	25.154223736084973	
5.304078968564086	503.820801684879	68.03909707388166	-259.5730281988538	68.0390970738822	754.3696264860012	-5.929933580388415	-259.57302819885405	-5.929933580388395	79.96375564309072	
5.358760195044128	432.93360479511597	65.48968023663375	-263.42596377218314	65.48968023663411	700.1688430113468	37.9639271601521	-263.4259637721831	37.96392716015234	136.249991074882	
5.41344142152417	387.73235482271923	86.21102341284501	-262.55365590762545	86.21102341284521	646.7363311727617	34.38213048063611	-262.5536559076251	34.38213048063646	179.15056781116797	
5.468122648004212	395.8019109933079	142.10533646524013	-241.36798633384223	142.10533646524033	642.640140001246	-8.037947723830339	-241.3679863338417	-8.037947723830001	210.50847411238453	
5.5228038744842545	446.5466463637529	203.99095592579715	-198.21012773761996	203.9909559257974	672.6935494947369	-51.92053359617209	-198.21012773761947	-51.92053359617195	240.72514695433932	
5.577485100964297	479.0394044133646	237.61118572845146	-147.30821615519687	237.61118572845186	691.4968448968674	-69.40255300313805	-147.3082161551966	-69.4025530031382	269.639425725661	
5.632166327444339	442.91484779499893	230.5336128083195	-107.44527070569589	230.53361280832007	673.4921849842666	-67.02640370924553	-107.44527070569573	-67.02640370924588	284.4379064884669	
5.686847553924381	354.8172514006568	187.3166866278205	-88.55154299624677	187.31668662782135	621.8123102998547	-70.57086737513033	-88.55154299624665	-70.57086737513083	274.5169596741443	
5.741528780404423	268.4122499538573	119.3864221103854	-85.7488996656763	119.3864221103864	542.1406176264998	-92.48139135722205	-85.7488996656761	-92.48139135722266	241.09081501307958	
5.796210006884465	207.7344032286714	48.31780713861467	-83.86229228299706	48.31780713861579	424.89903414050093	-121.04724315313001	-83.86229228299675	-121.04724315313072	192.86371882509903	
5.850891233364507	156.56353837145883	3.0706374559579785	-69.86839248432989	3.0706374559591154	260.4822725453796	-136.8833716060454	-69.86839248432946	-136.88337160604618	140.21639762422572	
5.905572459844549	98.52857415123914	-1.326567193181333	-43.6487719508561	-1.326567193180324	71.48568626125316	-131.35873260502075	-43.648771950855604	-131.35873260502157	95.53959629755254	
5.960253686324592	38.999370340600436	21.579944372029104	-16.092719366786653	21.579944372029814	-80.38230521363269	-109.5795635049018	-16.09271936678603	-109.57956350490247	71.92804495727822	
6.014934912804634	-9.84435574032645	45.91332010751091	3.1265773796606062	45.91332010751118	-133.2699874357599	-83.35934116627429	3.126577379661418	-83.3593411662747	75.26110989089602	
6.069616139284676	-44.23874345469076	59.10065980530942	13.601120689134618	59.10065980530926	-75.52619800911737	-65.19128064571537	13.601120689135596	-65.19128064571548	98.64068616145576	
6.1242973657647175	-66.03035358622571	62.09075771146324	21.12135160410084	62.09075771146284	46.29399791711131	-65.166977893063	21.12135160410187	-65.16697789306289	127.93854781223781	
6.17897859224476	-76.38979579487756	53.23397698648836	30.758303838160046	53.233976986487775	169.6158958233312	-87.76554989629892	30.758303838161005	-87.76554989629868	152.4164646845827	
6.233659818724802	-75.93974889563302	27.04249893093216	43.42446676816853	27.04249893093165	258.7728665339685	-128.90484291560222	43.42446676816939	-128.90484291560196	168.221773498704	
6.288341045204844	-64.69958358770715	-14.896289221946471	55.771646718609205	-14.89628922194671	306.648683205318	-176.3812757483989	55.77164671860997	-176.38127574839868	173.52010474181148	
6.3430222716848865	-40.312333744078046	-63.93265525807164	61.90549047646755	-63.93265525807159	316.4082041310871	-214.3453586600333	61.905490476468216	-214.345358660033	164.18020954137717	
6.397703498164929	-1.9039679473310684	-113.95680646221871	56.67482429552592	-113.95680646221842	298.5193214348503	-229.8850751899837	56.67482429552646	-229.88507518998344	135.40767566696516	
6.45238472464497	40.040417449086675	-159.7935076179797	38.57952879303498	-159.79350761797934	270.7970767767589	-218.75189376920568	38.57952879303536	-218.75189376920545	86.4273763303215	
6.507065951125012	63.75266937648605	-186.16578009239106	10.169443447288778	-186.16578009239063	243.51378767695564	-186.30150703131028	10.169443447288959	-186.3015070313102	23.65217177178684	
6.561747177605055	55.11128937069323	-170.6255006559474	-23.138227324074638	-170.62550065594698	211.96229410093235	-142.47908588405312	-23.138227324074712	-142.47908588405318	-39.43524791709869	
6.616428404085097	27.74726613528138	-105.25695390207252	-54.41667714917695	-105.25695390207203	172.90729984511978	-95.99373292488963	-54.41667714917734	-95.99373292488985	-86.59245306616309	
6.671109630565139	15.979692145168258	-11.944294120408099	-77.47920878929966	-11.94429412040758	137.4597985808089	-53.63189163801764	-77.47920878930037	-53.63189163801788	-106.5927832783874	
6.725790857045181	41.04942371040072	68.34851459249633	-90.27326699857088	68.34851459249678	117.1107690159664	-23.338238466318078	-90.27326699857187	-23.338238466318288	-99.35901520777159	
6.780472083525224	89.09412820927845	103.70804216350304	-96.85072058994128	103.70804216350334	107.92078078989059	-13.938314048478675	-96.85072058994253	-13.938314048478851	-74.74854449769761	
6.835153310005265	128.50499674307474	92.54502463836181	-104.7638734509897	92.54502463836187	99.1149671414438	-29.003728067212517	-104.76387345099116	-29.00372806721264	-45.29965433844091	
6.889834536485307	146.82854926904528	60.19188721448468	-118.84301542543177	60.19188721448464	92.36420466184711	-61.16817424709327	-118.84301542543338	-61.168174247093305	-19.67773854253642	
6.94451576296535	161.64597352569595	36.40012095975984	-137.48168190182784	36.40012095976002	104.20781724212722	-94.36298644715895	-137.48168190182935	-94.36298644715885	-0.3259968916941971	
6.999196989445392	194.74240513745798	36.89393639717431	-155.66668660860182	36.89393639717493	148.2210845785345	-112.8677042666272	-155.66668660860293	-112.86770426662704	15.711381857556088	
7.053878215925434	244.42585554619473	60.76265567758463	-170.79418499880225	60.76265567758563	213.45930741149903	-109.09311360839396	-170.79418499880273	-109.09311360839388	33.55009531419692	
7.108559442405476	285.1186337460823	94.60341551791808	-184.1888210061665	94.60341551791925	260.58711962398	-84.75355761421784	-184.18882100616636	-84.75355761421791	55.556160639900355	
7.163240668885519	289.92695524837615	119.51874959676137	-197.41220577089956	119.51874959676232	248.41605571946172	-47.16727928547531	-197.412205770899	-47.16727928547553	78.34387411377857	
7.21792189536556	256.93524154210985	124.48380982756059	-208.83935098983744	124.48380982756132	171.53636908894077	-5.057382445849241	-208.83935098983676	-5.057382445849539	95.03886364506853	
7.272603121845602	217.74204490484016	115.5087262555322	-214.53253060872464	115.50872625553272	68.06836739655637	33.73409945528193	-214.5325306087239	33.73409945528161	100.81189333624546	
7.3272843483256445	214.69266247691857	107.45813979021914	-211.2156203846905	107.45813979021959	-14.16955580573122	62.9915588721212	-211.21562038468977	62.99155887212082	95.87061159914634	
7.381965574805687	263.3330199265688	108.47623745746978	-197.08002997162205	108.47623745747015	-54.76832909406423	79.21758816949568	-197.0800299716213	79.21758816949514	83.82861966943369	
7.436646801285729	336.55060435715694	113.9661914814505	-170.90676487133945	113.96619148145058	-63.259216410628774	83.65018390321893	-170.90676487133868	83.65018390321814	69.3112584912811	
7.491328027765771	385.8342915427037	112.15179187644563	-133.38363685846647	112.15179187644533	-56.49568886347508	82.75580336419551	-133.38363685846582	82.75580336419456	57.110876278759925	
7.5460092542458135	377.5838125021186	94.08435185221579	-90.25098970764253	94.0843518522153	-43.6586286569419	84.90057613309962	-90.25098970764193	84.9005761330987	50.38894737901452	
7.600690480725855	311.35212506496583	62.81548645756506	-52.169688937783604	62.81548645756456	-32.16837615896121	95.03195743299541	-52.16968893778306	95.03195743299469	47.91720842644019	
7.655371707205897	212.06939251347492	36.268475351673146	-29.772752853032916	36.26847535167283	-36.10109174177411	111.6332484129156	-29.772752853032365	111.63324841291524	45.23247401087589	
7.710052933685939	113.36388383075325	37.156141701319456	-28.325396280248974	37.15614170131931	-68.78105278231403	127.88320143983144	-28.32539628024843	127.8832014398314	40.3386973653439	
7.764734160165982	44.747916748060504	71.92152934397521	-45.62162412454906	71.92152934397515	-126.41701664128112	135.71136408419798	-45.621624124548575	135.7113640841982	37.36348210817913	
7.819415386646024	21.159065383125153	118.9882813274368	-73.2305447688335	118.98828132743677	-183.5030717425892	130.09979756096917	-73.23054476883314	130.09979756096965	43.68070126576637	
7.874096613126066	38.689931061552414	142.21468294443645	-100.46085901272707	142.2146829444365	-206.90695072022817	110.98545382012183	-100.46085901272686	110.98545382012254	63.50845609234858	
7.9287778396061075	82.27104607870913	118.49819134075254	-119.22302405491156	118.49819134075253	-178.2270072714823	81.70772742790174	-119.2230240549114	81.70772742790264	93.47644823541738	
7.98345906608615	138.41463127090026	55.874465822069126	-126.4261651422737	55.87446582206903	-111.37493269638003	46.31497848409805	-126.42616514227348	46.31497848409904	123.70529481625776	
8.038140292566192	195.74891645513935	-11.76055705091968	-123.13637861162513	-11.760557050919939	-49.841382788468856	9.420992471144487	-123.13637861162482	9.420992471145464	144.3346749515257	
8.092821519046234	235.28484959698307	-50.68855870100353	-112.89230029205184	-50.68855870100384	-36.14128766289127	-21.996663961516745	-112.89230029205157	-21.996663961515928	152.44580145671398	
8.147502745526277	232.08010853680605	-54.54044532145694	-100.05263034542128	-54.54044532145719	-76.68422971759641	-39.887651028465385	-100.05263034542129	-39.88765102846483	152.81557439952974	
8.202183972006319	173.29888643519524	-45.96072154900627	-87.2067845745212	-45.96072154900631	-138.258019196065	-41.23436174259133	-87.20678457452162	-41.2343617425911	151.76665531069392	
8.256865198486361	70.96529723899577	-50.04230424643113	-72.6561838831891	-50.042304246431044	-175.01553999843554	-32.53473508809328	-72.6561838831899	-32.53473508809328	150.43758748644763	
8.311546424966403	-43.432328278864475	-69.22815034189506	-50.59908726512886	-69.22815034189487	-155.65336571728074	-25.14397131721096	-50.59908726512979	-25.14397131721105	143.4817641509606	
8.366227651446446	-134.87499920877377	-85.62119009315202	-15.207786386847445	-85.62119009315165	-78.06911385896913	-23.978066293424618	-15.207786386848326	-23.978066293424636	123.23373292546805	
8.420908877926488	-180.2125390571311	-81.1075894483356	33.14408000813487	-81.10758944833489	31.413785650138124	-21.58848254455711	33.144080008134154	-21.588482544556967	85.56260484593201	
8.475590104406528	-177.45310464832951	-49.92499543997583	84.09785528535818	-49.92499543997465	139.07427713436624	-5.375112615119951	84.09785528535771	-5.375112615119658	34.14425556575284	
8.53027133088657	-147.02336921562684	3.5721520006182175	120.5590272528832	3.5721520006197522	226.74625785578462	28.44659227929627	120.55902725288308	28.446592279296677	-19.14972589109641	
8.584952557366613	-119.91248400761557	70.36765248693426	128.67333146882063	70.36765248693578	289.36367316603537	68.24844816967385	128.67333146882086	68.24844816967436	-59.308414472982015	
8.639633783846655	-114.24903445776778	137.42768498317213	107.3752088811506	137.42768498317344	322.6443498261863	94.07139541669162	107.37520888115102	94.0713954166922	-76.59802514139213	
8.694315010326697	-121.15771642428321	188.7441837788578	68.41943498958267	188.74418377885894	328.2451552281866	91.49857282021095	68.41943498958308	91.49857282021159	-71.93857581516193	
8.74899623680674	-117.60774331658207	212.7250678972088	25.573895750028104	212.72506789720984	320.8659334629061	61.204853882077344	25.573895750028367	61.20485388207797	-54.241522267586475	
8.803677463286782	-89.43727591174192	210.10299073760058	-16.454720669884775	210.10299073760157	313.70716981552516	17.84205729987243	-16.454720669884658	17.842057299872934	-32.78422119612054	
8.858358689766824	-38.96401398607726	192.57760530783648	-61.41039804480532	192.57760530783747	302.81229117609985	-20.787868587053566	-61.41039804480526	-20.787868587053232	-12.467234627079845	
8.913039916246866	19.879710909951044	171.49193980140817	-110.96123950185708	171.49193980140905	277.75767814787304	-46.195240785764234	-110.96123950185701	-46.19524078576406	5.640592572958515	
8.967721142726909	67.15639549105114	147.88740486239374	-157.90789836923403	147.88740486239442	241.2011060051839	-63.014001354007355	-157.9078983692339	-63.01400135400736	22.995391036243436	
9.02240236920695	85.02361630116194	115.1542682998693	-190.77968798888574	115.15426829986977	209.39155246733267	-80.90843620386988	-190.77968798888563	-80.90843620387012	43.60448013697132	
9.077083595686993	68.05543479398224	73.22375079605696	-202.65384293922847	73.22375079605754	195.84254122140464	-102.47655529728698	-202.65384293922844	-102.47655529728743	71.85184625600566	
9.131764822167035	27.343998131145526	34.27758767394313	-193.95657068108721	34.277587673944026	200.28000639032308	-118.91385935769205	-193.95657068108738	-118.91385935769264	106.80734008353551	
9.186446048647078	-14.6102694132218	10.806356288992788	-169.3013631183144	10.806356288994039	214.34181751330982	-118.15053261655007	-169.3013631183148	-118.15053261655066	139.0953815646419	
9.241127275127118	-36.883966668605076	1.719213738700688	-135.03156286339785	1.7192137387022228	237.33595129376175	-97.72856303082875	-135.03156286339836	-97.72856303082924	156.75594075409262	
9.29580850160716	-34.42060344225042	-5.307809775853883	-99.38851113727121	-5.307809775852377	281.5989141539136	-68.45800628132828	-99.38851113727169	-68.45800628132868	156.17726230286374	
9.350489728087203	-20.870864228041995	-19.08566076073336	-71.87218917208445	-19.085660760732054	353.1310132993025	-44.325823370031955	-71.87218917208475	-44.32582337003229	146.14508862138655	
9.405170954567245	-18.325066810257074	-34.65170963317925	-60.24495781725331	-34.651709633178484	425.2287290816854	-30.48655556529082	-60.24495781725339	-30.486555565291173	140.10714536990983	
9.459852181047287	-41.13436293558271	-39.79316235855973	-67.41691774986987	-39.793162358559414	446.8039807653127	-22.744910736048944	-67.41691774986982	-22.74491073604935	145.36444676092668	
9.51453340752733	-80.6411796165103	-31.047480709829628	-90.18704628300712	-31.047480709829728	389.61344325153897	-16.75220401376559	-90.18704628300702	-16.75220401376604	159.95966030942003	
9.569214634007372	-104.80359342137406	-19.319477011559712	-119.92514594695427	-19.319477011559954	277.8495015330623	-14.269790712854617	-119.92514594695415	-14.269790712855013	178.20866203636177	
