# Stress in units of bar (10^5 Pa)
# z	Sxx	Sxy	Sxz	Syx	Syy	Syz	Szx	Szy	Szz
0.0	-1061.8559463590705	34.45460440309897	-170.63891465939128	34.45460440309696	-960.6375786605721	34.58489996409407	-170.6389146593906	34.58489996409384	184.10865978415623	
0.054681226480042124	770.2228970833578	88.95979947074788	-242.71220028489327	88.9597994707487	750.3756323757879	-32.128087082069015	-242.7122002848941	-32.128087082068056	135.39862379108604	
0.10936245296008425	40.25643004190679	-198.46075424174873	-202.5454505666583	-198.46075424174964	-34.273549677887836	-83.20881740905445	-202.54545056665825	-83.20881740905358	247.59731164166385	
0.16404367944012638	-239.85563534919694	16.154908380595916	-105.87762938522644	16.15490838059444	-394.4418524831481	-70.50825041510721	-105.87762938522354	-70.50825041510515	329.96802483355305	
0.2187249059201685	705.4448057270886	-274.5985073287945	-70.86400968115854	-274.5985073287965	390.0120322955367	-160.0784925303641	-70.86400968115987	-160.07849253036733	323.81073438016466	
0.2734061324002106	126.3440870013587	-168.75553354507224	-105.02070780407725	-168.75553354507326	-880.1256069250556	-76.73704197278701	-105.02070780407625	-76.73704197278542	294.9490401674732	
0.32808735888025276	274.5745989951335	-276.117541839226	79.49553650612019	-276.117541839221	379.50208736813363	-67.85171726974986	79.4955365061196	-67.85171726975145	329.19722778534737	
0.38276858536029484	1270.4914344536028	802.8462190105781	101.70206224962693	802.8462190105769	259.43974689142726	-80.92288033702344	101.70206224962708	-80.9228803370244	335.7716288837828	
0.437449811840337	-611.2863670591807	-364.0821416168409	-22.25613268956703	-364.08214161684026	8.677220681018262	-20.099602476585194	-22.25613268956893	-20.09960247658386	440.1298767965599	
0.49213103832037913	627.2076630371943	161.53516712917366	-9.39077367064939	161.53516712917227	189.15482610493623	-78.48695192526597	-9.390773670648628	-78.48695192526962	500.90759976002005	
0.5468122648004212	-56.28907135458843	-196.13752415240432	56.94388028418223	-196.13752415240305	174.43244787041934	-155.28264410009982	56.94388028418364	-155.2826441001006	500.09382497262425	
0.6014934912804634	627.7310330582145	-838.4068391968984	7.778128805726879	-838.4068391969	1048.6335880435931	-200.06755282825998	7.778128805727172	-200.0675528282639	470.504305008204	
0.6561747177605055	-629.1505823600451	44.72448910486578	-72.46219722662562	44.72448910486908	-107.95211963275906	-161.2457360965891	-72.46219722662632	-161.2457360965899	475.7837101834176	
0.7108559442405477	820.1376040107886	-137.4020456102244	-0.5820440690660206	-137.40204561022622	165.6998949647715	-152.2376161091065	-0.5820440690625874	-152.23761610910987	457.553141560834	
0.7655371707205897	-18.183847047243425	-98.76671149233081	108.62222650161168	-98.76671149232855	377.86236511011	-156.08722767897055	108.62222650161222	-156.08722767897123	292.3972455625986	
0.8202183972006318	-257.413329110889	-24.217080547657794	141.42341459102812	-24.217080547659585	-854.6702432256156	14.473053288721815	141.42341459102857	14.473053288720257	131.77527205012117	
0.874899623680674	-305.40263200235216	-745.7245602516319	76.03429041567908	-745.7245602516315	-45.982012859954295	97.36783966727985	76.03429041567692	97.36783966727998	247.91200424788695	
0.9295808501607161	295.8084870242287	354.12456949898404	39.583069501569135	354.12456949898234	581.9704140954484	-6.155797531082598	39.583069501569284	-6.155797531086309	356.88580924333326	
0.9842620766407583	1425.7270995629756	216.65829944405965	-18.277851059053415	216.65829944406084	426.0181285191991	-4.511682469089108	-18.277851059054548	-4.511682469087894	184.42719738047205	
1.0389433031208004	-717.0991922223523	393.4914553400718	-81.38386151712793	393.49145534007533	-191.18390231967436	-81.18409135248741	-81.38386151712547	-81.18409135248845	52.55542938901628	
1.0936245296008424	510.81936152403904	74.48168409885959	-110.24007647770271	74.48168409885949	-672.0066223207103	-37.93799273932062	-110.24007647770274	-37.93799273932343	6.168894212154649	
1.1483057560808847	-356.044605876112	1.7638147703935918	-186.20655361280424	1.763814770392018	708.2098069729082	-91.95292598884318	-186.20655361280404	-91.95292598884603	171.48305881441775	
1.2029869825609267	-269.1520466534996	417.79148880407604	-180.98907229884847	417.79148880407274	-1213.9966293397533	-20.442542723454274	-180.98907229884898	-20.442542723454487	155.17683340475153	
1.2576682090409688	-244.05612388006938	-527.501374334518	78.91272787776488	-527.5013743345183	766.8120323188107	-6.177728525470142	78.91272787776465	-6.177728525469762	168.41166803468408	
1.312349435521011	-1092.1163861191183	767.8407018428744	-5.477508857043267	767.8407018428741	-703.0013196512417	208.58444786485603	-5.477508857042799	208.58444786485566	17.897308601212195	
1.367030662001053	536.5364869370842	-863.7447997937012	48.75141472060412	-863.7447997937002	-231.54490641848457	88.97677223707707	48.751414720604274	88.97677223707848	9.657400519996267	
1.4217118884810953	-315.955149780037	347.11465156783436	158.0848336355934	347.1146515678364	-852.9000047087775	-45.816336136514416	158.08483363559338	-45.816336136514856	-37.44954937413376	
1.4763931149611373	702.0799602981494	10.445774675049863	147.8821219700885	10.445774675050197	1168.6712923226773	102.35781238968225	147.8821219700881	102.3578123896815	331.05507757967695	
1.5310743414411794	-1023.6342344251336	-130.54651142308742	-76.91805244536324	-130.5465114230868	-607.184771318887	248.6542898576143	-76.91805244536496	248.65428985761645	360.27009720543913	
1.5857555679212216	1036.6724260304607	718.4637976568258	-131.74703812491177	718.4637976568263	586.9216186161681	143.8930527420963	-131.74703812491325	143.89305274209676	48.60591606408555	
1.6404367944012637	-573.8874262426701	-392.6571563260686	38.75633663334625	-392.6571563260698	884.4981203082785	174.77401373963266	38.75633663334685	174.7740137396311	-27.65887181215405	
1.695118020881306	-120.52786134187403	-422.2787891827007	23.70771408343497	-422.2787891827029	-263.08215676849073	57.64081285301197	23.707714083434176	57.6408128530129	-330.4442862080669	
1.749799247361348	-342.78752377348906	-487.88423561398497	151.28814142260438	-487.88423561398474	1930.1979999477142	-207.20748031294352	151.28814142260316	-207.20748031294357	-108.23293596812876	
1.80448047384139	-720.5326616650898	568.7335740473243	92.6907301130093	568.733574047325	-1010.1960918452572	-164.54468024014423	92.69073011301104	-164.54468024014562	15.276372926202857	
1.8591617003214322	1407.3475752945387	745.3497481253191	-171.83359833456376	745.3497481253173	1656.8153521970135	203.85922917135213	-171.83359833456234	203.8592291713528	-189.93023221482818	
1.9138429268014743	-428.5399029234043	59.31238396922331	-101.39041533317834	59.31238396922483	-1312.9143288390737	15.445607025973334	-101.39041533317757	15.445607025973539	-69.18120312495745	
1.9685241532815165	1390.303078250535	246.76077197675758	-167.84351629829263	246.7607719767571	2151.935551358079	-158.15420236044542	-167.84351629829357	-158.15420236044537	312.459804384985	
2.0232053797615586	374.62970738591775	-158.60475460292002	-162.0658220572484	-158.60475460292014	-2395.514281933496	-185.19243384169056	-162.06582205724771	-185.19243384169135	445.5719138238456	
2.077886606241601	416.57911383161695	-149.7280457575265	-325.38578563507514	-149.72804575752545	3789.4300618527245	-237.28449886040923	-325.3857856350748	-237.2844988604092	437.0148078601119	
2.1325678327216426	3066.132059155843	-550.459411287363	-65.1690775144715	-550.4594112873652	108.98365757350798	134.2359307201284	-65.16907751447182	134.23593072012818	55.66534779619497	
2.187249059201685	-1208.6362116086461	-87.54441561237242	-189.66599752974867	-87.54441561237176	116.28381956942486	127.0747398575443	-189.665997529749	127.0747398575443	-191.55477067354727	
2.241930285681727	1275.0729563802745	134.7697744937701	-338.0601838369507	134.76977449376898	1367.3005363468646	-88.96347541187008	-338.0601838369516	-88.96347541187042	309.91122538652525	
2.2966115121617694	1690.1544877485987	958.807281140528	-280.10169201997337	958.8072811405285	1232.9952246730586	-492.20006288859014	-280.10169201997434	-492.2000628885903	764.4425390903433	
2.351292738641811	-815.3618545312199	-56.904188305597536	-217.17145155611723	-56.90418830559857	303.4464586604515	-394.3230282831824	-217.17145155611777	-394.3230282831825	490.8964172648051	
2.4059739651218535	1857.748456880981	-42.88423134852674	133.6741876935779	-42.88423134852595	1671.0469147117321	-306.7920306671577	133.67418769357795	-306.7920306671584	-170.0351873516111	
2.4606551916018957	714.0418803819956	338.2196817405831	341.49712190858077	338.21968174058344	-669.3981485062357	-145.61677066530524	341.4971219085818	-145.61677066530464	-363.3504632500555	
2.5153364180819375	1117.227829675051	-36.04560180173638	74.84054409025644	-36.04560180173736	798.1770439736799	-240.44139955667765	74.84054409025605	-240.44139955667706	-272.0881954215183	
2.57001764456198	-1428.37143041722	-299.84497258872466	107.93528923697562	-299.84497258872403	-854.8251009840573	-1.0153348628749064	107.93528923697498	-1.0153348628748453	168.283259759605	
2.624698871042022	143.19763878624056	129.03471534101564	85.71674822614304	129.03471534101547	-155.09352298839354	46.67666923062972	85.71674822614258	46.67666923062996	536.5231916775276	
2.679380097522064	1522.336232036142	58.839242406124534	-68.9683283291516	58.83924240612386	-371.7619858105356	57.86334925049407	-68.96832832915166	57.863349250493634	648.7029175933557	
2.734061324002106	-1418.1814243935644	-47.65228167975502	-97.70867272581276	-47.65228167975543	-363.3517661753638	-208.54190098390632	-97.70867272581262	-208.54190098390575	653.938879714264	
2.7887425504821484	237.27000813768365	540.1464657236254	-307.24109518796797	540.1464657236259	693.7063484154277	-457.68940206036933	-307.2410951879675	-457.6894020603688	661.1336102129482	
2.8434237769621906	-1526.9230485546977	84.93631727980464	-486.5047310462176	84.9363172798038	-1954.4135027040193	-66.50064027282744	-486.50473104621733	-66.50064027282735	122.33468817972516	
2.8981050034422324	510.66177639873735	-496.350239344789	121.524160195451	-496.3502393447889	1331.1490308168113	171.9154944780414	121.52416019545088	171.91549447804175	81.02422076878268	
2.9527862299222747	925.5605491511916	280.28806684227374	444.9138672394198	280.2880668422735	759.9184189878579	-66.51624137759559	444.9138672394194	-66.51624137759512	153.46563602492466	
3.007467456402317	-408.63519266327444	772.9936634735989	43.19328140980425	772.9936634735992	-843.9882962215626	-257.7238754505939	43.193281409804825	-257.7238754505941	278.1537512203825	
3.0621486828823588	586.512333202454	-270.77173539601046	-310.6917814106242	-270.7717353960111	618.4142894096941	1.9569131672201152	-310.69178141062457	1.9569131672199631	276.5629331605581	
3.116829909362401	-209.50489834783713	-406.7938875375251	90.34474293923131	-406.7938875375258	621.0685538157443	334.9428000284538	90.34474293923186	334.9428000284539	291.0414139160547	
3.1715111358424433	577.8821268865239	-483.22477212259196	180.65795044264746	-483.2247721225916	809.2784850594952	201.07932130302413	180.6579504426469	201.07932130302407	483.2449200684933	
3.226192362322485	-228.5766849191413	31.40374662699676	-211.9818187130592	31.40374662699676	511.41184528033705	-148.25205426676627	-211.98181871305914	-148.2520542667668	676.1755452055661	
3.2808735888025273	-317.9283756937619	-418.2327984122249	-105.71693154633084	-418.2327984122246	-798.5801072980435	-45.64462104271732	-105.71693154633081	-45.64462104271733	473.88160779781606	
3.3355548152825696	1061.4619383587215	374.3659625115201	71.51184470486483	374.36596251151923	438.9400998059391	-109.28909662192059	71.51184470486471	-109.28909662192073	-156.1251794190816	
3.390236041762612	757.2543317394023	-205.56845315570263	78.05982399702498	-205.56845315570226	-424.62756428698003	49.96661578286494	78.05982399702522	49.96661578286501	-420.71253660930057	
3.4449172682426537	259.2643355901206	336.7480998552121	43.08579099210204	336.74809985521193	311.56606755986473	139.26054320877978	43.08579099210185	139.26054320877952	-230.59006842312442	
3.499598494722696	-411.404515953513	98.01918927831206	-41.57387714116784	98.01918927831265	-1290.35979373857	59.946491990830836	-41.57387714116733	59.94649199083022	290.2672949563353	
3.554279721202738	-69.31423688944722	-214.18777762588277	-290.5985566288183	-214.18777762588292	860.8087264909699	23.37268488332256	-290.5985566288181	23.3726848833224	121.76557187098858	
3.60896094768278	-292.17270320387496	177.62223111406428	-450.31847976874354	177.62223111406502	-74.21026358800992	-44.99012575965742	-450.31847976874394	-44.99012575965733	425.8777957578477	
3.6636421741628222	619.7396307384704	-135.17480045606723	-319.52934467601085	-135.17480045606726	-236.8068124840998	-55.12530273786183	-319.52934467601136	-55.12530273786176	550.3068005047154	
3.7183234006428645	578.0346315773883	-359.4806763121763	95.99158924918831	-359.4806763121759	-864.0990861436851	-197.25406469885996	95.99158924918818	-197.25406469885988	334.5577186329529	
3.7730046271229067	-229.94698928031733	191.4914947981675	171.75855087375297	191.49149479816714	180.63768113878785	-55.5291206043544	171.75855087375297	-55.52912060435401	-264.4523055136245	
3.8276858536029486	-392.9129673809788	-45.46850090243104	131.39880574965525	-45.46850090243108	828.1587098564288	-246.16013490393746	131.39880574965522	-246.16013490393703	-283.20843263710793	
3.882367080082991	257.03341160918376	496.03516841635906	90.20838018055001	496.0351684163597	-943.6409679108275	-258.8925375338977	90.20838018054933	-258.89253753389784	-365.83767049294767	
3.937048306563033	232.67342394237562	-586.697657012076	-54.87575146315248	-586.6976570120761	62.33485420095735	67.96125471410716	-54.875751463152305	67.96125471410738	-116.13535093700261	
3.991729533043075	1020.9344559511525	200.02835653793178	-101.0395961436663	200.02835653793124	493.65312882228073	192.19208071188794	-101.03959614366678	192.19208071188837	237.6575465904824	
4.046410759523117	5.140882793260881	-454.0736092030879	26.778758441249465	-454.07360920308867	350.91574289157995	102.05775135674556	26.778758441249014	102.05775135674592	501.1532638832801	
4.101091986003159	-216.90542270006523	-146.42038695713157	214.63107537461204	-146.42038695713157	-173.66056609855667	-200.74769948187802	214.63107537461212	-200.747699481878	548.0096160761578	
4.155773212483202	289.5359443920495	723.8410989300191	156.95151752304486	723.8410989300193	459.31057366988085	-574.4959325018053	156.95151752304446	-574.4959325018052	550.8244329671727	
4.210454438963244	233.04515000595626	332.8572839360041	-335.3604180062338	332.8572839360041	361.28784352247044	-332.46810823461817	-335.36041800623445	-332.46810823461755	419.27868429833075	
4.265135665443285	-189.68347235564494	0.1661540470229786	-432.65988312688825	0.16615404702294814	-270.0881753909886	-52.22460305482601	-432.6598831268879	-52.224603054825884	449.44028131595786	
4.3198168919233275	1034.5935859452197	-128.28593337574574	-233.0244990242592	-128.2859333757453	76.83800978704919	72.01436819534251	-233.02449902425863	72.01436819534216	854.525699498093	
4.37449811840337	1126.290532800799	-324.64335830420674	108.27981011772735	-324.64335830420725	-1580.2464995880032	-119.41711901157664	108.27981011772691	-119.4171190115764	621.6542469641839	
4.429179344883412	1191.3446860479307	522.1927612492449	282.22201658183695	522.1927612492444	1257.144275629284	-35.829386271831595	282.222016581837	-35.8293862718324	276.6040964993754	
4.483860571363454	-1331.3111294202163	-44.58514703144814	197.8449306398459	-44.58514703144832	-565.832069269447	46.81432771348429	197.844930639846	46.81432771348439	156.1433281515094	
4.5385417978434965	-1005.0118318246971	104.34949722337842	162.99122859733924	104.34949722337852	849.5380790275118	43.13027087377483	162.9912285973391	43.13027087377481	244.1997003034841	
4.593223024323539	310.5355126083865	-632.42175642004	-3.669265772606739	-632.4217564200396	-736.506947078162	-24.974843546466456	-3.6692657726065105	-24.974843546466776	382.52210988239193	
4.64790425080358	433.9917421702645	713.5403909534026	-238.45901161124075	713.5403909534015	-189.85620321127476	-167.81140425748208	-238.45901161124095	-167.81140425748146	220.2044001911229	
4.702585477283622	-878.1533712616744	-179.43255200432577	-64.58766263592335	-179.4325520043255	27.90748770204391	162.29916721097626	-64.58766263592325	162.29916721097646	39.15739240259425	
4.757266703763665	-476.8858327289004	94.70890587914604	-72.42267705413167	94.70890587914641	-937.1410906476084	184.08912019656918	-72.4226770541314	184.0891201965687	138.68487471969726	
4.811947930243707	-670.28266991264	-1274.3551232684113	-74.02205410352035	-1274.3551232684104	-195.18208604413883	-198.192213939649	-74.02205410352094	-198.1922139396486	142.12325404316474	
4.866629156723749	-725.8797835994683	260.5063315775126	-103.00511327672464	260.50633157751275	-908.3063577686794	-19.733822656838836	-103.00511327672467	-19.733822656839042	-77.97215127048214	
4.921310383203791	1780.3507103918826	317.668442972082	33.69615727863207	317.66844297208195	1126.786151243985	224.71388707573232	33.69615727863259	224.71388707573223	-191.12781868783992	
4.975991609683833	-119.70253197452703	-19.79215879087623	146.28002513092687	-19.792158790876748	-483.71008552514627	394.9394673092044	146.28002513092662	394.9394673092042	-251.74176983495835	
5.030672836163875	44.785232896391456	-272.0692101330286	-6.415364765548908	-272.0692101330288	521.7919538132509	249.0208111482165	-6.4153647655489765	249.0208111482171	-311.6890327316473	
5.085354062643917	1843.3853384256079	-1100.5011770019105	-461.14716792711243	-1100.501177001912	802.9441084436382	-114.98173875416478	-461.14716792711187	-114.98173875416457	203.93965524302985	
5.14003528912396	687.8553485698963	724.3334712929463	-551.9490982813993	724.3334712929454	-575.8906260763059	-214.72675601435162	-551.9490982813998	-214.72675601435208	63.80197431285928	
5.194716515604002	247.08355941264048	-751.7197703304244	-231.89568339056328	-751.7197703304201	711.845383801256	-344.0600192237004	-231.89568339056353	-344.06001922370126	-84.61178992979099	
5.249397742084044	894.9819734160533	608.0553606196913	-135.4528404174092	608.0553606196925	1351.8544869180423	-242.20830849537361	-135.4528404174104	-242.20830849537396	-275.45079294226355	
5.304078968564086	126.08409470445451	942.6488543636317	-184.6898637176165	942.6488543636323	1895.4702643149858	71.82589855517372	-184.68986371761767	71.82589855517338	53.86373843596668	
5.358760195044128	869.2228096529748	-1009.2881854445609	-268.13016237886217	-1009.2881854445625	-209.99907987771155	268.27318788538	-268.1301623788618	268.27318788537997	489.40426876455354	
5.41344142152417	593.4201488128266	-163.593115507866	-356.5085706899211	-163.59311550786438	131.95147124376166	393.1750433964192	-356.50857068992036	393.1750433964209	194.12118129987917	
5.468122648004212	-851.9013726076217	579.1191736981169	-418.27045759402216	579.1191736981159	907.4013816381027	-38.277959809564834	-418.27045759402154	-38.27795980956406	55.78339372620934	
5.5228038744842545	290.6126733202939	131.45524665697465	-179.6042449302562	131.4552466569754	452.4020631398443	-490.34064575469114	-179.60424493025369	-490.3406457546901	162.22220273271128	
5.577485100964297	1984.3600164142501	617.3481652995781	-56.02657353797758	617.3481652995787	1500.7879528413027	-186.05666604665873	-56.02657353797796	-186.05666604666064	310.96803991156423	
5.632166327444339	671.581047312723	-104.06047027188475	-67.73190228075666	-104.06047027188524	156.28001022034698	168.96018425626167	-67.73190228075738	168.96018425626158	546.5310450253219	
5.686847553924381	-823.5105892945822	476.9127783121334	-1.7406823485501903	476.9127783121345	761.1604330269727	108.07684691950841	-1.7406823485515035	108.0768469195076	246.10665448321987	
5.741528780404423	822.1776048683986	153.4859251659369	-34.13677277746636	153.48592516593874	796.1056369548212	-112.33278479014724	-34.136772777464785	-112.3327847901478	174.09848453166344	
5.796210006884465	-405.7143716312261	210.49467686079007	-197.080798276902	210.4946768607915	-131.298004597305	-279.7686205203303	-197.08079827690176	-279.7686205203303	304.30931654608406	
5.850891233364507	1153.5475752724942	-599.5497412052996	-223.84005575402048	-599.5497412052995	1589.9744389875993	-176.88541293733476	-223.84005575402043	-176.88541293733553	123.44062584678177	
5.905572459844549	-418.5347400003821	-31.50462252106217	22.79023559022288	-31.504622521060792	-628.1875068694251	-162.26230289077594	22.790235590225002	-162.26230289077841	82.59702368305486	
5.960253686324592	-269.1617576522658	115.42203003128336	115.40970351956857	115.42203003128742	-452.5887914242114	-118.78447485648302	115.40970351956719	-118.78447485648402	-108.88016212204073	
6.014934912804634	584.8159719579702	598.3225891292544	-20.209925340403284	598.3225891292523	-152.5029609461702	-43.403750790513826	-20.209925340403725	-43.40375079051302	-15.276036788299281	
6.069616139284676	-692.8602855757312	-669.8726246844459	-15.078748915559167	-669.8726246844464	-1300.0276765819467	-92.1694313513719	-15.078748915555495	-92.16943135137332	178.30302408459025	
6.1242973657647175	474.7122661922622	432.6282349240473	39.99884964541402	432.6282349240473	1440.2059335657802	95.04373034145398	39.99884964541578	95.04373034145532	174.41677591822264	
6.17897859224476	-553.5577599790947	26.15258393070202	6.722438220472153	26.152583930700832	-170.63954763386127	-67.9396088780863	6.72243822047216	-67.93960887808561	159.45407008979254	
6.233659818724802	81.94848442519101	212.5257250686121	34.05362605228406	212.52572506861083	215.85461835055474	-107.95756060223243	34.05362605228407	-107.9575606022321	131.86016044249448	
6.288341045204844	127.61968509518375	-40.33129598194891	37.96781588190012	-40.33129598195058	282.3095760951406	-188.9239079094492	37.96781588190088	-188.9239079094491	227.9370550202874	
6.3430222716848865	-509.87346097651886	-337.91935296861345	146.44175192332932	-337.91935296861175	829.0690534510371	-269.0880385120853	146.44175192333205	-269.0880385120867	214.30926674942012	
6.397703498164929	402.97151770935574	132.2623491142376	88.84241406146903	132.2623491142391	234.3568822779041	-361.898097312043	88.84241406146839	-361.8980973120407	195.14678240024173	
6.45238472464497	-493.06251687938004	-70.16666855832165	19.76030146284533	-70.16666855832192	-231.16657434177444	-264.8778860971013	19.760301462845256	-264.87788609710145	128.66956459686676	
6.507065951125012	647.7887918182971	-378.90010660402123	71.48355710791868	-378.90010660402135	527.7281153311152	-177.6480881383644	71.48355710791898	-177.64808813836385	41.86456292619978	
6.561747177605055	203.75713990045907	-468.4531403884212	-40.22404893835183	-468.453140388421	367.56902525980456	-117.7581087569177	-40.22404893834984	-117.75810875691728	-51.95526561798352	
6.616428404085097	-132.70683559810726	-235.75450172724405	-90.42286026719603	-235.7545017272424	283.40970204851345	-113.79662438101259	-90.42286026719852	-113.7966243810145	-211.44179424100238	
6.671109630565139	-247.3012813628593	170.30613071513324	-93.61275200195448	170.3061307151333	-236.81081209465358	-57.62366564378621	-93.61275200195396	-57.62366564378691	-223.21926425044637	
6.725790857045181	-144.05553257864344	58.975196768518494	-153.76489061763925	58.9751967685179	-77.13499485184404	12.334285388017586	-153.76489061764127	12.334285388018804	-109.8918048295893	
6.780472083525224	130.20779292016462	565.7050957643576	-94.49166794866393	565.7050957643604	730.9823041131639	111.29300518149284	-94.49166794866584	111.29300518149267	-33.72256316603657	
6.835153310005265	640.8044740745249	85.52855046839899	-17.93547958411672	85.52855046840038	-443.9559899977999	43.262677430624684	-17.935479584115296	43.262677430624244	-70.3479298195147	
6.889834536485307	138.11713101831552	-269.2421690698303	-92.49832549616136	-269.24216906983526	564.5316600542423	-59.26377451270145	-92.49832549616568	-59.26377451270271	24.564731580992305	
6.94451576296535	-460.53714444650024	141.9458343817409	-191.82075269804542	141.94583438174115	-407.8119882696116	-200.97526940588398	-191.82075269804744	-200.9752694058838	33.3456221056171	
6.999196989445392	586.5314550015942	-29.488257888633633	-169.85748777442288	-29.488257888633015	275.33704453949446	-153.46696566083153	-169.85748777442507	-153.46696566082946	-4.637435118359605	
7.053878215925434	12.02866236628991	83.44934194773717	-181.90358908078107	83.44934194774032	-126.3265991021069	-170.57098360225862	-181.90358908078272	-170.57098360225825	-11.06405682462053	
7.108559442405476	382.9794729822527	-352.20914135442666	-154.42662352591168	-352.209141354425	607.5519052058302	-108.79580780595779	-154.42662352590895	-108.79580780595927	47.32364769563558	
7.163240668885519	556.7372119719532	967.8604100888342	-173.20481922738423	967.8604100888366	854.4684525065619	-51.14494666849289	-173.204819227383	-51.14494666849233	69.35844864576146	
7.21792189536556	681.5777165123542	-271.5869866938522	-252.525007053144	-271.58698669385274	99.21434912012175	17.758474717297112	-252.52500705314282	17.758474717295766	196.92879300091585	
7.272603121845602	-557.8658393653376	107.5953966218281	-249.50176998078604	107.59539662182536	-211.56818572501987	34.10392251897829	-249.50176998078624	34.10392251897794	118.78003946330404	
7.3272843483256445	456.5255163833522	202.37765048109856	-222.45792931833915	202.37765048110188	-267.5347348455423	99.06443490644189	-222.457929318339	99.06443490644277	58.17090739454906	
7.381965574805687	-287.9502873345321	-70.75808252682516	-190.15967509594898	-70.75808252682572	84.10356758956706	141.34428243303594	-190.1596750959478	141.3442824330355	119.29161107008942	
7.436646801285729	629.1067436749971	123.76186556322865	-218.01386795434408	123.7618655632314	-230.34620719640003	107.82033654715916	-218.0138679543421	107.82033654715816	92.4168032011999	
7.491328027765771	802.9577454167274	428.9264749997953	-216.59619002448244	428.92647499979455	274.7515654784852	49.550031744287175	-216.59619002448247	49.55003174428693	24.372011014114673	
7.5460092542458135	420.34417925223124	-274.11106190758477	-46.37724909398297	-274.1110619075881	-474.22495907354653	43.1068398853542	-46.377249093982186	43.10683988534994	-35.83071092667829	
7.600690480725855	225.12256279930247	557.2034165300267	23.888845477653184	557.2034165300254	132.78217580972753	73.86176772574022	23.888845477652808	73.86176772574002	90.88234603592406	
7.655371707205897	493.5381908930077	-252.0242542618001	-7.649539462997948	-252.0242542617994	105.84929374735334	102.14923534047989	-7.649539462997157	102.14923534048108	117.2793326017527	
7.710052933685939	-148.8391689800174	-197.77663966763456	38.410251165492795	-197.77663966763345	12.816448843507573	161.08643606097002	38.41025116549396	161.08643606096933	10.17702593806553	
7.764734160165982	-158.33982983236865	-106.95806888468215	4.486990570640549	-106.9580688846825	93.95254006237616	170.27440796091744	4.486990570641348	170.2744079609182	9.428422305708006	
7.819415386646024	93.83397308827	506.77740076264695	-88.3432908120898	506.77740076264706	-676.9893811705307	198.39507998308744	-88.34329081209042	198.3950799830861	14.88671829790136	
7.874096613126066	-349.05304821888336	44.42943189319455	-179.10747517069885	44.42943189319142	60.55513309359906	105.32261111302276	-179.10747517069728	105.32261111302573	-9.463420809875954	
7.9287778396061075	509.64818851242444	495.6272717595121	-114.66260091992665	495.62727175951653	-680.0279099747025	70.6012147532446	-114.66260091992687	70.60121475324469	77.34006331680574	
7.98345906608615	99.75332122784518	70.65990621650694	-135.26030734199082	70.65990621650596	-216.04915048158713	77.32491514082531	-135.26030734199352	77.32491514082635	200.07324639908913	
8.038140292566192	-448.3265342895219	-238.3936351451672	-184.32235727221556	-238.39363514516847	329.49617480417106	20.603415036025382	-184.32235727221376	20.603415036026608	201.67827704774996	
8.092821519046234	1111.9936252354046	-247.00707849363118	-98.03663026264715	-247.0070784936314	466.79816064480286	-45.967509636005246	-98.03663026264469	-45.967509636003214	180.76594577798502	
8.147502745526277	22.89149091554616	-280.2043074631466	-71.06659499267792	-280.2043074631483	-217.08237390451688	-124.09891058557875	-71.06659499267688	-124.0989105855782	109.12268862662042	
8.202183972006319	437.06362785855293	479.32197026329214	-95.92960936236487	479.321970263292	-634.7725990632952	-146.61334266809334	-95.92960936236688	-146.61334266809405	122.60996374056592	
8.256865198486361	84.93468700589017	-180.27413205836584	-67.66714729498774	-180.27413205836243	456.7434620444016	53.75160112965613	-67.66714729498945	53.75160112965617	168.77985517560188	
8.311546424966403	-40.05506472108308	54.65085392537126	-80.92470779567412	54.6508539253692	-974.1544269706212	20.063371921525604	-80.92470779567594	20.06337192152523	186.08167182564807	
8.366227651446446	-557.6965166713057	-475.15891014790117	-103.53881562206871	-475.15891014790003	-310.4698507684774	50.97190271816231	-103.5388156220688	50.97190271816147	158.75293833454032	
8.420908877926488	58.59170371066897	220.21102997690923	5.350706529192227	220.2110299769053	633.3809294144587	-106.56917018613974	5.350706529192012	-106.56917018613989	157.55172032694816	
8.475590104406528	-595.7368285072178	-497.4827882513318	111.4406165234758	-497.48278825132695	79.9143836908989	-155.43162664229712	111.44061652347406	-155.43162664229519	67.55888216951308	
8.53027133088657	-127.09541520884196	434.75660207465125	219.92157657976313	434.75660207465415	190.24417920799814	9.491536407317632	219.92157657976193	9.491536407317897	-81.40160658919874	
8.584952557366613	204.57073911034794	-394.85018494760084	265.9032344542898	-394.85018494759925	-61.94316713563546	144.7018764755393	265.90323445429163	144.70187647553945	-123.00630759630508	
8.639633783846655	129.85290468108516	449.295154158941	177.02883513305193	449.2951541589427	1186.6680690324179	167.6254669990973	177.0288351330532	167.62546699909592	-203.99782939898077	
8.694315010326697	-526.424210512571	115.24949864731707	-15.309792804404356	115.24949864731568	46.17697420456039	234.21637435850866	-15.309792804403747	234.2163743585126	-68.1231608938235	
8.74899623680674	-300.070524823211	567.8981687499004	-48.60658134467191	567.8981687499039	104.50849695338192	92.2344222515861	-48.60658134467084	92.23442225158574	16.82264938868357	
8.803677463286782	361.45557663273826	-122.60823783113598	25.732716222979732	-122.60823783113698	173.29771101900437	-20.490164397537033	25.73271622297809	-20.490164397535434	-78.57013634836443	
8.858358689766824	-584.6404534933058	552.393083006796	29.838529967456893	552.393083006797	903.1360927208225	-144.8339912907934	29.838529967455848	-144.8339912907952	-5.331738759326262	
8.913039916246866	222.15792055563685	-153.16298113428076	-91.2889757013723	-153.16298113427848	-169.72167775262696	-77.73744751385294	-91.2889757013701	-77.73744751385145	16.127572995721646	
8.967721142726909	175.08512587307317	77.91428246171311	-247.63551120402002	77.91428246171674	659.5514471602688	2.271869898501969	-247.6355112040197	2.2718698985016186	58.652901318131825	
9.02240236920695	367.7588238121589	665.6201754218557	-289.51342304194105	665.620175421851	-208.81659351477632	-50.84074230462533	-289.51342304194293	-50.84074230462362	-5.5850642087939875	
9.077083595686993	-357.9301530609241	-227.37382265954685	-199.57776552454752	-227.37382265954733	155.7338358100854	-47.591038241901344	-199.5777655245465	-47.59103824190373	38.220517054810614	
9.131764822167035	759.1530284763147	-179.37062152036762	-223.40490980373116	-179.37062152036478	464.5091273637418	-190.43580763389028	-223.40490980372934	-190.4358076338923	32.94867200592958	
9.186446048647078	-621.3890842235837	312.39535215206644	-211.8628594077172	312.39535215206877	-236.11672283876166	-294.8620240500551	-211.862859407718	-294.86202405005383	221.3444609456432	
9.241127275127118	-179.12732959162926	-509.1845677559663	-150.43966210711767	-509.18456775596684	921.5142941617937	-113.20852217141213	-150.43966210712117	-113.20852217141334	303.1579408584833	
9.29580850160716	306.64793753042875	612.9427965875394	-77.71039697928506	612.9427965875428	-365.76912562527826	30.54471945672161	-77.71039697928502	30.54471945672089	184.94227699282663	
9.350489728087203	-330.9540573177561	-415.31985571278415	-7.831663811595681	-415.31985571278045	255.68199462694812	42.883775635926504	-7.831663811594535	42.88377563592763	43.063208624761465	
9.405170954567245	139.79840609239963	393.04998182591913	-23.923093958379717	393.04998182591913	218.77248225849516	-64.22842352695623	-23.923093958381365	-64.22842352695795	122.07815940545821	
9.459852181047287	256.45281507900637	-757.422722116897	-19.7307001812979	-757.4227221168993	1798.106507193138	-67.26741791298727	-19.730700181296644	-67.26741791298672	104.72367181179762	
9.51453340752733	-167.38163806546427	428.6702612619295	-54.71463351980636	428.6702612619294	-250.5944382626522	-25.30260077767671	-54.71463351980554	-25.302600777676346	150.59200778099736	
9.569214634007372	-88.31865274996944	-116.89065167049297	-144.54283497851222	-116.89065167049145	872.8819023403652	40.848272510373384	-144.54283497851324	40.848272510370364	251.5504411614354	
