# Stress in units of bar (10^5 Pa)
# z	Sxx	Sxy	Sxz	Syx	Syy	Syz	Szx	Szy	Szz
0.0	28.91532556600623	-40.09249963836964	-105.06538612426245	-40.092499638369695	182.2470748734819	-44.33960900908129	-105.06538612426237	-44.339609009081535	213.87282990599695	
0.054681226480042124	61.453021733215635	-45.14082641644334	-101.22561056562573	-45.14082641644348	144.69966229208484	-48.88911929629141	-101.22561056562557	-48.88911929629165	233.368764706382	
0.10936245296008425	98.84578764658522	-49.86960715943067	-93.95551342441365	-49.86960715943086	112.17447991149601	-55.0520097364073	-93.95551342441351	-55.05200973640757	254.70317807751738	
0.16404367944012638	137.47119326545862	-54.45376171902227	-83.12321573240433	-54.45376171902247	88.88038485944372	-62.124930049052644	-83.12321573240416	-62.12493004905297	277.31366066242947	
0.2187249059201685	173.23988033043042	-59.29722177137285	-69.37533851330349	-59.29722177137299	77.29971997960514	-69.49284246922099	-69.37533851330335	-69.4928424692214	300.44614358297736	
0.2734061324002106	202.3107793211344	-65.10418697975655	-53.91660765640548	-65.10418697975663	77.692162066256	-76.70182337426272	-53.91660765640531	-76.70182337426327	323.1418089837105	
0.32808735888025276	221.9019270339022	-72.59386263498833	-38.15405837187719	-72.59386263498834	88.08850518172278	-83.4277801930908	-38.15405837187702	-83.42778019309151	344.21482117527535	
0.38276858536029484	230.77756218975037	-82.15430592909834	-23.338529816256454	-82.1543059290983	104.85372910125258	-89.38542566112658	-23.338529816256262	-89.38542566112744	362.2786457014409	
0.437449811840337	229.30106220666966	-93.39052321677137	-10.342490080144097	-93.3905232167713	123.30715647313653	-94.19517808711005	-10.342490080143872	-94.19517808711112	375.8436265112992	
0.49213103832037913	219.3964897620248	-105.02007206930864	0.4070505143268144	-105.02007206930851	138.8704717220177	-97.35111654070172	0.40705051432707773	-97.35111654070293	383.50470874145964	
0.5468122648004212	203.7189444171275	-114.800191617519	8.812914360599494	-114.80019161751883	147.80782762901674	-98.2656726591229	8.8129143605998	-98.26567265912425	384.18441106390276	
0.6014934912804634	185.27595321571653	-120.22469990064124	14.899133808566946	-120.22469990064107	148.12596732163854	-96.42193288258568	14.89913380856728	-96.42193288258714	377.37486454377034	
0.6561747177605055	166.55551429296648	-118.96486802221395	18.619430835819273	-118.96486802221378	139.4236325357982	-91.59189102851023	18.619430835819628	-91.59189102851174	363.2615181414608	
0.7108559442405477	149.14520801434156	-109.6420976864062	19.794137958801524	-109.64209768640607	122.9631808876162	-83.9819355631699	19.79413795880187	-83.98193556317142	342.74053281304396	
0.7655371707205897	133.231813934641	-92.20199116249336	18.19223801305427	-92.2019911624932	100.76374413109302	-74.21982578722537	18.192238013054588	-74.21982578722688	317.30472080654016	
0.8202183972006318	117.79441107633275	-68.07442873450931	13.737971724639443	-68.07442873450917	75.00264371360514	-63.19295909972284	13.73797172463973	-63.19295909972431	288.77818965433266	
0.874899623680674	100.86798693140602	-39.870069229729566	6.763455486232587	-39.87006922972944	47.43833822626352	-51.77464861359505	6.763455486232829	-51.774648613596455	259.0752024631373	
0.9295808501607161	80.37022953914752	-10.962562367807081	-1.8592871466519085	-10.962562367807003	19.274312040026643	-40.54404756802059	-1.8592871466517131	-40.54404756802192	229.94469538936255	
0.9842620766407583	54.989606149166434	15.198201170785026	-10.759417071613624	15.198201170785062	-8.414305553522745	-29.640159468641677	-10.759417071613473	-29.640159468642906	202.79720556666703	
1.0389433031208004	24.88395647849626	35.77087459522129	-18.316008310808023	35.77087459522128	-34.3615068882861	-18.816240789582	-18.31600831080791	-18.81624078958312	178.63220589817138	
1.0936245296008424	-7.956933131252768	49.0827903133222	-23.06856673663347	49.08279031332215	-56.46449097664681	-7.617982445661781	-23.068566736633393	-7.617982445662777	157.9969111619472	
1.1483057560808847	-40.24757501902367	54.84479595449626	-24.110103586277095	54.84479595449621	-72.13060376859906	4.330947443555726	-24.110103586277063	4.330947443554879	140.96325658689148	
1.2029869825609267	-68.11452776190237	54.04537140420251	-21.359753277226567	54.04537140420244	-77.93232307628818	17.05766533238777	-21.359753277226588	17.057665332387074	127.14524545249142	
1.2576682090409688	-88.26247605993117	48.54758466082433	-15.571402895143077	48.54758466082433	-71.0886150708532	30.120828155456465	-15.571402895143148	30.120828155455932	115.73301562721491	
1.312349435521011	-99.00372931151755	40.570330188840956	-8.131919513192821	40.570330188840956	-49.5738321371865	42.59241428782333	-8.131919513192948	42.59241428782296	105.6138475639847	
1.367030662001053	-99.99082631981858	32.252239986501806	-0.6887835936235138	32.25223998650178	-13.10683181047645	53.22220018269422	-0.6887835936237074	53.22220018269399	95.58648390271414	
1.4217118884810953	-92.21624220025163	25.284369452441254	5.220938849697063	25.284369452441283	36.51454041586955	60.682353136428134	5.220938849696825	60.682353136428	84.65859906458442	
1.4763931149611373	-76.8069433299446	20.87292943040996	8.419321589722662	20.87292943040997	95.62160667984531	63.85294283516933	8.41932158972239	63.85294283516929	72.40483002909163	
1.5310743414411794	-54.02719299061579	19.763625784645626	8.168066587151229	19.76362578464562	159.39393904744344	62.047782183049634	8.168066587150959	62.04778218304964	59.283318496429644	
1.5857555679212216	-22.95513487317507	22.176728154034613	4.082374060651695	22.176728154034542	222.78722904339082	55.17530279931657	4.082374060651448	55.17530279931658	46.74620954139089	
1.6404367944012637	18.401393264741927	27.761146138602395	-3.9858936928576805	27.761146138602307	281.8333065065434	43.751056366554295	-3.9858936928578865	43.75105636655431	37.00808231197802	
1.695118020881306	72.21854486262568	35.46213199165729	-15.976328581515496	35.46213199165719	334.3876377521909	28.788744278611812	-15.97632858151562	28.7887442786118	32.51890981728597	
1.749799247361348	139.72827364999992	43.65213962265627	-31.58937256321346	43.65213962265611	380.62967066167937	11.539600817074414	-31.589372563213516	11.539600817074389	35.24563097098667	
1.80448047384139	220.09188097535736	50.47892593049734	-50.165126025427135	50.4789259304972	422.44853932487445	-6.782698279755023	-50.165126025427114	-6.782698279755079	46.02696692294448	
1.8591617003214322	309.8262151081279	54.45848717227463	-70.56482589638655	54.458487172274424	462.55590891221556	-25.272747738482526	-70.5648258963865	-25.272747738482614	64.22952204938721	
1.9138429268014743	403.3308581303403	55.19453429944293	-91.15643502913814	55.19453429944277	503.0830758927424	-43.47432550185859	-91.15643502913807	-43.47432550185868	87.8033733846627	
1.9685241532815165	493.54169875432	53.51144491334526	-109.92320111501951	53.51144491334508	544.2115507770156	-61.341096647856176	-109.92320111501944	-61.341096647856304	113.70357830064202	
2.0232053797615586	573.2701932956173	51.26616002735335	-124.68800007398508	51.266160027353166	583.8112846894247	-79.08694515395698	-124.68800007398505	-79.08694515395712	138.6092252177842	
2.077886606241601	636.3676663069148	50.58457081034827	-133.47528179278467	50.584570810348055	617.2339286948193	-96.88783551707392	-133.4752817927847	-96.88783551707404	159.6199544862429	
2.1325678327216426	678.34674298684	52.91054400909778	-134.88758543322638	52.910544009097634	638.4526493842391	-114.5723367858233	-134.88758543322643	-114.57233678582344	174.85733148102005	
2.187249059201685	696.8051837640014	58.37969094049565	-128.43471380401456	58.37969094049548	641.3228173302499	-131.41774580473796	-128.43471380401468	-131.4177458047381	183.82331572403245	
2.241930285681727	691.090583715406	65.76167146722774	-114.75999737045345	65.76167146722756	621.2154647546218	-146.19419338462282	-114.75999737045362	-146.1941933846229	187.5277807834594	
2.2966115121617694	662.0433125022275	73.1103791400905	-95.73940235545217	73.11037914009032	576.1616918145014	-157.43558743007426	-95.73940235545234	-157.43558743007435	188.30602359524033	
2.351292738641811	611.7655785318032	78.46773093429826	-74.23563630406403	78.4677309342981	507.7649835298189	-163.88740134496254	-74.23563630406424	-163.8874013449626	189.324241874143	
2.4059739651218535	543.4920347610033	80.75965847047559	-53.55232321607755	80.75965847047544	421.1512049672198	-164.92007642062916	-53.552323216077745	-164.92007642062913	193.76773379762565	
2.4606551916018957	461.83462242488224	80.04471119238664	-36.727378153668425	80.04471119238652	324.58597179175314	-160.76971479263568	-36.72737815366859	-160.76971479263565	203.9258078341063	
2.5153364180819375	372.5322377841799	77.23372211408815	-25.80282486279748	77.23372211408802	227.8455230357771	-152.43656992104312	-25.802824862797635	-152.43656992104306	220.41008080967362	
2.57001764456198	282.4887306366198	73.62007985463403	-21.313155421491537	73.6200798546339	140.94372720081182	-141.33137508140294	-21.313155421491658	-141.33137508140285	241.84419304536334	
2.624698871042022	198.86051419569864	70.03651022316487	-22.215051414658127	70.03651022316473	72.24305243074865	-128.77446266566315	-22.21505141465821	-128.774462665663	265.25027266023636	
2.679380097522064	128.29978480361865	66.53666013603404	-26.313740389423764	66.5366601360339	27.262596278794994	-115.61331646068771	-26.31374038942381	-115.61331646068756	286.95302930272294	
2.734061324002106	75.77360271580895	62.31174370823237	-30.99668159863098	62.31174370823221	7.893823520985432	-102.11043000743724	-30.996681598631	-102.11043000743709	303.8034478883271	
2.7887425504821484	43.77905401083456	56.02971993354231	-34.06264569269375	56.02971993354215	12.154799108978324	-88.0983904758108	-34.06264569269376	-88.09839047581065	314.0287596360017	
2.8434237769621906	32.06491464202893	46.39213245545517	-34.330612160403604	46.392132455454984	35.02411917623181	-73.32345053702599	-34.330612160403575	-73.32345053702585	317.4825275178042	
2.8981050034422324	37.69478305863153	32.73574464103765	-31.830920606937298	32.73574464103748	69.0866599685534	-57.802903718828055	-31.830920606937262	-57.802903718827935	315.2286016992816	
2.9527862299222747	56.14149991708623	15.473266588157403	-27.58345176077955	15.473266588157204	106.17349474042298	-42.01597655418195	-27.5834517607795	-42.01597655418186	308.72646523569756	
3.007467456402317	82.14556775724276	-3.7956749689192146	-23.101788412593415	-3.7956749689194105	138.08502382323974	-26.840361588340027	-23.101788412593386	-26.84036158833997	298.99912340278024	
3.0621486828823588	110.73834581953511	-22.61905090350014	-19.892074745319732	-22.619050903500302	158.6181283224394	-13.334229312119447	-19.89207474531969	-13.33422931211944	286.3057985631358	
3.116829909362401	138.04502897077688	-38.23968432792807	-19.064742779480675	-38.23968432792822	163.7131829683521	-2.43710518100297	-19.064742779480646	-2.4371051810029947	270.3544244031605	
3.1715111358424433	161.0236134819856	-48.445345713124894	-21.217162991804685	-48.44534571312502	152.3514204451582	5.237873985769571	-21.217162991804678	5.237873985769522	250.9388430963848	
3.226192362322485	177.8763504073535	-52.17322879276304	-26.444170494649544	-52.17322879276314	126.42932409463928	9.474034891172245	-26.44417049464953	9.474034891172172	228.59769127051123	
3.2808735888025273	187.65895369000253	-49.78873878059613	-34.39115054398118	-49.78873878059618	90.12208934630493	10.35253414111293	-34.39115054398117	10.35253414111282	204.85618541773954	
3.3355548152825696	190.13149396217912	-43.03129342482454	-44.2788545554472	-43.031293424824575	48.8030818494627	8.12004108232512	-44.27885455544721	8.120041082325017	181.88070576069518	
3.390236041762612	186.11855279761113	-34.30691037235286	-54.85762591489188	-34.30691037235286	8.06277247814181	3.0246748095973714	-54.857625914891905	3.024674809597264	161.73062757351846	
3.4449172682426537	177.29337105663828	-25.95547281457422	-64.47802593051503	-25.9554728145742	-27.443419391066357	-4.689673181242627	-64.47802593051506	-4.6896731812427195	145.59604742538093	
3.499598494722696	166.09732209956348	-19.651445560080624	-71.32737673367434	-19.651445560080553	-54.40865034935064	-14.703258916048688	-71.32737673367438	-14.703258916048762	133.39675434390443	
3.554279721202738	155.18342666659694	-16.03314308954732	-73.8168218798202	-16.03314308954725	-71.04047570072181	-26.45833885467622	-73.81682187982028	-26.458338854676274	124.10934260876728	
3.60896094768278	146.99348386784996	-14.79999243902165	-71.06918421509113	-14.799992439021562	-76.98964858388663	-39.14095373657561	-71.06918421509124	-39.14095373657562	116.62149510072112	
3.6636421741628222	143.3741351616796	-14.979092317500612	-63.27747525777051	-14.979092317500532	-72.84472709580304	-51.7801037049466	-63.27747525777065	-51.78010370494657	110.72155920466913	
3.7183234006428645	145.06776247687304	-15.374409132436321	-51.773786375751456	-15.374409132436242	-60.089413905223665	-63.49648997567383	-51.77378637575161	-63.49648997567376	107.70465062166973	
3.7730046271229067	152.01641370843316	-14.7529465743414	-38.75106259759308	-14.752946574341344	-40.70549243836432	-73.76713153321532	-38.75106259759323	-73.76713153321522	110.2299329186191	
3.8276858536029486	163.32205568580596	-12.223471653861978	-26.69602478803122	-12.223471653861935	-17.43614052634365	-82.52521558102899	-26.696024788031405	-82.52521558102885	121.41255081008092	
3.882367080082991	177.87022049222134	-7.212686539152777	-17.734232524328693	-7.21268653915277	6.649033388297781	-90.10678487429969	-17.734232524328892	-90.10678487429954	143.57313919157437	
3.937048306563033	194.35852025017795	0.3734288665955461	-13.108134967722211	0.37342886659551766	28.21673482180619	-96.95236311066824	-13.108134967722414	-96.95236311066806	177.07990855069622	
3.991729533043075	211.3800870918786	10.17407768750114	-12.91862888013612	10.174077687501068	44.0411801211429	-103.19465349398038	-12.918628880136318	-103.19465349398018	219.82123320874848	
4.046410759523117	227.48787612419466	21.143285494859093	-16.14128391445931	21.14328549485903	51.830094038809875	-108.40839372178202	-16.1412839144595	-108.40839372178186	267.47055649331577	
4.101091986003159	240.5767440914363	31.796258176612806	-20.926303416981817	31.796258176612753	50.37416962214762	-111.62335907353304	-20.926303416981987	-111.6233590735329	314.39729668150346	
4.155773212483202	248.006485275642	40.45012566181813	-25.15587649011712	40.45012566181807	40.04332251939715	-111.64528346623507	-25.15587649011727	-111.64528346623494	354.88212417429816	
4.210454438963244	246.53993508368924	45.59881086296616	-27.075566760872782	45.598810862966104	22.46440235671999	-107.51402578977135	-27.075566760872896	-107.51402578977128	384.2478276338727	
4.265135665443285	232.89796426249984	46.27076494984165	-25.795275871016212	46.27076494984159	-0.06050966840729899	-98.87601798528235	-25.795275871016294	-98.87601798528229	399.54631326745744	
4.3198168919233275	204.98280798020522	42.07418247097315	-21.59058848593695	42.0741824709731	-25.00655472039125	-86.17748107336341	-21.590588485937012	-86.17748107336337	399.81180822819647	
4.37449811840337	162.91784340640928	33.251586130646075	-15.833258054450694	33.25158613064602	-50.44556637025596	-70.50155803708775	-15.833258054450734	-70.50155803708773	385.85550428254044	
4.429179344883412	109.80860111974802	20.41139636181034	-10.523695270457981	20.411396361810333	-74.98981604454457	-53.22328946942641	-10.523695270458013	-53.223289469426405	359.7750038193735	
4.483860571363454	51.85055211220801	4.274519886724768	-7.635954408680689	4.274519886724768	-97.70115977834871	-35.63043699680772	-7.635954408680703	-35.63043699680772	324.34013599423895	
4.5385417978434965	-2.5604345088045335	-14.277372933643825	-8.537818775668878	-14.277372933643804	-117.11482446043149	-18.65715191067348	-8.537818775668889	-18.65715191067349	282.4040324990928	
4.593223024323539	-44.37049531055493	-34.266745716489	-13.704454104400696	-34.266745716488956	-131.01011868831822	-2.868409481192634	-13.704454104400703	-2.868409481192643	236.6240041957867	
4.64790425080358	-65.45955101747859	-54.590811304701	-22.815559791738202	-54.59081130470092	-136.2023666233587	11.393430663564914	-22.81555979173821	11.39343066356491	189.33410657302997	
4.702585477283622	-60.3401326794463	-73.91994420527188	-35.155558365761735	-73.91994420527176	-128.97120589760817	23.763201019604118	-35.15555836576175	23.763201019604114	142.62523047254655	
4.757266703763665	-27.31153794275727	-90.80636200450859	-50.072110049962255	-90.80636200450849	-106.00221339850553	33.66048743931594	-50.072110049962276	33.66048743931594	98.49876795121017	
4.811947930243707	31.245975790926664	-103.78520947923934	-67.22640613037709	-103.78520947923926	-65.24168220650355	40.26127698741544	-67.22640613037711	40.26127698741546	58.97895282837343	
4.866629156723749	109.27162417079705	-111.53926777188373	-86.55590758933407	-111.53926777188362	-6.793986158787504	42.732974154247515	-86.55590758933411	42.732974154247515	26.07115922364216	
4.921310383203791	197.82794900699759	-113.072243558811	-107.99173163059201	-113.07224355881087	67.04351702030283	40.60764696468403	-107.99173163059204	40.60764696468402	1.5762843212562032	
4.975991609683833	286.94665276723833	-107.74809896332357	-131.09646401250083	-107.74809896332343	152.0928309528513	34.12270155437787	-131.09646401250092	34.12270155437785	-13.187788305138561	
5.030672836163875	367.131530086189	-95.42830072873576	-154.8445280403312	-95.42830072873556	242.75315537439835	24.353236055824226	-154.84452804033128	24.35323605582418	-17.600686555541905	
5.085354062643917	431.2182917084105	-76.54541235232594	-177.6677845594969	-76.54541235232571	333.0119865330826	13.026636207484438	-177.667784559497	13.026636207484401	-11.867190551039872	
5.14003528912396	475.36177199684687	-52.06803208002512	-197.7237454348209	-52.068032080024835	417.17714667768917	2.02209227024769	-197.723745434821	2.0220922702476614	3.0316503185241785	
5.194716515604002	499.1805243601686	-23.535848262122016	-213.26997873373085	-23.535848262121732	490.49154903940075	-7.220905224764536	-213.26997873373097	-7.220905224764564	25.462552879161585	
5.249397742084044	505.2902408995419	7.2654067306160535	-222.97840290799508	7.2654067306164265	549.7599001521318	-14.156754396516295	-222.9784029079951	-14.156754396516302	53.32494780523767	
5.304078968564086	498.00698961339697	38.357312083854524	-226.13336820774344	38.35731208385492	593.3300771271233	-19.244943181772737	-226.1333682077434	-19.244943181772726	84.25790792111233	
5.358760195044128	481.9760106966578	67.77315809735886	-222.6728764084628	67.77315809735927	620.9789339797103	-23.64376895174454	-222.6728764084628	-23.643768951744534	115.77273006789491	
5.41344142152417	460.90812753892266	93.62691879026394	-213.1390698865785	93.62691879026437	633.4967635281164	-28.671061684954665	-213.1390698865784	-28.671061684954676	145.41605954426706	
5.468122648004212	436.78514020658855	114.11509226774554	-198.5595284368775	114.11509226774601	631.7445452160916	-35.29092694547934	-198.55952843687737	-35.29092694547939	170.92273669455943	
5.5228038744842545	410.04080908946315	127.76188808374971	-180.28477479069682	127.76188808375022	616.3400160290834	-43.81638373357915	-180.28477479069662	-43.816383733579265	190.39789722738814	
5.577485100964297	379.96991690819897	133.58316548920604	-159.7856505583958	133.58316548920658	587.3759702404054	-53.88552957621985	-159.78565055839553	-53.88552957622004	202.519169775869	
5.632166327444339	345.6513116161313	131.55070865874524	-138.43056239725712	131.5507086587458	544.9961292515567	-64.67116297487993	-138.43056239725684	-64.6711629748802	206.73390190544856	
5.686847553924381	306.5511270514321	122.64252322315009	-117.28084051654557	122.64252322315075	490.05622007567183	-75.14374925584747	-117.28084051654524	-75.14374925584784	203.41624203401472	
5.741528780404423	263.12867651584605	108.86049806398586	-96.99426186476853	108.86049806398651	424.93642922685524	-84.36411047068518	-96.99426186476816	-84.36411047068559	193.9016809532014	
5.796210006884465	216.7820111413443	92.6724504530047	-77.84411037583261	92.67245045300542	354.0601455160893	-91.71354282436243	-77.84411037583217	-91.71354282436292	180.32410908940008	
5.850891233364507	169.56688977671487	76.49952324047746	-59.856400387833126	76.4995232404781	283.5783639829817	-97.02936267788975	-59.856400387832636	-97.02936267789022	165.2465167797127	
5.905572459844549	123.92847537809033	61.99896583293372	-42.97370492344538	61.998965832934246	220.58745516370192	-100.69358670837562	-42.97370492344483	-100.69358670837607	151.15970103206277	
5.960253686324592	82.11066728662591	49.661182724580925	-27.207478633038512	49.66118272458136	171.39218302185685	-103.58790168327548	-27.20747863303788	-103.58790168327586	139.94843672455332	
6.014934912804634	46.026761386840306	38.87171774516166	-12.721724085221302	38.87171774516199	140.32429837593986	-106.88225934545073	-12.721724085220607	-106.88225934545105	132.47865490932008	
6.069616139284676	17.152379945469846	28.239877275901264	0.15405795540284406	28.23987727590145	128.47363545771697	-111.68224997780287	0.15405795540357392	-111.68224997780307	128.4426254489902	
6.1242973657647175	-3.67299737231356	16.307516982075803	10.969200901899507	16.307516982075896	133.54496430985446	-118.5999686251016	10.969200901900258	-118.5999686251017	126.44096658599163	
6.17897859224476	-16.308394737687486	2.016018935523462	19.195305825544164	2.0160189355234692	150.56960255006373	-127.45482308031431	19.1953058255449	-127.45482308031436	124.37295090066091	
6.233659818724802	-21.201864743759828	-14.655016920455898	24.270170950286698	-14.655016920455896	173.2288093798516	-137.16960786444275	24.27017095028739	-137.16960786444272	119.95939565077444	
6.288341045204844	-19.47300443658626	-32.513626191734204	25.6777141450572	-32.513626191734176	195.36466619299534	-145.97171998150503	25.677714145057813	-145.97171998150492	111.32120117264553	
6.3430222716848865	-12.626584491963818	-49.51855269561402	23.059821970429944	-49.51855269561396	212.1145191171295	-151.85011343656868	23.05982197043044	-151.85011343656862	97.45664366538188	
6.397703498164929	-2.3747034563386222	-62.96226784767575	16.33827058779916	-62.96226784767562	220.76278774011257	-153.11542662968964	16.33827058779952	-153.11542662968955	78.48556129513659	
6.45238472464497	9.767888245639654	-70.30625768899088	5.793487089879186	-70.30625768899068	220.74236640107273	-148.91508406350903	5.793487089879381	-148.9150840635089	55.702270150063825	
6.507065951125012	22.754682986938505	-69.90777585834387	-7.920706251414679	-69.90777585834358	213.1831170622827	-139.51071514165753	-7.920706251414675	-139.51071514165747	31.335780063962815	
6.561747177605055	36.27808085645539	-61.43526489729103	-23.884615681730615	-61.435264897290715	200.3730630211182	-126.22467722482838	-23.88461568173081	-126.22467722482838	8.08406993762318	
6.616428404085097	50.52561302511762	-46.096876022808104	-41.08675795183401	-46.09687602280777	185.0329338935191	-111.11752964334505	-41.086757951834414	-111.11752964334508	-11.42962627553511	
6.671109630565139	65.99750173392127	-26.265625952557286	-58.609412192000406	-26.265625952556924	169.84911042256635	-96.457385789752	-58.60941219200099	-96.45738578975205	-25.191831483171253	
6.725790857045181	83.30521224334383	-4.798232685532582	-75.78672675043823	-4.798232685532213	157.0956505035494	-84.12311199017194	-75.78672675043897	-84.12311199017199	-32.114803739192205	
6.780472083525224	102.65550845199576	15.698066195081763	-92.25454291855095	15.698066195082147	148.21533981225085	-75.12564131042225	-92.2545429185518	-75.12564131042234	-32.13289821484501	
6.835153310005265	123.84707463080511	33.51500921578522	-107.88496428535422	33.51500921578562	143.78262563216788	-69.36904228808442	-107.88496428535511	-69.36904228808449	-26.071676408951646	
6.889834536485307	146.12619414385122	48.092630470609905	-122.65420005434487	48.09263047061032	143.14697225800734	-65.74345992650446	-122.65420005434575	-65.74345992650454	-15.330851747901523	
6.94451576296535	168.44919476245514	59.79217853647458	-136.4983239381159	59.79217853647505	144.6114344786837	-62.481461844908324	-136.49832393811667	-62.481461844908395	-1.5718111010554303	
6.999196989445392	189.70769486806458	69.42427513846579	-149.1967948148564	69.42427513846629	145.72673593947022	-57.69117768530552	-149.19679481485701	-57.69117768530561	13.560258792754238	
7.053878215925434	208.95137146549334	77.71716950552417	-160.3024797997781	77.71716950552475	143.64085382573245	-49.89205309927892	-160.3024797997785	-49.89205309927904	28.59963302334892	
7.108559442405476	225.676000637262	85.06194094289279	-169.16575608688498	85.06194094289339	136.12183658146296	-38.37918681671698	-169.1657560868852	-38.37918681671714	42.32322061294239	
7.163240668885519	239.76854792650613	91.36778142185875	-175.0185293980971	91.36778142185932	121.9149625530563	-23.364270966013155	-175.0185293980971	-23.364270966013372	53.78560276343782	
7.21792189536556	251.5135576426739	96.27244664116083	-177.10511920602025	96.27244664116134	101.30919336982473	-5.8123430470247115	-177.10511920602005	-5.812343047024988	62.35178577203175	
7.272603121845602	261.0431627827259	99.34304008528001	-174.87019648705817	99.34304008528044	75.95629623206858	12.887348839875887	-174.8701964870578	12.887348839875532	67.73925740468798	
7.3272843483256445	268.07097979338215	100.32285339435757	-168.13978395487888	100.32285339435792	48.381384665153874	31.314815403984245	-168.1397839548784	31.314815403983832	70.04212160738595	
7.381965574805687	271.671763355376	99.23092701777017	-157.28272632875178	99.23092701777038	21.158854135255538	48.33194775761032	-157.28272632875124	48.33194775760986	69.71978187912909	
7.436646801285729	270.36773838274144	96.43268191260705	-143.28010845912428	96.43268191260717	-3.9069767059499227	63.217527193953835	-143.2801084591237	63.217527193953345	67.5290830395743	
7.491328027765771	262.7818726351651	92.52559522896266	-127.65204960073173	92.52559522896264	-25.955936895140184	75.62904420160775	-127.65204960073115	75.6290442016073	64.4164632303915	
7.5460092542458135	248.31752410573608	88.26290069185686	-112.2455970046174	88.26290069185676	-45.12031159861504	85.41775499157562	-112.24559700461681	85.41775499157521	61.39636361544214	
7.600690480725855	227.72337801248435	84.24009978796917	-98.8946251638475	84.24009978796903	-62.04636770513729	92.43216352501237	-98.89462516384692	92.43216352501204	59.42789345813935	
7.655371707205897	203.31150358125882	80.74860383890024	-89.03859305055782	80.7486038389001	-77.26967305360158	96.3913495875449	-89.03859305055728	96.3913495875447	59.32203038902198	
7.710052933685939	178.44934693611225	77.44832016283883	-83.41488979411393	77.44832016283864	-90.83023801563407	96.8850271878124	-83.41488979411345	96.88502718781236	61.65781910228144	
7.764734160165982	156.64161569480814	73.53749319981566	-81.90157173196866	73.5374931998155	-102.12774011975398	93.51971912926697	-81.90157173196826	93.51971912926712	66.69113824227378	
7.819415386646024	140.4655441212285	67.84171478815031	-83.56906455332779	67.84171478815018	-110.43623385561489	86.13536724353418	-83.56906455332744	86.13536724353446	74.28899738535573	
7.874096613126066	130.7281263605082	59.339657799662604	-86.91176610890054	59.339657799662454	-115.08884048370001	75.00012330833457	-86.91176610890025	75.00012330833499	83.89596105026935	
7.9287778396061075	126.13648778415455	47.5581514998086	-90.18210435806306	47.55815149980846	-116.01903297544183	60.91117868221055	-90.18210435806283	60.911178682211045	94.55756133262628	
7.98345906608615	123.64900438590642	32.88156136676679	-91.71843858306492	32.88156136676667	-113.59567406066016	45.14713636641867	-91.71843858306478	45.14713636641922	105.03304462628554	
8.038140292566192	119.34475874521456	16.477152167176254	-90.19407773052134	16.477152167176158	-108.41179516116965	29.27958927062371	-90.1940777305213	29.27958927062426	113.94448266614941	
8.092821519046234	109.55446930596679	0.07196663898126587	-84.74222201660862	0.07196663898121614	-100.54958266782167	14.910477940728086	-84.74222201660868	14.910477940728608	119.95655678827573	
8.147502745526277	91.96093391800763	-14.346758532457596	-74.99528720442699	-14.346758532457581	-89.35140557632218	3.4104884890102554	-74.99528720442714	3.4104884890107314	121.92627000194761	
8.202183972006319	66.25577099335368	-25.035636904270554	-61.09086925975697	-25.035636904270433	-73.363870193962	-4.26166757501754	-61.09086925975723	-4.261667575017131	119.04683575365354	
8.256865198486361	34.237179274330884	-30.487323276421343	-43.68554475442265	-30.48732327642113	-50.87128456767749	-7.662286636229452	-43.68554475442298	-7.662286636229103	110.94324802487792	
8.311546424966403	-0.7196006403791984	-29.610306522614792	-23.972092470431914	-29.610306522614408	-20.714804699000986	-6.869713904131533	-23.972092470432287	-6.869713904131217	97.78511857961641	
8.366227651446446	-34.5707528070965	-21.859302249438795	-3.6680372715709644	-21.85930224943829	17.0760077850434	-2.45763249698887	-3.6680372715713334	-2.4576324969885732	80.3552216957583	
8.420908877926488	-63.56955960669889	-7.240091946148027	15.089589080411526	-7.240091946147359	60.764623587827444	4.532282885504701	15.0895890804112	4.532282885505005	60.04923238043499	
8.475590104406528	-85.08290287478142	13.406692797074065	29.987263111038757	13.406692797074868	107.31167398325559	12.656343447639292	29.987263111038498	12.65634344763962	38.76936943654393	
8.53027133088657	-97.82893886359477	38.418112923488025	38.89449373223905	38.41811292348898	152.83314483605167	20.20034911739481	38.89449373223888	20.20034911739518	18.68318813023809	
8.584952557366613	-101.80374991758141	65.36095620491304	40.25079382744987	65.36095620491406	193.6193255593253	25.410381680410552	40.2507938274498	25.410381680410946	1.8821117240842362	
8.639633783846655	-97.89524335168345	91.38317280009922	33.37864593053886	91.38317280010027	226.67219070788366	26.794480472794767	33.37864593053887	26.794480472795172	-9.961026179324364	
8.694315010326697	-87.53561871590374	113.60409779295102	18.645697947253787	113.60409779295207	250.40700103785383	23.436737926945348	18.645697947253858	23.436737926945753	-15.842045747767916	
8.74899623680674	-72.48609228273745	129.67199680891892	-2.5730575806244453	129.67199680891997	264.56638021618727	15.206131174497639	-2.5730575806243348	15.206131174498001	-15.506139025296934	
8.803677463286782	-54.63824734267111	138.12435784818445	-28.104714530789224	138.12435784818544	270.2470591720412	2.797824649143508	-28.10471453078911	2.7978246491438172	-9.359846040658615	
8.858358689766824	-36.17894929513851	138.50375172029302	-55.29179547812843	138.50375172029396	269.46214812898205	-12.421206717191934	-55.29179547812833	-12.421206717191724	1.7193910485598627	
8.913039916246866	-19.252898492820975	131.40245646082386	-81.36031011989134	131.40245646082477	264.79427061690086	-28.687692176616462	-81.36031011989128	-28.687692176616352	16.593271275268442	
8.967721142726909	-5.768180029504165	118.15497994966907	-103.80650660448504	118.15497994966998	259.0733000076005	-44.16720760150159	-103.80650660448501	-44.16720760150158	34.028515425710964	
9.02240236920695	2.87976297598955	100.58340826018626	-120.74334822287935	100.58340826018713	254.86062200266542	-57.23285303188745	-120.74334822287938	-57.232853031887565	52.79669379479242	
9.077083595686993	6.253258768188346	80.65068587585398	-131.15856618196034	80.65068587585489	254.18235869955436	-66.68346433056632	-131.15856618196042	-66.68346433056652	71.74659422049966	
9.131764822167035	4.762340106916739	60.20642550627368	-135.07301799534173	60.206425506274584	257.97639004247986	-71.87399002223805	-135.07301799534184	-71.87399002223833	89.87633892837452	
9.186446048647078	-0.47092360351415863	40.72360609475349	-133.5010113543688	40.7236060947544	265.86512358873796	-72.77296278418284	-133.50101135436898	-72.77296278418316	106.4500665593799	
9.241127275127118	-7.795500834051435	23.238921164806612	-128.20561822164007	23.238921164807465	276.11491488867347	-69.9401931270611	-128.20561822164024	-69.94019312706145	121.11179201956737	
9.29580850160716	-15.457402732792943	8.296693359251307	-121.30149223789911	8.296693359252131	285.67230245783276	-64.4311615275582	-121.30149223789931	-64.43116152755859	133.96173694731675	
9.350489728087203	-21.640492799205134	-4.03807344150745	-114.76845175198903	-4.038073441506754	290.89296049194587	-57.60108327824913	-114.76845175198918	-57.6010832782495	145.5382657627722	
9.405170954567245	-24.545815132702987	-13.97229283085484	-109.98757639264656	-13.972292830854315	288.27573976274556	-50.87790465070068	-109.98757639264667	-50.87790465070103	156.69488936211965	
9.459852181047287	-22.33020873812783	-22.03530723293342	-107.44028690895794	-22.035307232933036	275.46684009112533	-45.522599501344374	-107.440286908958	-45.52259950134471	168.3925458260866	
9.51453340752733	-13.340396767320982	-28.759932411231844	-106.65095838092057	-28.75993241123163	252.02514063261685	-42.435340895550645	-106.65095838092054	-42.435340895550944	181.48255410914334	
9.569214634007372	3.643914304731453	-34.67220512292434	-106.38787248079764	-34.67220512292426	219.67544877009266	-42.050493987244636	-106.38787248079757	-42.0504939872449	196.55633505163541	
