# Stress in units of bar (10^5 Pa)
# z	Sxx	Sxy	Sxz	Syx	Syy	Syz	Szx	Szy	Szz
0.0	-10.908978004573157	-38.93351222203566	-119.61844358670572	-38.933512222035915	182.91356596830894	-34.47096185124188	-119.61844358670558	-34.47096185124207	204.7248233099062	
0.054681226480042124	32.590665070095525	-46.38717170412714	-121.18339172573718	-46.387171704127496	117.91041820410497	-42.98289082574775	-121.183391725737	-42.98289082574787	226.08033125471448	
0.10936245296008425	88.99173654304849	-53.92043622602614	-114.01791757095857	-53.92043622602654	64.25926933924538	-53.30583728991496	-114.01791757095836	-53.30583728991507	249.54285577742533	
0.16404367944012638	150.2254345085512	-58.808602956362066	-98.30446795512668	-58.80860295636244	29.511795145722193	-63.50253147665117	-98.3044679551265	-63.50253147665131	274.43538600569804	
0.2187249059201685	206.66118082577566	-59.61636532737596	-76.51607829372375	-59.61636532737623	17.47242070126069	-72.16573669644482	-76.51607829372358	-72.16573669644508	300.2647132584948	
0.2734061324002106	249.815471326608	-57.8233570476968	-52.47187776335296	-57.823357047696945	28.0980591054023	-78.99669045899785	-52.471877763352815	-78.99669045899827	326.61719079620434	
0.32808735888025276	274.2259346921039	-57.908336955444355	-30.041477703334824	-57.90833695544438	57.5501493358025	-84.79525543438663	-30.041477703334724	-84.79525543438727	352.83475114997213	
0.38276858536029484	278.53696006608016	-65.10856910520349	-11.96472639595099	-65.1085691052034	98.68614448247672	-90.80442165641198	-11.96472639595089	-90.80442165641283	377.55772271456124	
0.437449811840337	265.51022407987256	-82.05407108612599	0.8222421808442064	-82.05407108612587	141.92434474419707	-97.71957214295523	0.822242180844361	-97.71957214295637	398.45782742349627	
0.49213103832037913	240.45463586185787	-106.71731790692965	9.15022980346972	-106.71731790692948	177.191162220809	-104.92671959038199	9.150229803469959	-104.92671959038336	412.5008096005949	
0.5468122648004212	209.5562343298143	-132.72915545149755	14.919768239937198	-132.72915545149738	196.00220379097178	-110.42809893301342	14.91976823993754	-110.42809893301495	416.75207057810525	
0.6014934912804634	178.35480721497163	-152.32815283625138	20.025803074561935	-152.32815283625115	194.27098170096775	-111.6043644903424	20.02580307456236	-111.60436449034407	409.4117755982342	
0.6561747177605055	151.23822195526577	-159.20509718421914	25.295811639133042	-159.20509718421894	173.45033584459082	-106.468896902951	25.29581163913351	-106.46889690295271	390.56562864322507	
0.7108559442405477	131.59941700778018	-150.4548444704026	29.954501969102953	-150.4548444704024	140.4757229237363	-94.80981411177987	29.9545019691034	-94.80981411178155	362.26303920336727	
0.7655371707205897	121.10337623015452	-126.19250610397769	31.869235868767543	-126.19250610397754	104.35217613939733	-78.54586427912983	31.869235868767923	-78.54586427913141	327.8272715010346	
0.8202183972006318	118.63095694317401	-88.99052711413879	28.564700952972082	-88.99052711413866	72.16593281297962	-61.0523291815121	28.56470095297236	-61.0523291815136	290.82107202286636	
0.874899623680674	118.73802918590421	-43.45703690410509	18.59991421011619	-43.45703690410494	45.58479273848894	-45.73260117799573	18.599914210116374	-45.732601177997154	254.17302622085987	
0.9295808501607161	112.6856039211971	3.9219123876764144	2.654398585776267	3.921912387676528	21.378893588175785	-34.52682677681468	2.654398585776394	-34.52682677681602	219.9009527008899	
0.9842620766407583	91.65222868007393	45.498232535388375	-16.24037265199891	45.49823253538848	-5.385880146902572	-27.127777495081908	-16.24037265199881	-27.127777495083194	189.33106812859887	
1.0389433031208004	51.58837113722913	74.54973933716607	-33.48973059954183	74.54973933716607	-37.45564787356277	-21.30875762332359	-33.48973059954173	-21.3087576233248	163.34807493995947	
1.0936245296008424	-3.6973545878975074	87.44120368022908	-44.42597759039501	87.44120368022897	-72.97662537095573	-14.144397864777416	-44.42597759039492	-14.144397864778517	142.46852215414953	
1.1483057560808847	-63.12078506401497	84.93665708377611	-46.000431227672436	84.93665708377593	-106.41096295423063	-3.419538346601592	-46.000431227672365	-3.4195383466025344	126.74640961190349	
1.2029869825609267	-112.7632190591661	71.45711081785758	-37.94647757529337	71.45711081785738	-130.1101953033785	11.472721257032324	-37.946477575293336	11.47272125703159	115.81902312724209	
1.2576682090409688	-141.73959669459296	53.26106895275046	-22.90197927701194	53.261068952750264	-136.65460793330837	29.457872240023704	-22.901979277011975	29.4578722400232	109.01623700395172	
1.312349435521011	-146.5082680138224	36.02650544483532	-5.426728733728197	36.02650544483518	-119.943095383633	48.40147927598805	-5.426728733728311	48.40147927598778	105.19012941736545	
1.367030662001053	-131.83849643543397	22.974492197787953	9.764673718228934	22.97449219778798	-77.09789826327605	65.80699133625644	9.764673718228725	65.80699133625636	102.23967732516111	
1.4217118884810953	-107.84211684257929	14.451868962438354	19.522792210537304	14.45186896243851	-9.3888768817678	79.20876635875176	19.522792210537	79.2087663587518	96.92827276420805	
1.4763931149611373	-84.54373382793216	8.944178275602116	23.131200053328257	8.94417827560228	76.41188120136226	86.34180608430162	23.131200053327866	86.34180608430174	85.70674886806589	
1.5310743414411794	-67.27024383728957	5.428977183666859	21.8025278753032	5.428977183666959	169.35999832410772	85.41744636501848	21.802527875302776	85.4174463650186	66.61878931255936	
1.5857555679212216	-53.46861954029987	5.203927482579218	17.215721501380244	5.203927482579175	256.7009832326475	75.76500924164598	17.21572150137985	75.76500924164608	41.235097603670695	
1.6404367944012637	-33.87121021700412	11.557170201793532	10.013666256234664	11.557170201793376	327.5727060844018	58.410166274121345	10.01366625623436	58.41016627412141	15.137829345934882	
1.695118020881306	3.638050154121217	26.88415298447012	-0.7170193654043402	26.88415298446988	376.4416549656455	36.02477904148202	-0.7170193654045072	36.024779041482034	-3.698574871286958	
1.749799247361348	68.89721146402483	49.17032127980077	-16.644901885454892	49.1703212798005	405.25723244153016	12.002180585475909	-16.6449018854549	12.002180585475866	-7.957736425826983	
1.80448047384139	164.49470505584796	71.02360354820462	-38.72596820976371	71.02360354820436	422.91691911867775	-10.78024644961338	-38.72596820976358	-10.780246449613443	6.05211090966089	
1.8591617003214322	284.5159939254365	82.81952674487579	-66.11261790290175	82.81952674487556	442.3204942881717	-30.737097995036574	-66.11261790290153	-30.737097995036667	36.85779050483472	
1.9138429268014743	415.85160168786007	78.51090826832532	-96.1031489923586	78.51090826832512	474.9684576516221	-47.59600868106401	-96.10314899235837	-47.59600868106412	78.4070151161966	
1.9685241532815165	542.5011823143836	60.07218558878844	-125.01831333821885	60.07218558878827	525.848529095714	-62.1178174388841	-125.01831333821866	-62.117817438884245	122.40886841565819	
2.0232053797615586	649.8701177503519	37.178317697038544	-149.19146179962235	37.17831769703836	591.0818076713952	-75.94236407949934	-149.19146179962226	-75.9423640794995	161.32580378568463	
2.077886606241601	728.0449741779021	22.365940591931604	-165.47112612828897	22.36594059193142	659.1094779038424	-91.39283740995846	-165.471126128289	-91.3928374099586	190.4114196251928	
2.1325678327216426	773.6093006180575	24.08278842314321	-171.19119545751045	24.082788423143004	715.0116094696583	-110.64909500750123	-171.19119545751056	-110.64909500750139	207.8226887628561	
2.187249059201685	788.2476390135153	42.35503888559236	-164.20320308149175	42.35503888559213	744.5702931643615	-134.1687640973578	-164.20320308149198	-134.16876409735795	213.27518589906595	
2.241930285681727	776.2988028319522	69.04905236705517	-143.53890220369004	69.04905236705497	737.4972682385628	-159.3905030869462	-143.53890220369033	-159.39050308694635	207.18335286073196	
2.2966115121617694	741.0574437504591	92.66073685584617	-110.69837425734468	92.66073685584595	688.1895068154695	-181.00112964697408	-110.698374257345	-181.0011296469742	191.5294316488444	
2.351292738641811	683.3845294240698	104.34644605483277	-70.60131094239807	104.34644605483263	597.0750125456177	-193.13400634413628	-70.60131094239837	-193.1340063441363	171.84005992941104	
2.4059739651218535	602.745442859703	101.70358579172654	-31.151346967720784	101.70358579172645	471.6006930491245	-192.35199603920574	-31.151346967721032	-192.35199603920574	157.66219977319574	
2.4606551916018957	500.36651823106536	88.95609892164318	-1.0914621507770015	88.95609892164312	326.04999337535776	-179.58387994294236	-1.0914621507772075	-179.58387994294236	159.54494142756485	
2.5153364180819375	381.90944865814623	73.70868811148836	13.07310785361743	73.70868811148823	179.63174133790426	-159.74414497793123	13.073107853617252	-159.74414497793111	183.58000283113552	
2.57001764456198	257.62484188144987	62.90859419893473	9.64376237440159	62.90859419893461	51.89265979109098	-139.2450747903333	9.643762374401469	-139.24507479033315	227.00890393564973	
2.624698871042022	140.6204557790227	59.83692812788072	-7.453795845900594	59.83692812788057	-41.51868571222393	-122.88102690339144	-7.453795845900687	-122.88102690339126	278.3452682763572	
2.679380097522064	43.95268566790793	63.498808242038194	-30.07301484021493	63.498808242038	-92.20043055051329	-111.87848515563729	-30.07301484021499	-111.87848515563708	322.4716233601025	
2.734061324002106	-21.677758783027542	69.8294087060149	-48.964859468412826	69.8294087060147	-99.32666479452196	-103.93723798845815	-48.964859468412826	-103.93723798845792	347.7743249385088	
2.7887425504821484	-50.47181177374165	73.71630288792488	-57.34939336128284	73.71630288792467	-68.82930765190997	-95.08501370540213	-57.34939336128285	-95.08501370540193	351.16187225987846	
2.8434237769621906	-43.61752755833453	70.55671253449226	-53.43179091688555	70.55671253449205	-10.845433390676277	-82.04265501153989	-53.431790916885504	-82.04265501153967	338.4283150906783	
2.8981050034422324	-9.638003774318946	57.16358710478229	-40.5578976286781	57.16358710478207	61.83838128085907	-63.7625774403534	-40.55789762867805	-63.762577440353205	320.17493715039245	
2.9527862299222747	37.850866213398916	32.57252228866919	-24.98722598538249	32.57252228866899	135.66068493167234	-41.70785920735784	-24.987225985382455	-41.707859207357714	305.9703718251803	
3.007467456402317	85.84705471044111	-1.0692600255423264	-12.560070643416438	-1.0692600255425047	197.73567802680506	-19.08464699939975	-12.560070643416413	-19.08464699939966	299.69425538907973	
3.0621486828823588	126.48184248009215	-37.85903732067781	-6.255958434836419	-37.85903732067798	237.03441881584828	0.38555908098273406	-6.255958434836405	0.3855590809827607	298.137832815781	
3.116829909362401	158.32409376227665	-69.26574382238384	-5.882865931470164	-69.26574382238401	246.1078692128774	13.855346771943854	-5.882865931470157	13.855346771943822	293.21189055014275	
3.1715111358424433	183.91727236589486	-87.13272537646628	-9.55437949630987	-87.13272537646637	223.1020365396984	20.40296518009221	-9.554379496309853	20.402965180092146	276.6719619256272	
3.226192362322485	204.92520620864502	-87.28882401086528	-15.718232877985843	-87.28882401086537	172.73373222190813	21.310995475401196	-15.718232877985841	21.31099547540109	245.11286672007654	
3.2808735888025273	219.46368588117588	-71.70496923311919	-24.369823881036623	-71.70496923311921	105.87596517522897	19.119794614820833	-24.36982388103661	19.11979461482069	202.74721086241428	
3.3355548152825696	222.98694273989514	-47.46455626085782	-36.71857621660861	-47.464556260857826	35.934896164884236	15.933681519954218	-36.7185762166086	15.933681519954078	160.14638082830407	
3.390236041762612	212.387938100234	-23.584346157121587	-53.597696976625	-23.58434615712156	-25.285246180127103	12.062047219783253	-53.59769697662499	12.062047219783105	129.14161897442824	
3.4449172682426537	189.60337592784555	-7.180304439164674	-73.57842668475202	-7.180304439164601	-70.90555657926711	5.992170116431774	-73.578426684752	5.992170116431625	116.47255958318496	
3.499598494722696	161.56078744658495	-1.068784089886174	-92.1740217402378	-1.068784089886055	-99.47528296055887	-4.330500133367153	-92.17402174023783	-4.330500133367266	119.89205235250242	
3.554279721202738	136.92684202939432	-3.6004532934524036	-103.10389457129955	-3.6004532934522757	-113.06493660821063	-19.78361158152156	-103.1038945712996	-19.78361158152164	129.21903175982624	
3.60896094768278	121.568248518218	-10.44341283108998	-101.2133626519287	-10.443412831089837	-114.66161919666487	-39.03871181035067	-101.2133626519288	-39.03871181035069	131.96217525173753	
3.6636421741628222	117.12342815307761	-17.194764506765498	-85.3854697669538	-17.194764506765367	-105.9257461646289	-58.786011261196684	-85.38546976695392	-58.78601126119665	120.50933538421597	
3.7183234006428645	122.18431585345351	-21.373066615507078	-59.52979505477569	-21.373066615506968	-87.47261688517867	-75.07158833488586	-59.52979505477586	-75.07158833488577	96.79801530198094	
3.7730046271229067	134.63889881969106	-22.77594597846754	-30.894657258654604	-22.77594597846747	-59.750245569180834	-85.12033396989253	-30.89465725865478	-85.12033396989241	72.01510930565095	
3.8276858536029486	152.53543468596774	-22.241559016870454	-6.824680604335526	-22.241559016870454	-24.479166785008545	-88.87933970606744	-6.8246806043357395	-88.87933970606728	61.42789860423599	
3.882367080082991	173.45662976264097	-19.596859883566736	7.9301371284330395	-19.59685988356678	14.85387928091258	-89.37727800799794	7.930137128432813	-89.37727800799777	77.17529462722882	
3.937048306563033	194.42006830860564	-13.026280012282271	11.902180931287079	-13.026280012282385	52.83736152687921	-91.36725144132855	11.902180931286841	-91.36725144132835	122.80281483126029	
3.991729533043075	213.2737382556025	-0.2647764155470895	6.014753128055776	-0.26477641554723164	82.9073530904561	-98.61437346494807	6.01475312805554	-98.61437346494787	192.10199442567392	
4.046410759523117	230.60009081631108	18.729461240181667	-7.406682983504902	18.72946124018152	98.52657204165504	-111.27432333781219	-7.406682983505137	-111.27432333781199	272.2508107373069	
4.101091986003159	249.41053308705054	40.519212853594475	-24.816054627578545	40.51921285359434	95.40620623989415	-125.26803616028856	-24.816054627578758	-125.26803616028839	348.9368284186719	
4.155773212483202	271.3736120845494	59.08412859486654	-41.161826188605524	59.08412859486639	73.62873048927207	-134.22779433729556	-41.161826188605716	-134.22779433729542	410.63032361679	
4.210454438963244	292.43690092453755	69.15978833654353	-50.53640850026099	69.15978833654341	38.59370812373246	-132.93286291757698	-50.536408500261146	-132.9328629175769	450.4557518704415	
4.265135665443285	301.57418871362324	68.80811896467323	-48.4086794945098	68.80811896467311	-0.5702532086450773	-120.03322498307259	-48.40867949450991	-120.03322498307253	466.0289383801116	
4.3198168919233275	284.7658919583264	59.89032377287629	-34.37801199476022	59.89032377287618	-34.954436430148036	-98.36558231892353	-34.378011994760286	-98.36558231892352	458.47567564030066	
4.37449811840337	232.9463305674912	46.08056707722944	-13.294503848267944	46.08056707722933	-60.252268253765266	-73.05186291990245	-13.294503848267976	-73.05186291990248	431.5987690943233	
4.429179344883412	148.3676716099118	30.176847953785334	6.549428192659612	30.1768479537852	-78.73104928118082	-48.872951295170196	6.549428192659619	-48.872951295170246	390.9775567759616	
4.483860571363454	44.8996492219692	12.887789061976278	17.37503828030406	12.887789061976164	-97.16978432336214	-28.50326378075768	17.37503828030406	-28.50326378075773	342.59359304229406	
4.5385417978434965	-57.33830452108961	-6.821185240242627	15.571232750402721	-6.82118524024267	-121.49317058997282	-12.195723922225392	15.571232750402725	-12.195723922225424	291.2486128628404	
4.593223024323539	-139.11663944881684	-29.96231163077009	2.903579950732718	-29.962311630770174	-151.91901731602013	1.4472025143490477	2.9035799507327145	1.4472025143490335	239.52183503441196	
4.64790425080358	-186.36514530731137	-56.0719813254331	-15.207640429833187	-56.071981325433114	-181.28107736995793	14.366034663638281	-15.20764042983319	14.366034663638281	187.91117044903953	
4.702585477283622	-190.5440437772793	-82.8112844706469	-33.07180259558615	-82.8112844706469	-197.47387172210676	28.026424418671482	-33.07180259558616	28.026424418671485	136.09839387565822	
4.757266703763665	-148.01988513909322	-106.59446170563233	-47.746035360906305	-106.59446170563227	-188.56472708052658	42.58771099070409	-47.74603536090632	42.5877109907041	84.52559239641928	
4.811947930243707	-60.952734213171425	-124.51554582120434	-60.21114905971513	-124.51554582120437	-147.8214543742958	56.30638969366717	-60.21114905971515	56.306389693667185	35.44584146207481	
4.866629156723749	61.17252728656325	-135.42259456419734	-74.32885403116796	-135.4225945641973	-76.01092145125968	65.55854623808234	-74.32885403116798	65.55854623808234	-7.194126048924784	
4.921310383203791	201.50964969409108	-139.3491739755996	-94.29926785334953	-139.34917397559954	20.00454334360728	65.99267657445893	-94.29926785334958	65.99267657445891	-38.96467204530106	
4.975991609683833	339.0292030256965	-136.0197455601376	-121.95498567971113	-136.01974556013758	130.6169046786663	54.82958496099046	-121.95498567971121	54.82958496099042	-56.6173101364	
5.030672836163875	454.0082833271691	-123.87602324327135	-155.3443437774286	-123.87602324327122	246.84031050529424	33.23031557856951	-155.34434377742866	33.230315578569446	-59.22938651087448	
5.085354062643917	533.1574542937228	-101.34869504026489	-189.49069844338612	-101.34869504026469	361.1764011695181	6.990677816083153	-189.49069844338618	6.990677816083077	-48.10234150931913	
5.14003528912396	571.9427287794723	-69.06717250244583	-218.79909452098184	-69.06717250244557	466.3228945699958	-15.591902395561476	-218.799094520982	-15.591902395561561	-25.76257798063883	
5.194716515604002	574.6211291777672	-30.734484057631306	-239.50375281623855	-30.734484057630908	554.6810246154904	-27.834385530828875	-239.50375281623874	-27.834385530828932	5.101644045066738	
5.249397742084044	551.566484617864	8.603073455415174	-250.56739266943697	8.603073455415608	619.3589743009956	-28.31768926359056	-250.5673926694371	-28.31768926359058	41.99951035248119	
5.304078968564086	516.1458211063377	45.482300410289646	-252.73903817342602	45.48230041029013	657.9152255290891	-21.5117098359846	-252.73903817342608	-21.51170983598455	82.34948275788173	
5.358760195044128	480.84005722809695	79.32132535903834	-246.9636303383959	79.32132535903877	673.9359645809551	-14.891104078654323	-246.96363033839583	-14.891104078654237	123.2821300901627	
5.41344142152417	453.6192807054407	110.94077113227868	-233.65249286162282	110.94077113227908	675.2673916450939	-14.544748445035708	-233.65249286162265	-14.54474844503559	161.83380081309093	
5.468122648004212	435.7482392677267	139.6749043930599	-213.2985666257298	139.67490439306027	669.2535114944066	-22.246889662592856	-213.29856662572956	-22.246889662592764	195.27197954402754	
5.5228038744842545	421.92511716669986	161.8776669758951	-187.5888884771612	161.87766697589552	658.1075233169549	-35.78869496226651	-187.5888884771609	-35.78869496226652	221.14398487885853	
5.577485100964297	403.6366495927148	172.21782239435828	-159.65813302013834	172.21782239435876	638.3577236082784	-51.57611410042134	-159.65813302013805	-51.576114100421485	237.13279926797418	
5.632166327444339	373.92220446324245	166.94605810413177	-133.0554388211528	166.94605810413236	603.153938082039	-67.067728234739	-133.0554388211525	-67.06772823473929	241.27978904186796	
5.686847553924381	330.93718939858894	146.51970190118556	-110.11510159789256	146.51970190118632	546.3664407651205	-81.3044289202578	-110.11510159789228	-81.30442892025823	232.7883740855047	
5.741528780404423	277.7656096860301	116.21927531028896	-91.0184804854564	116.21927531028977	465.6585465520878	-93.76868125248663	-91.01848048545611	-93.76868125248717	212.9794956995429	
5.796210006884465	219.76844663926454	84.21610698486754	-74.21052431652141	84.21610698486845	364.9578902072517	-103.26858252728832	-74.21052431652106	-103.26858252728894	185.66361138371224	
5.850891233364507	161.91369397480105	58.23286661239704	-57.802273037628744	58.23286661239786	255.27374897447254	-108.14830248576934	-57.80227303762828	-108.14830248576997	156.54940678717423	
5.905572459844549	107.45131550514682	42.67049132845799	-40.86422673605057	42.670491328458716	153.2436638011402	-107.60805971365127	-40.86422673605001	-107.60805971365187	131.71898128120802	
5.960253686324592	58.57043110622797	37.14876395773928	-23.753579047602805	37.1487639577398	76.97502138813459	-102.96089949287364	-23.753579047602145	-102.9608994928741	115.84799137860732	
6.014934912804634	17.13698524354068	37.5790924604313	-7.510604672792228	37.57909246043157	39.58536000927867	-97.71225478852134	-7.510604672791471	-97.71225478852166	110.81760514232745	
6.069616139284676	-15.21586273871634	38.221888008126115	7.00394721603487	38.22188800812616	44.0073259431218	-96.33475919685904	7.003947216035696	-96.33475919685922	115.31306895183916	
6.1242973657647175	-37.22751229714727	33.83430362483516	19.47802654199324	33.83430362483506	81.77527711592322	-102.37882529899434	19.478026541994105	-102.37882529899439	125.4654516772857	
6.17897859224476	-48.30326186083549	21.139293094260708	29.82939661229875	21.13929309426048	136.86065757796956	-116.81948337125282	29.82939661229961	-116.81948337125274	136.1142880097865	
6.233659818724802	-48.71196036345436	-0.651157116935875	37.613938204840466	-0.6511571169360877	192.11969637796972	-137.38557349660067	37.613938204841276	-137.3855734966005	142.14703201323354	
6.288341045204844	-39.66409464105636	-29.76595085610098	41.743283263387426	-29.7659508561011	234.61525372751925	-159.13224623991277	41.74328326338814	-159.13224623991258	139.4532579555518	
6.3430222716848865	-23.59010718320485	-61.99086364367903	40.748617726567204	-61.99086364367905	258.3215493956337	-176.02527443121755	40.748617726567815	-176.02527443121733	125.57266309391751	
6.397703498164929	-4.334363155121807	-91.19521727072653	33.46985154533449	-91.19521727072639	263.1983912637693	-182.96818229155383	33.46985154533496	-182.96818229155366	100.22834736471117	
6.45238472464497	13.80580174365771	-110.37091394176448	19.77747336778807	-110.37091394176421	253.02085581355993	-177.41734180605408	19.77747336778836	-177.41734180605397	65.6674430858028	
6.507065951125012	27.80887053256719	-113.52946616154507	0.8894008915829752	-113.52946616154472	232.8228434710654	-160.04823655848878	0.8894008915830565	-160.04823655848872	26.55722963030701	
6.561747177605055	37.3401263032591	-98.17859363176495	-20.891435790565566	-98.17859363176457	207.37254765179006	-134.399637845496	-20.891435790565716	-134.399637845496	-10.919565940326583	
6.616428404085097	45.14176739995812	-67.00285702305135	-42.922418344203294	-67.00285702305092	180.85194402016626	-105.80611334858014	-42.922418344203706	-105.80611334858023	-40.713856589194116	
6.671109630565139	55.29352620216678	-27.63002643676333	-63.13020251430664	-27.630026436762922	156.57642215071326	-80.0362633914947	-63.130202514307314	-80.03626339149481	-58.64604762769265	
6.725790857045181	70.75135479684356	10.09700976068649	-80.65598080983405	10.097009760686845	137.23774394358125	-61.88527720373974	-80.65598080983496	-61.885277203739875	-63.51921409825629	
6.780472083525224	92.02985189319638	38.31543220903875	-95.90693639648325	38.31543220903909	124.91537950156474	-53.919881936563314	-95.90693639648434	-53.91988193656344	-57.04191871287377	
6.835153310005265	117.513458625243	54.222509452962115	-110.00742388775018	54.222509452962406	121.1538633035744	-55.67432068483516	-110.00742388775136	-55.674320684835244	-42.68991823978606	
6.889834536485307	145.18022238685762	60.581895350097994	-124.02491726147046	60.58189535009832	126.79781177669126	-63.66141382425593	-124.02491726147164	-63.66141382425598	-24.16705818958757	
6.94451576296535	173.32040943900205	63.243647711622856	-138.42892563651947	63.24364771162329	140.741433019375	-72.45605772182692	-138.4289256365205	-72.45605772182695	-4.237593159425884	
6.999196989445392	200.2242539603547	67.52574863201978	-152.98348281193364	67.52574863202031	158.73858695343057	-76.49283070101802	-152.9834828119344	-76.49283070101802	15.562957130773299	
7.053878215925434	223.4030663301237	75.6966769842974	-166.96647917108308	75.69667698429808	173.23063800022743	-71.90332462452676	-166.96647917108353	-71.90332462452682	34.461364668989034	
7.108559442405476	240.2108864265246	86.59936267408084	-179.39989676293223	86.59936267408155	175.5991657661771	-57.61739344385318	-179.39989676293234	-57.61739344385329	51.714233810058495	
7.163240668885519	249.8487809679587	97.31303993020465	-189.11813958662182	97.31303993020536	160.00963199791693	-35.37678964585155	-189.11813958662162	-35.37678964585174	66.19039190578285	
7.21792189536556	254.78788374596255	105.20889351249852	-194.73936387802888	105.20889351249917	126.79017646235991	-8.821704257449227	-194.73936387802843	-8.821704257449493	76.5348008497992	
7.272603121845602	260.1913390454389	109.2641186046716	-194.75280083872502	109.26411860467212	82.63659978020938	17.875112072349502	-194.75280083872445	17.875112072349143	81.75155794668623	
7.3272843483256445	270.3928125351147	109.77634623030475	-187.8775280609069	109.77634623030512	37.52754035474013	41.32255156613699	-187.87752806090623	41.322551566136525	81.75771637684886	
7.381965574805687	285.2448835175654	107.3501861600403	-173.5920934743426	107.3501861600405	0.16646062566334052	59.78581278452377	-173.5920934743419	59.7858127845232	77.52987559724153	
7.436646801285729	298.90646220909235	102.18970098614395	-152.67754761226522	102.189700986144	-25.373742697784458	73.39799106415707	-152.67754761226453	73.39799106415643	70.77619581569336	
7.491328027765771	302.21807226918077	94.40829075736596	-127.52299703884535	94.40829075736586	-40.3489585880717	83.6426980763836	-127.52299703884471	83.64269807638293	63.32785500580438	
7.5460092542458135	287.7830481930426	85.12259188773044	-101.91354530363336	85.12259188773024	-49.725932298058616	92.3252752741872	-101.91354530363273	92.32527527418658	56.631968523389546	
7.600690480725855	254.22665211114702	76.85940651914491	-80.21782257867885	76.85940651914464	-59.5547847591365	100.47240965209548	-80.21782257867828	100.47240965209498	51.62133565158267	
7.655371707205897	207.47372168861867	72.74603569279759	-66.15867305553226	72.74603569279734	-74.1620111455942	107.67309988073384	-66.15867305553175	107.67309988073353	48.988005586326146	
7.710052933685939	158.45968291619965	74.3430718426996	-61.61371202263816	74.34307184269937	-94.07517688371965	112.19261890448969	-61.61371202263768	112.19261890448963	49.5315675944812	
7.764734160165982	118.93327917927891	79.81546293419603	-65.99022349592938	79.81546293419586	-115.45924373223208	111.74435593443386	-65.99022349592899	111.74435593443403	54.198843783227616	
7.819415386646024	97.1040525974681	83.96327522969857	-76.49469043579914	83.96327522969845	-131.91549646000917	104.52703072434684	-76.49469043579879	104.52703072434721	63.635617023386345	
7.874096613126066	95.37915864420809	80.7650818601462	-89.14388083886844	80.76508186014608	-137.83126765567172	90.05983100403158	-89.14388083886814	90.05983100403215	77.5319653313333	
7.9287778396061075	109.99410907249387	66.81756686291503	-100.06694037384855	66.8175668629149	-132.00466002291378	69.51070568349095	-100.06694037384831	69.51070568349164	94.2860773683465	
7.98345906608615	132.40719971554944	43.381842472782665	-106.5289060408146	43.381842472782516	-118.81177751292998	45.498309859659656	-106.5289060408144	45.49830985966041	111.34185174533278	
8.038140292566192	151.55506018158349	15.60019353740378	-107.29824909925031	15.60019353740363	-105.95111429930445	21.46071668073829	-107.2982490992502	21.46071668073902	126.04025794485506	
8.092821519046234	156.8913360362986	-10.516881622408178	-102.32942032251853	-10.51688162240832	-99.54175996192451	0.7491789207666066	-102.32942032251853	0.7491789207672443	136.41218970129876	
8.147502745526277	141.29411172766663	-31.139126217744064	-92.04893937166081	-31.139126217744174	-99.90428287158272	-14.26519369497637	-92.04893937166096	-14.265193694975876	141.39355115330062	
8.202183972006319	103.6094822813364	-45.3563498565684	-76.70572790625558	-45.356349856568386	-100.65810667993557	-22.707003397771587	-76.7057279062559	-22.70700339777123	140.4216388666484	
8.256865198486361	49.452311471769775	-53.79499464610694	-56.21437176042787	-53.79499464610677	-91.86907810174421	-24.997303996391324	-56.214371760428364	-24.99730399639109	132.88238737729787	
8.311546424966403	-10.609198868872895	-56.3994176616829	-30.66313797876016	-56.399417661682584	-65.23214882478855	-22.060332490640285	-30.663137978760744	-22.060332490640114	118.03229454666968	
8.366227651446446	-64.79850871934157	-51.39070863086529	-1.2432300441766273	-51.39070863086475	-18.329542416700036	-14.536031285156502	-1.2432300441772064	-14.53603128515635	95.60123104890833	
8.420908877926488	-104.40474740294397	-36.318604877376984	29.04717438165502	-36.31860487737623	44.37250123844333	-2.707245490199906	29.04717438165453	-2.7072454901997087	66.70937917885465	
8.475590104406528	-126.34584739574328	-9.85463828523892	55.56357277244085	-9.85463828523794	113.65092262137023	12.683868684542764	55.563572772440516	12.68386868454305	34.3884266328	
8.53027133088657	-132.99686323079635	26.572275359976018	73.2121679624488	26.57227535997717	179.23159540524048	29.427008981081208	73.21216796244866	29.42700898108158	3.202722688713549	
8.584952557366613	-129.2970153760399	68.496471086856	78.14603198302436	68.49647108685726	233.09605378340575	43.66621803604493	78.14603198302437	43.66621803604539	-22.04425241973116	
8.639633783846655	-119.47747284048606	109.5835618762408	69.02115356733455	109.58356187624204	271.06036619129617	51.00902070271023	69.02115356733471	51.009020702710735	-37.85936504521024	
8.694315010326697	-105.08000939124445	143.46713824647333	47.15055513589359	143.46713824647458	292.69869325977476	48.40961602347651	47.150555135893796	48.409616023477014	-43.048711348591375	
8.74899623680674	-85.49170361610835	165.64548669013556	15.644697955813788	165.64548669013666	300.0506069236184	35.58061702409426	15.644697955813998	35.580617024094735	-38.67661859602319	
8.803677463286782	-60.22919130310516	174.30057069322766	-21.682846407890036	174.30057069322868	296.21679334103277	15.00503378348338	-21.682846407889848	15.005033783483784	-27.14424002115346	
8.858358689766824	-31.001237244197995	170.23171737138793	-60.94453804725942	170.2317173713889	284.33295524698053	-9.383871154375475	-60.94453804725927	-9.383871154375198	-10.949367203027876	
8.913039916246866	-2.364321264668156	155.720903043127	-98.25897176410695	155.72090304312786	267.75925054418286	-33.860446949163276	-98.25897176410683	-33.86044694916313	8.171748658503004	
8.967721142726909	19.827062554515166	133.7137185019016	-129.74429806267878	133.7137185019024	250.1799863488295	-55.823096994167365	-129.74429806267875	-55.82309699416739	29.37120543384038	
9.02240236920695	31.04897509136805	107.2424675723749	-151.9161852497918	107.24246757237572	235.8561538644754	-73.63030318598452	-151.91618524979182	-73.63030318598467	52.15975308518324	
9.077083595686993	30.129018691084582	79.38052267283938	-162.48830396261084	79.3805226728402	228.66463282358103	-85.98273889921968	-162.48830396261093	-85.98273889921998	75.64641641359117	
9.131764822167035	19.775670964198042	52.93522166533057	-161.15952357288054	52.93522166533151	231.54445372114395	-91.67961782172463	-161.1595235728807	-91.67961782172503	98.1294015252675	
9.186446048647078	5.071719287731668	29.953462808437365	-149.92327308164397	29.953462808438417	245.7484800900905	-90.11776724086927	-149.9232730816442	-90.11776724086971	117.44716898331185	
9.241127275127118	-9.343507938970713	11.266235027092392	-132.7259799370097	11.266235027093487	269.9749969627291	-81.98360798976101	-132.72597993700998	-81.98360798976145	131.95591830611605	
9.29580850160716	-21.217058146891183	-3.230628676153515	-114.55038951609711	-3.230628676152463	299.75648304240633	-69.42835225552936	-114.5503895160974	-69.42835225552977	141.50371266885847	
9.350489728087203	-30.887564948037088	-14.020644158625899	-100.19734907738304	-14.020644158625004	326.98672097628514	-55.43980182199408	-100.19734907738325	-55.43980182199448	147.6864237112838	
9.405170954567245	-39.51312765239099	-21.543456055029793	-93.0312759011716	-21.54345605502911	341.4963875685921	-42.861895041482114	-93.03127590117172	-42.86189504148249	153.1668055525897	
9.459852181047287	-46.33595824296856	-26.36989045486648	-94.0397206953157	-26.36989045486608	334.38293845588504	-33.726852274881395	-94.03972069531575	-33.72685227488175	160.53179801345487	
9.51453340752733	-47.55123010094338	-29.705444593518465	-101.5334542605315	-29.705444593518322	302.0759324882354	-29.152551407260546	-101.53345426053149	-29.152551407260866	171.4084974196553	
9.569214634007372	-37.31202454561942	-33.401661673225554	-111.66018196471511	-33.401661673225625	248.33917974487045	-29.505288104629855	-111.66018196471501	-29.505288104630118	186.25857719471676	
